0,4.896510,4.413805
1,6.354554,5.186172
2,6.012386,5.675485
3,3.948106,3.807626
4,4.672897,4.507539
5,5.299832,4.944114
6,3.343676,3.353809
7,4.104063,4.020921
8,4.730005,4.324730
9,4.956543,4.284319
10,6.384541,5.061394
11,6.058884,5.498158
12,3.949439,3.745322
13,4.421995,4.458415
14,5.108263,4.841002
15,3.224159,3.351593
16,3.827001,3.848807
17,4.465038,4.320338
18,4.719931,4.364869
19,6.442946,5.154605
20,6.016977,5.641766
21,3.927981,3.762144
22,4.758506,4.521300
23,5.262120,4.972080
24,3.445615,3.332945
25,4.086627,4.032146
26,4.700077,4.328292
27,4.721272,4.280177
28,6.658277,5.160115
29,6.018044,5.490785
30,4.017665,3.721860
31,4.443171,4.416830
32,5.099277,4.815639
33,3.268526,3.340653
34,3.822124,3.947787
35,4.476338,4.293093
36,4.691719,4.373222
37,6.183045,5.160838
38,6.017759,5.729783
39,3.857900,3.812379
40,4.610496,4.537395
41,5.305175,5.044137
42,3.341410,3.396235
43,4.053814,4.010551
44,4.676133,4.344012
45,4.873021,4.442683
46,6.460666,5.119553
47,6.055279,5.672647
48,3.971066,3.797547
49,4.405739,4.473196
50,5.116496,5.014852
51,3.211074,3.394275
52,3.853281,3.950081
53,4.480745,4.520196
54,4.688792,4.376667
55,5.772550,5.141703
56,5.976929,5.708094
57,3.840917,3.771215
58,4.638434,4.534005
59,5.304213,5.010104
60,3.362575,3.381056
61,4.187912,4.008762
62,4.716187,4.375409
63,4.958141,4.347229
64,6.531451,5.142784
65,6.028738,5.660122
66,3.830469,3.799407
67,4.412208,4.424349
68,5.104156,4.997066
69,3.249454,3.377024
70,3.819330,3.811665
71,4.491373,4.487480
72,4.704831,4.392492
73,6.180711,5.246516
74,6.070810,5.763209
75,3.905293,3.839136
76,4.700021,4.600105
77,5.270501,5.087689
78,3.343748,3.418279
79,4.104913,4.039620
80,4.693287,4.391682
81,4.786899,4.359708
82,6.409209,5.156956
83,6.084844,5.732111
84,3.907173,3.839069
85,4.543528,4.485456
86,5.109633,5.047890
87,3.190538,3.411680
88,3.838646,3.943707
89,4.478795,4.545694
90,4.773384,4.389072
91,6.279777,5.142889
92,6.050480,5.643977
93,3.907838,3.812634
94,4.606007,4.531843
95,5.302075,4.988134
96,3.316875,3.370197
97,4.081399,4.000853
98,4.686987,4.350538
99,4.985293,4.367258
100,6.352204,5.163730
101,6.022079,5.634081
102,3.880632,3.764735
103,4.460494,4.467931
104,5.090710,4.971597
105,3.188491,3.391957
106,3.864842,3.941374
107,4.474815,4.586950
108,4.693866,4.439938
109,6.214500,5.330213
110,6.066950,6.137731
111,3.903744,3.869102
112,4.750030,4.649951
113,5.309349,5.317378
114,3.298030,3.420914
115,4.115116,4.104632
116,4.689900,4.565269
117,4.795853,4.404716
118,6.513018,5.251761
119,6.047364,6.055960
120,3.850634,3.845015
121,4.484870,4.573870
122,5.119542,5.234367
123,3.251076,3.411882
124,3.823641,3.990373
125,4.450260,4.611167
126,4.743653,4.350513
127,6.264775,5.189043
128,6.056480,5.893547
129,3.830927,3.790845
130,4.684170,4.536816
131,5.310206,5.206190
132,3.312365,3.319341
133,4.161211,4.012812
134,4.677614,4.499978
135,4.807542,4.285451
136,6.466660,5.115589
137,6.055147,5.849278
138,3.902751,3.761584
139,4.388741,4.436321
140,5.135660,5.108772
141,3.281615,3.340470
142,3.821245,3.913746
143,4.478202,4.585822
144,4.861012,4.458855
145,6.329728,5.297392
146,6.062011,6.130726
147,3.926796,3.916455
148,4.641879,4.647252
149,5.300260,5.321450
150,3.355164,3.422908
151,4.121459,4.123771
152,4.692722,4.558709
153,5.047657,4.408076
154,6.408298,5.278751
155,6.087613,6.088193
156,3.963080,3.861926
157,4.445333,4.590404
158,5.117085,5.206984
159,3.250722,3.411510
160,3.798551,4.036470
161,4.483121,4.711424
162,4.718338,4.365098
163,6.484285,5.214199
164,6.046406,5.932516
165,3.913492,3.794700
166,4.665485,4.556562
167,5.309670,5.201428
168,3.341085,3.344664
169,4.071344,4.023412
170,4.723548,4.379984
171,4.863931,4.290374
172,6.457793,5.137706
173,6.074513,5.859630
174,3.916382,3.766437
175,4.515039,4.450221
176,5.099764,5.106804
177,3.288608,3.342186
178,3.835185,3.860159
179,4.472194,4.531103
180,4.890215,4.985728
181,6.317252,5.657988
182,6.127789,6.418634
183,3.948529,4.176279
184,4.698820,4.748847
185,5.338300,5.298916
186,3.402268,3.543762
187,4.106032,3.976876
188,4.708592,4.379740
189,4.922831,4.955191
190,6.441390,5.586102
191,6.131238,6.343276
192,3.951946,4.130185
193,4.460303,4.658132
194,5.169261,5.205126
195,3.254653,3.524309
196,3.871303,3.892321
197,4.516313,4.500381
198,4.992087,5.100323
199,6.428471,5.812803
200,6.181696,6.578559
201,3.983208,4.221050
202,4.842967,4.869296
203,5.373521,5.458106
204,3.386832,3.603275
205,4.140904,4.126000
206,4.712615,4.549527
207,5.096201,5.039693
208,6.530712,5.720994
209,6.170942,6.460212
210,3.951854,4.211612
211,4.608324,4.755704
212,5.184840,5.326397
213,3.283819,3.598133
214,3.822631,4.076679
215,4.501428,4.592314
216,4.927334,5.018903
217,6.356228,5.723416
218,6.145193,6.443479
219,3.974248,4.239903
220,4.703603,4.775657
221,5.333400,5.342680
222,3.371427,3.530570
223,4.091857,3.963534
224,4.692551,4.401546
225,4.926167,5.050986
226,6.527948,5.672932
227,6.204025,6.393959
228,4.028298,4.199042
229,4.604473,4.698709
230,5.144402,5.237887
231,3.294531,3.555378
232,3.915289,4.000197
233,4.486920,4.483198
234,5.052011,5.141814
235,6.476278,5.819317
236,6.219068,6.539693
237,3.967328,4.260791
238,4.744150,4.816734
239,5.372306,5.429203
240,3.386553,3.551474
241,4.153735,4.024221
242,4.741231,4.453549
243,4.985363,5.066162
244,6.629014,5.788360
245,6.134789,6.501794
246,3.937927,4.235456
247,4.516933,4.783589
248,5.165266,5.369210
249,3.316964,3.593013
250,3.885597,3.989301
251,4.508327,4.591289
252,4.855354,5.147796
253,6.312932,5.885754
254,6.182778,6.558895
255,3.976381,4.306598
256,4.810930,4.882901
257,5.341354,5.486013
258,3.327893,3.624753
259,4.155504,4.080742
260,4.711342,4.483917
261,4.938277,5.149141
262,6.509160,5.787319
263,6.182670,6.599363
264,3.869910,4.263468
265,4.446124,4.831346
266,5.167158,5.375183
267,3.273091,3.617798
268,3.833830,4.084013
269,4.488290,4.609409
270,4.994496,5.135837
271,6.628443,5.866262
272,6.143646,6.621216
273,4.005310,4.313335
274,4.738379,4.873267
275,5.377168,5.466003
276,3.389272,3.633008
277,4.059708,4.109268
278,4.708513,4.509482
279,5.017058,5.151050
280,6.629204,5.835630
281,6.233281,6.606047
282,4.093053,4.286397
283,4.576031,4.812293
284,5.157623,5.414836
285,3.332178,3.637810
286,3.904483,4.100089
287,4.475874,4.555855
288,4.895038,5.250024
289,6.334577,5.939464
290,6.131412,6.829340
291,4.003574,4.266707
292,4.712641,4.930177
293,5.341899,5.607536
294,3.386408,3.619284
295,4.104353,4.110000
296,4.689807,4.676988
297,5.109155,5.200882
298,6.492066,6.038633
299,6.182670,6.747882
300,3.974304,4.293584
301,4.497962,4.891969
302,5.171968,5.510768
303,3.239571,3.614602
304,3.886355,4.126031
305,4.518899,4.701614
306,4.969136,5.109038
307,6.413463,5.904214
308,6.175857,6.586205
309,4.059023,4.248158
310,4.797658,4.830032
311,5.373852,5.429117
312,3.356355,3.506909
313,4.103541,4.084888
314,4.718639,4.568285
315,5.012079,5.100437
316,6.764738,5.799888
317,6.175847,6.570731
318,4.064967,4.199047
319,4.488431,4.718710
320,5.159129,5.404579
321,3.298993,3.556028
322,3.869040,4.045116
323,4.508586,4.623820
324,4.844569,5.258119
325,6.315884,6.031683
326,6.176351,6.859979
327,3.917642,4.329854
328,4.783431,4.963665
329,5.306561,5.622369
330,3.349699,3.645023
331,4.151114,4.140503
332,4.718946,4.673922
333,4.889952,5.172297
334,6.483739,5.959505
335,6.172297,6.792399
336,3.983897,4.323804
337,4.543286,4.853917
338,5.142704,5.499537
339,3.237022,3.634176
340,3.816459,4.172344
341,4.501772,4.732081
342,4.942753,5.133642
343,6.402047,5.880398
344,6.120844,6.538547
345,3.917127,4.198296
346,4.706757,4.835361
347,5.368555,5.449945
348,3.362666,3.539959
349,4.077051,4.027367
350,4.699188,4.553164
351,5.042999,5.090121
352,6.532623,5.975712
353,6.176980,6.614629
354,3.942438,4.194852
355,4.557262,4.768663
356,5.113039,5.402081
357,3.364305,3.528215
358,3.880851,4.069034
359,4.473819,4.619471
360,5.109640,5.002620
361,6.409812,5.826803
362,6.090498,6.458243
363,3.956063,4.190348
364,4.684748,4.710083
365,5.340263,5.324040
366,3.321131,3.571830
367,4.113415,4.001314
368,4.683196,4.458354
369,5.115317,5.023794
370,6.486290,5.572404
371,6.180167,6.365407
372,3.945004,4.177570
373,4.458911,4.681622
374,5.144701,5.230377
375,3.211437,3.519852
376,3.852874,3.988756
377,4.497469,4.422305
378,4.971078,5.120690
379,6.580490,5.798522
380,6.143646,6.572568
381,3.916040,4.230491
382,4.732623,4.851211
383,5.369327,5.436067
384,3.347412,3.604226
385,4.079674,4.151330
386,4.708322,4.550970
387,5.216515,5.087895
388,6.460565,5.766129
389,6.236336,6.498844
390,3.944750,4.221790
391,4.568192,4.796222
392,5.162749,5.356970
393,3.349699,3.599127
394,3.888909,4.069929
395,4.521061,4.572249
396,4.864017,5.065949
397,6.429909,5.781117
398,6.103075,6.482676
399,4.006432,4.225099
400,4.805960,4.763533
401,5.335358,5.365301
402,3.329677,3.568351
403,4.087760,4.023729
404,4.714380,4.458585
405,4.914907,5.062468
406,6.627476,5.708357
407,6.146161,6.399078
408,3.892477,4.209805
409,4.548245,4.707540
410,5.136223,5.256717
411,3.273349,3.574420
412,3.808126,3.935227
413,4.489575,4.522866
414,4.942593,5.119898
415,6.385446,5.858687
416,6.130524,6.561809
417,4.026589,4.279507
418,4.734653,4.822473
419,5.373631,5.457685
420,3.322755,3.615997
421,4.115592,4.060038
422,4.689937,4.506444
423,5.060383,5.127146
424,6.785066,5.841230
425,6.180382,6.551932
426,4.073242,4.224483
427,4.501058,4.785157
428,5.152607,5.373401
429,3.284340,3.615680
430,3.858677,3.992410
431,4.502547,4.554979
432,4.990306,5.122149
433,6.586632,5.921491
434,6.144565,6.648865
435,3.941778,4.288101
436,4.774476,4.875775
437,5.341136,5.505726
438,3.333072,3.643355
439,4.069702,4.087649
440,4.686782,4.511071
441,5.086346,5.147393
442,6.696753,5.819894
443,6.124175,6.561369
444,3.901242,4.302251
445,4.457023,4.787928
446,5.109664,5.388006
447,3.236683,3.651564
448,3.822962,4.078283
449,4.498760,4.629280
450,5.120808,5.185645
451,6.539712,5.953523
452,6.122979,6.639730
453,3.988405,4.345409
454,4.747664,4.845231
455,5.374846,5.476172
456,3.379869,3.654977
457,4.151527,4.079768
458,4.673631,4.474474
459,4.976040,5.138618
460,6.638672,5.884387
461,6.191368,6.574038
462,3.931432,4.280998
463,4.582321,4.858258
464,5.125886,5.414782
465,3.291651,3.643538
466,3.822154,4.099698
467,4.482049,4.600797
468,4.937297,5.226462
469,6.338786,5.997042
470,6.100081,6.796036
471,3.857908,4.320105
472,4.729355,4.955414
473,5.342009,5.582094
474,3.368593,3.624816
475,4.059641,4.137824
476,4.637585,4.615544
477,5.002679,5.203496
478,6.483611,5.985395
479,6.122195,6.781235
480,3.899666,4.289816
481,4.450478,4.889129
482,5.131844,5.452237
483,3.233483,3.607537
484,3.825390,4.068239
485,4.472023,4.639868
486,5.166207,5.154288
487,6.348577,5.915137
488,6.135312,6.644062
489,4.076245,4.233125
490,4.789092,4.827565
491,5.376947,5.476858
492,3.360062,3.532741
493,4.110571,3.998439
494,4.714430,4.506017
495,5.242849,5.167895
496,6.676384,5.869600
497,6.189850,6.599747
498,3.960701,4.189837
499,4.486619,4.765680
500,5.161844,5.313532
501,3.305314,3.538823
502,3.919726,4.045438
503,4.485831,4.546248
504,4.968709,5.184171
505,6.351443,6.020025
506,6.103075,6.825633
507,3.987994,4.319587
508,4.662944,4.967875
509,5.338845,5.597146
510,3.322035,3.615823
511,4.060565,4.135260
512,4.692456,4.606468
513,5.017146,5.239921
514,6.516511,5.951653
515,6.136825,6.770929
516,3.909821,4.325760
517,4.479986,4.905664
518,5.132441,5.506886
519,3.227207,3.632499
520,3.828875,4.165539
521,4.470741,4.717609
522,4.966227,5.161764
523,6.398470,5.873420
524,6.165349,6.652850
525,4.005842,4.231837
526,4.722297,4.804637
527,5.334352,5.433671
528,3.323565,3.532139
529,4.159698,4.055473
530,4.678833,4.546626
531,5.064580,5.125978
532,6.645814,5.866769
533,6.177484,6.550628
534,3.981110,4.205144
535,4.485009,4.786255
536,5.131784,5.393067
537,3.292796,3.538645
538,3.869957,4.028220
539,4.477159,4.614590
540,5.000688,4.982732
541,6.324430,5.701617
542,6.138670,6.410986
543,3.931192,4.178660
544,4.715661,4.723008
545,5.342555,5.315870
546,3.347713,3.553157
547,4.053099,3.988704
548,4.686594,4.361910
549,4.887217,4.953302
550,6.460866,5.658947
551,6.180042,6.359131
552,3.965676,4.205918
553,4.483802,4.690328
554,5.132639,5.228288
555,3.213815,3.545136
556,3.858948,3.980955
557,4.490260,4.471829
558,5.155391,5.120389
559,6.424317,5.834197
560,6.126875,6.517015
561,4.052495,4.248574
562,4.680011,4.825285
563,5.375731,5.425479
564,3.336129,3.611315
565,4.103204,4.124465
566,4.654392,4.519639
567,4.967873,5.097727
568,6.596792,5.785903
569,6.132912,6.478596
570,4.047053,4.232538
571,4.489741,4.782961
572,5.156619,5.349212
573,3.284561,3.614742
574,3.873153,4.049657
575,4.502978,4.567280
576,5.039510,5.101267
577,6.423416,5.692824
578,6.128163,6.436423
579,4.007205,4.232273
580,4.659311,4.748194
581,5.334379,5.339006
582,3.334958,3.570850
583,4.092137,3.955596
584,4.695962,4.392080
585,4.921502,5.074537
586,6.638070,5.679823
587,6.083784,6.435266
588,3.952174,4.231260
589,4.499671,4.710629
590,5.134032,5.247388
591,3.223406,3.567116
592,3.800874,3.987764
593,4.486493,4.447896
594,5.155739,5.122250
595,6.374959,5.862782
596,6.135059,6.579444
597,4.036013,4.278595
598,4.736685,4.827139
599,5.371865,5.421165
600,3.353175,3.608366
601,4.102261,4.063076
602,4.717299,4.442191
603,5.037176,5.144745
604,6.533182,5.809615
605,6.184923,6.537376
606,3.972460,4.271836
607,4.488633,4.787728
608,5.164360,5.343421
609,3.254280,3.610469
610,3.824910,3.974611
611,4.503840,4.540796
612,4.983085,5.161895
613,6.610026,5.922584
614,6.175470,6.699128
615,3.846741,4.307162
616,4.717340,4.888089
617,5.336992,5.495333
618,3.354675,3.655421
619,4.132604,4.065192
620,4.721041,4.537320
621,4.934764,5.136839
622,6.551849,5.853742
623,6.179542,6.618944
624,4.054888,4.305410
625,4.449686,4.819264
626,5.136322,5.372851
627,3.222405,3.648696
628,3.902934,4.060485
629,4.506514,4.559202
630,4.913580,5.186925
631,6.374603,5.923840
632,6.172815,6.642354
633,4.011157,4.324617
634,4.838514,4.898864
635,5.373521,5.468091
636,3.394748,3.610585
637,4.190384,4.099013
638,4.689429,4.531946
639,5.168830,5.177907
640,6.600785,5.875900
641,6.241180,6.593502
642,3.971876,4.280320
643,4.497212,4.842373
644,5.156819,5.389510
645,3.301975,3.662695
646,3.912598,4.104336
647,4.520627,4.415378
648,4.864481,5.221440
649,6.363267,6.045705
650,6.198206,6.840848
651,3.895394,4.304914
652,4.702490,4.917834
653,5.237245,5.574786
654,3.325577,3.613344
655,4.071527,4.161094
656,4.721612,4.651639
657,4.904802,5.249801
658,6.466478,5.967250
659,6.191445,6.736045
660,4.001247,4.280122
661,4.560724,4.894040
662,5.126382,5.491537
663,3.218478,3.613531
664,3.905701,4.100716
665,4.491803,4.697207
666,5.002023,5.171814
667,6.428645,5.913558
668,6.161654,6.660077
669,4.023565,4.219995
670,4.855429,4.810891
671,5.377721,5.408508
672,3.380326,3.547315
673,4.095675,4.050496
674,4.711565,4.491005
675,5.221420,5.077893
676,6.594323,5.875412
677,6.133913,6.595039
678,4.021675,4.208436
679,4.503194,4.763236
680,5.159833,5.378714
681,3.239123,3.526280
682,3.891444,4.054882
683,4.502720,4.559703
684,5.111847,5.222387
685,6.355878,6.081863
686,6.204044,6.827196
687,3.989699,4.335938
688,4.750502,4.957311
689,5.340372,5.574424
690,3.294377,3.614582
691,4.074409,4.159309
692,4.689807,4.582296
693,4.966065,5.216424
694,6.499443,5.987273
695,6.175043,6.780332
696,3.933607,4.305381
697,4.421062,4.864249
698,5.178698,5.516378
699,3.225015,3.607977
700,3.852308,4.143353
701,4.492918,4.699038
702,4.909918,5.168218
703,6.377795,5.912870
704,6.123230,6.659923
705,3.969543,4.245089
706,4.736910,4.820332
707,5.338628,5.434369
708,3.380618,3.529150
709,4.100378,3.976419
710,4.711565,4.496921
711,5.009924,5.135787
712,6.568787,5.992714
713,6.135665,6.612817
714,4.033523,4.203797
715,4.485612,4.772847
716,5.163252,5.386592
717,3.332625,3.547674
718,3.928401,4.059291
719,4.511526,4.541147
720,4.721235,4.207648
721,6.547982,5.038077
722,6.020509,5.440751
723,3.839087,3.729425
724,4.719319,4.406278
725,5.301327,4.738779
726,3.359301,3.251688
727,4.120432,3.901980
728,4.686987,4.343257
729,4.752872,4.349223
730,6.430297,5.055671
731,6.051799,5.429759
732,3.881664,3.725441
733,4.408537,4.429239
734,5.120230,4.701177
735,3.188900,3.326097
736,3.822762,3.910399
737,4.457510,4.243399
738,4.922289,4.213633
739,6.377659,5.076534
740,6.013895,5.401580
741,3.848795,3.702546
742,4.693954,4.380601
743,5.299726,4.753962
744,3.309541,3.180958
745,4.095796,3.875723
746,4.702628,4.331098
747,4.929545,4.255455
748,6.515511,5.055658
749,5.886560,5.443783
750,4.041106,3.709336
751,4.494180,4.414348
752,5.067251,4.721145
753,3.146016,3.331180
754,3.797531,3.932114
755,4.451859,4.173070
756,4.687784,4.305512
757,6.490417,5.184545
758,6.115806,5.507620
759,3.912382,3.767206
760,4.727685,4.440368
761,5.299512,4.853851
762,3.327388,3.262625
763,4.139703,3.908529
764,4.698284,4.349827
765,4.916783,4.317974
766,6.581151,5.130012
767,6.042458,5.685799
768,3.852607,3.779430
769,4.413368,4.473254
770,5.116693,4.886567
771,3.198013,3.376454
772,3.804793,3.929998
773,4.454303,4.512011
774,4.913329,4.297690
775,5.712676,5.306168
776,5.953740,5.518244
777,4.029301,3.771842
778,4.683313,4.421625
779,5.298766,4.822698
780,3.328540,3.273677
781,4.106685,3.950636
782,4.694794,4.329927
783,4.767119,4.363881
784,6.422155,5.195319
785,6.024456,5.656698
786,3.851854,3.749304
787,4.403716,4.399896
788,5.096158,4.890517
789,3.269513,3.290234
790,3.823002,3.929153
791,4.448829,4.558290
792,4.748924,4.306726
793,6.280973,5.177971
794,6.116778,5.583006
795,3.979545,3.797133
796,4.614887,4.516675
797,5.304854,4.894814
798,3.343299,3.376531
799,4.053905,3.955487
800,4.691499,4.376911
801,4.762449,4.355347
802,6.417565,5.147553
803,6.093520,5.688352
804,3.916580,3.813986
805,4.537273,4.442582
806,5.125445,4.916899
807,3.187182,3.321217
808,3.845505,3.944330
809,4.460721,4.532349
810,4.685626,4.336199
811,6.203974,5.162485
812,5.999412,5.526622
813,3.827502,3.772253
814,4.728580,4.441049
815,5.301754,4.803061
816,3.318378,3.249910
817,4.068137,3.883133
818,4.691404,4.300906
819,5.033739,4.328545
820,6.578917,5.174804
821,5.932809,5.580616
822,3.987945,3.778870
823,4.399001,4.430787
824,5.097230,4.857098
825,3.245470,3.352381
826,3.820846,3.765073
827,4.448408,4.421735
828,4.708663,4.406303
829,6.374488,5.310071
830,6.065624,5.840801
831,3.943527,3.831563
832,4.748112,4.561809
833,5.304319,5.042958
834,3.353497,3.376593
835,4.073914,3.952336
836,4.694794,4.456812
837,4.822461,4.383732
838,6.432413,5.271493
839,6.050840,6.106922
840,3.900654,3.826765
841,4.505713,4.544153
842,5.106112,5.287925
843,3.287225,3.390275
844,3.904772,3.948763
845,4.482697,4.676572
846,4.727037,4.306848
847,6.413820,5.411619
848,6.050720,5.663844
849,3.906750,3.754619
850,4.628558,4.420307
851,5.302289,4.868958
852,3.302238,3.236509
853,4.117633,3.903385
854,4.688866,4.383158
855,4.773678,4.275756
856,6.407267,5.138232
857,6.065293,5.911569
858,3.859074,3.745612
859,4.420997,4.432679
860,5.093141,5.158893
861,3.238930,3.250834
862,3.892723,3.879690
863,4.471941,4.559357
864,4.845870,4.391359
865,6.505486,5.272100
866,6.084964,5.964907
867,3.920946,3.841927
868,4.631559,4.534375
869,5.235749,5.043926
870,3.296805,3.305442
871,4.091226,3.849324
872,4.699038,4.493088
873,4.774569,4.386540
874,6.447509,5.259497
875,6.043893,6.135640
876,3.850418,3.828326
877,4.413368,4.574784
878,5.107676,5.281323
879,3.187346,3.385457
880,3.821644,3.892852
881,4.465123,4.734461
882,4.965502,4.462571
883,6.203807,5.140598
884,6.011671,5.663282
885,3.835862,3.760818
886,4.742033,4.414006
887,5.298339,4.898151
888,3.326238,3.314052
889,4.143154,3.857431
890,4.714274,4.354955
891,4.785708,4.403864
892,6.383128,5.131940
893,6.082920,5.876961
894,3.884506,3.743307
895,4.402079,4.430872
896,5.099179,5.143503
897,3.193409,3.249974
898,3.816860,3.779159
899,4.447063,4.530641
900,4.902124,4.927148
901,6.333898,5.710996
902,6.156640,6.406431
903,3.902657,4.123045
904,4.727685,4.721794
905,5.337864,5.250976
906,3.354675,3.444663
907,4.120712,3.893321
908,4.706508,4.427341
909,4.899914,4.964602
910,6.461952,5.610037
911,6.173045,6.401350
912,3.979384,4.118279
913,4.464584,4.657074
914,5.188169,5.198732
915,3.264489,3.518481
916,3.889741,3.912305
917,4.467326,4.414987
918,5.033225,5.028387
919,6.554499,5.866900
920,6.128259,6.529593
921,3.981354,4.204849
922,4.765429,4.772433
923,5.372858,5.359697
924,3.358131,3.558506
925,4.122753,3.987479
926,4.705083,4.522362
927,4.995640,5.012245
928,6.565643,5.779356
929,6.180004,6.528362
930,4.037678,4.101086
931,4.592317,4.757257
932,5.123692,5.258098
933,3.313778,3.472851
934,3.888019,4.037235
935,4.515769,4.495856
936,4.893482,4.984236
937,6.375193,5.749867
938,6.123672,6.387048
939,3.953806,4.197492
940,4.697931,4.735320
941,5.342991,5.283959
942,3.319711,3.446036
943,4.073486,3.955005
944,4.686971,4.473809
945,4.911271,5.013842
946,6.535521,5.678511
947,6.168805,6.390298
948,3.885650,4.157252
949,4.460204,4.681237
950,5.141007,5.210300
951,3.248355,3.466847
952,3.914883,3.923710
953,4.489489,4.498106
954,5.000385,5.047781
955,6.437319,5.892233
956,6.136573,6.562379
957,4.003367,4.237503
958,4.715077,4.781260
959,5.371644,5.409068
960,3.370926,3.458717
961,4.142910,4.040224
962,4.708036,4.547721
963,5.180055,5.075087
964,6.586820,5.791802
965,6.132287,6.579002
966,3.965214,4.178341
967,4.483903,4.772338
968,5.157522,5.256715
969,3.277759,3.592660
970,3.800362,3.969942
971,4.511439,4.453135
972,5.050760,5.071615
973,6.312924,5.902247
974,6.139923,6.654709
975,3.932209,4.276784
976,4.712081,4.863778
977,5.342773,5.426620
978,3.343029,3.615594
979,4.115664,4.021339
980,4.711342,4.584529
981,5.061395,5.065169
982,6.443368,5.838309
983,6.117622,6.612590
984,4.051291,4.255702
985,4.465382,4.794693
986,5.181817,5.385545
987,3.293221,3.612404
988,3.824257,4.054489
989,4.502634,4.428624
990,5.083471,5.104503
991,6.542933,5.947752
992,6.177505,6.636023
993,3.913671,4.196072
994,4.800085,4.840380
995,5.369548,5.435535
996,3.389642,3.531234
997,4.118311,3.987632
998,4.704893,4.564450
999,5.265098,5.142676
1000,6.636067,5.895296
1001,6.192000,6.621810
1002,4.050213,4.237013
1003,4.517338,4.817097
1004,5.185243,5.349255
1005,3.362384,3.554991
1006,3.888999,4.061274
1007,4.482736,4.545936
1008,4.875492,5.143669
1009,6.372200,6.055044
1010,6.182525,6.838953
1011,4.004159,4.292080
1012,4.729810,4.929723
1013,5.377153,5.555830
1014,3.347527,3.602680
1015,4.130766,4.074287
1016,4.713905,4.691519
1017,4.998088,5.109963
1018,6.498528,5.973009
1019,6.182294,6.787563
1020,3.933245,4.274430
1021,4.487236,4.862313
1022,5.168860,5.499907
1023,3.300591,3.542622
1024,3.895383,4.109433
1025,4.548142,4.645639
1026,5.004591,5.076697
1027,6.491216,5.935027
1028,6.226352,6.643140
1029,4.026167,4.210758
1030,4.876651,4.770310
1031,5.372747,5.397170
1032,3.397336,3.512525
1033,4.234515,3.967622
1034,4.736814,4.560806
1035,5.009080,5.051690
1036,6.518168,5.844685
1037,6.200362,6.614651
1038,4.086338,4.196038
1039,4.524647,4.714332
1040,5.230213,5.335152
1041,3.296805,3.523791
1042,3.888717,4.039155
1043,4.561736,4.605325
1044,4.873948,5.159914
1045,6.384049,6.050737
1046,6.137292,6.862164
1047,3.946708,4.301036
1048,4.722216,4.915453
1049,5.405253,5.549229
1050,3.392038,3.546251
1051,4.153186,4.142555
1052,4.720850,4.689919
1053,5.031434,5.156211
1054,6.638259,6.126335
1055,6.092782,6.815687
1056,4.044353,4.264993
1057,4.514235,4.895483
1058,5.203248,5.514156
1059,3.257811,3.593697
1060,3.958726,4.069652
1061,4.548142,4.722075
1062,5.067230,5.081311
1063,6.529418,5.902439
1064,6.174589,6.682553
1065,4.022856,4.178212
1066,4.774181,4.826245
1067,5.408094,5.379787
1068,3.395724,3.511860
1069,4.183960,4.008673
1070,4.773378,4.515898
1071,5.229022,5.067556
1072,6.604729,5.866771
1073,6.136667,6.619842
1074,4.059900,4.181074
1075,4.528820,4.773616
1076,5.195851,5.387321
1077,3.372909,3.456115
1078,3.873681,4.007961
1079,4.537438,4.553286
1080,4.923234,4.918270
1081,6.400833,5.712947
1082,6.137918,6.465041
1083,3.931192,4.136996
1084,4.716203,4.712421
1085,5.376934,5.249458
1086,3.356876,3.516065
1087,4.149129,3.912025
1088,4.751784,4.440870
1089,4.934605,4.955132
1090,6.732814,5.645185
1091,6.132851,6.438298
1092,4.046385,4.117576
1093,4.481842,4.653708
1094,5.211834,5.229836
1095,3.208666,3.518428
1096,3.854612,3.904136
1097,4.552926,4.487224
1098,5.144496,5.034209
1099,6.422745,5.979122
1100,6.174842,6.563937
1101,4.054049,4.201823
1102,4.760205,4.809392
1103,5.406539,5.382688
1104,3.420066,3.481481
1105,4.154514,4.056350
1106,4.731354,4.534945
1107,5.048669,5.024773
1108,6.628043,5.806716
1109,6.171948,6.547674
1110,4.017312,4.190756
1111,4.526376,4.728283
1112,5.236130,5.346872
1113,3.340638,3.490864
1114,3.873252,3.992958
1115,4.570844,4.561808
1116,4.912230,5.033037
1117,6.455465,5.750759
1118,6.151980,6.464543
1119,4.010255,4.229775
1120,4.726680,4.756233
1121,5.304286,5.327366
1122,3.373910,3.493800
1123,4.143022,3.933040
1124,4.743737,4.455636
1125,4.910323,5.032892
1126,6.548720,5.686985
1127,6.147283,6.416432
1128,4.011956,4.155509
1129,4.573019,4.718793
1130,5.167057,5.250424
1131,3.299807,3.558983
1132,3.893241,3.974140
1133,4.544149,4.438693
1134,5.050926,5.101842
1135,6.701771,5.896648
1136,6.177125,6.558243
1137,4.058733,4.229838
1138,4.757600,4.814305
1139,5.406539,5.359912
1140,3.395724,3.566397
1141,4.194094,4.021256
1142,4.732407,4.536334
1143,5.143061,5.095373
1144,6.721139,5.822192
1145,6.186691,6.545120
1146,4.037202,4.221057
1147,4.526275,4.789452
1148,5.194738,5.381006
1149,3.334756,3.583097
1150,3.893137,4.057885
1151,4.554058,4.425399
1152,4.948413,5.055814
1153,6.420533,5.911640
1154,6.137292,6.635877
1155,3.967397,4.258040
1156,4.730257,4.850177
1157,5.374299,5.442407
1158,3.339656,3.595630
1159,4.157935,4.077000
1160,4.750825,4.564447
1161,4.967105,5.119533
1162,6.708150,5.820750
1163,6.129502,6.609534
1164,3.926988,4.287491
1165,4.537870,4.750567
1166,5.169461,5.362107
1167,3.261575,3.563689
1168,3.959748,4.046259
1169,4.575289,4.558157
1170,4.986263,5.174948
1171,6.475915,5.943276
1172,6.173702,6.635771
1173,3.990217,4.281768
1174,4.732736,4.851801
1175,5.405984,5.427522
1176,3.394157,3.545894
1177,4.193321,4.031974
1178,4.798313,4.562413
1179,5.034020,5.132514
1180,6.621438,5.878292
1181,6.181643,6.582154
1182,3.995517,4.265640
1183,4.525461,4.736590
1184,5.195648,5.341465
1185,3.391210,3.549184
1186,3.963724,3.995069
1187,4.528757,4.467398
1188,4.901433,5.146582
1189,6.388609,6.036235
1190,6.180382,6.856584
1191,3.986561,4.325038
1192,4.848116,4.946460
1193,5.374299,5.538517
1194,3.369272,3.559729
1195,4.187119,4.081298
1196,4.776043,4.696072
1197,5.120013,5.122941
1198,6.559618,5.950785
1199,6.128263,6.770008
1200,4.047102,4.253671
1201,4.539204,4.876941
1202,5.175079,5.493206
1203,3.303121,3.546790
1204,3.960856,4.144011
1205,4.549967,4.683228
1206,5.060229,5.060085
1207,6.480461,5.910046
1208,6.239043,6.649549
1209,4.082928,4.213306
1210,4.769741,4.806232
1211,5.408873,5.414285
1212,3.400033,3.467773
1213,4.208852,4.007240
1214,4.732024,4.575564
1215,4.989631,5.049638
1216,6.582686,5.849191
1217,6.176728,6.603993
1218,4.034841,4.179466
1219,4.521193,4.788072
1220,5.185444,5.344573
1221,3.296805,3.533206
1222,3.892156,3.974679
1223,4.529190,4.629796
1224,5.068398,5.141513
1225,6.363941,6.056639
1226,6.131912,6.880662
1227,3.934805,4.298650
1228,4.793521,4.931640
1229,5.382432,5.569283
1230,3.332715,3.576809
1231,4.143532,4.074385
1232,4.710678,4.703486
1233,5.010296,5.170863
1234,6.743161,5.963856
1235,6.133844,6.811160
1236,3.914492,4.292676
1237,4.582911,4.892485
1238,5.190289,5.426539
1239,3.343229,3.551144
1240,3.850122,4.029201
1241,4.553883,4.638988
1242,5.039014,5.041886
1243,6.574247,5.869947
1244,6.170156,6.649933
1245,4.037321,4.216298
1246,4.879934,4.810488
1247,5.407761,5.391243
1248,3.392222,3.435612
1249,4.145020,3.996054
1250,4.742577,4.576951
1251,5.178766,5.095139
1252,6.628610,5.859222
1253,6.175596,6.636346
1254,4.129203,4.192788
1255,4.582314,4.790740
1256,5.154812,5.297493
1257,3.304693,3.521645
1258,3.969680,3.961264
1259,4.530924,4.535870
1260,4.941313,4.917846
1261,6.398704,5.716566
1262,6.134038,6.452762
1263,3.943479,4.142661
1264,4.765763,4.731791
1265,5.343537,5.279980
1266,3.319091,3.493271
1267,4.133735,3.941971
1268,4.694919,4.471642
1269,4.925690,4.949685
1270,6.522273,5.583781
1271,6.125660,6.373513
1272,3.941436,4.138915
1273,4.479848,4.646951
1274,5.169261,5.206451
1275,3.277495,3.523080
1276,3.862068,3.943161
1277,4.521489,4.439032
1278,5.039504,5.006333
1279,6.407242,5.854114
1280,6.182458,6.548497
1281,4.079766,4.222916
1282,4.726205,4.826666
1283,5.371534,5.403584
1284,3.393902,3.492113
1285,4.146542,4.042911
1286,4.704988,4.538455
1287,5.050005,5.061403
1288,6.658406,5.760554
1289,6.198586,6.545218
1290,4.022974,4.202865
1291,4.523021,4.779150
1292,5.159129,5.360514
1293,3.350784,3.571384
1294,3.909528,4.045116
1295,4.530750,4.602500
1296,4.849802,4.973930
1297,6.583062,5.765553
1298,6.142056,6.493156
1299,3.973612,4.166657
1300,4.756130,4.743015
1301,5.372324,5.320441
1302,3.348977,3.466243
1303,4.099977,3.978166
1304,4.689994,4.470016
1305,4.916490,5.038617
1306,6.546831,5.658401
1307,6.184173,6.436732
1308,3.974996,4.174962
1309,4.485137,4.707163
1310,5.165856,5.201617
1311,3.230279,3.476573
1312,3.919762,3.957125
1313,4.532919,4.438415
1314,5.046667,5.078601
1315,6.422388,5.893583
1316,6.174209,6.562734
1317,4.058944,4.252793
1318,4.744490,4.801823
1319,5.371423,5.392331
1320,3.379039,3.503741
1321,4.133833,3.884276
1322,4.702514,4.537079
1323,5.019385,5.090392
1324,6.618177,5.831406
1325,6.232390,6.556870
1326,3.986592,4.169177
1327,4.521716,4.752971
1328,5.163655,5.318018
1329,3.309276,3.583041
1330,3.855422,3.970957
1331,4.527890,4.447586
1332,4.884160,5.058927
1333,6.298340,5.907908
1334,6.202774,6.638474
1335,3.898519,4.295557
1336,4.794093,4.879431
1337,5.235426,5.462379
1338,3.347713,3.585272
1339,4.122329,4.035597
1340,4.738483,4.590831
1341,4.945796,5.086257
1342,6.440311,5.823078
1343,6.183421,6.610428
1344,3.951832,4.251735
1345,4.506116,4.823400
1346,5.136223,5.334004
1347,3.230111,3.597501
1348,3.935434,4.042618
1349,4.516743,4.576651
1350,4.954302,5.088803
1351,6.432979,5.954385
1352,6.228399,6.626545
1353,4.010138,4.248119
1354,4.736910,4.875235
1355,5.378163,5.446235
1356,3.388533,3.554504
1357,4.159522,4.034729
1358,4.744405,4.580884
1359,5.011582,5.113393
1360,6.707376,5.880529
1361,6.178113,6.619116
1362,4.048896,4.244150
1363,4.499235,4.797156
1364,5.198586,5.410989
1365,3.280091,3.552961
1366,3.967700,3.995531
1367,4.543797,4.429553
1368,5.049103,5.144389
1369,6.566951,6.032437
1370,6.182021,6.837529
1371,3.979499,4.322639
1372,4.746760,4.949233
1373,5.339827,5.521509
1374,3.339524,3.576166
1375,4.142966,4.058292
1376,4.720469,4.646770
1377,5.094153,5.126841
1378,6.533855,5.936721
1379,6.174293,6.801013
1380,4.023565,4.291177
1381,4.467324,4.892298
1382,5.169662,5.452848
1383,3.262600,3.618032
1384,3.883467,4.117152
1385,4.511578,4.743431
1386,5.036179,5.089680
1387,6.432257,5.910288
1388,6.184112,6.636043
1389,4.040656,4.206593
1390,4.808270,4.821551
1391,5.371423,5.406647
1392,3.358847,3.452418
1393,4.126470,4.007968
1394,4.715100,4.583885
1395,5.111378,5.041786
1396,6.524065,5.837948
1397,6.181643,6.614866
1398,4.099545,4.191137
1399,4.542717,4.772495
1400,5.189279,5.405720
1401,3.307753,3.543527
1402,3.955944,4.055363
1403,4.529710,4.508422
1404,4.843801,5.156878
1405,6.393351,6.030905
1406,6.185428,6.848400
1407,3.968202,4.318032
1408,4.714542,4.934201
1409,5.376055,5.567537
1410,3.314839,3.550892
1411,4.143404,4.064781
1412,4.714096,4.704720
1413,4.914749,5.183711
1414,6.504939,5.976782
1415,6.132479,6.808896
1416,3.999717,4.291811
1417,4.489037,4.874296
1418,5.175079,5.429231
1419,3.261575,3.551254
1420,3.931965,4.081043
1421,4.515107,4.656415
1422,5.099140,5.073053
1423,6.659430,5.894266
1424,6.176618,6.645185
1425,3.978424,4.219650
1426,4.766115,4.815910
1427,5.371202,5.387618
1428,3.397336,3.423267
1429,4.127318,3.950175
1430,4.705654,4.517898
1431,4.997696,5.062841
1432,6.640459,5.837626
1433,6.235827,6.615713
1434,4.001719,4.184992
1435,4.497515,4.784556
1436,5.185545,5.406748
1437,3.312629,3.503197
1438,3.911412,4.044475
1439,4.544058,4.604248
1440,4.893591,4.242079
1441,6.197476,5.044589
1442,6.046526,5.581820
1443,3.841456,3.711152
1444,4.685596,4.422127
1445,5.323887,4.947414
1446,3.401175,3.332645
1447,4.042746,3.982169
1448,4.694615,4.233974
1449,4.924653,4.244534
1450,6.409739,4.985195
1451,5.995121,5.499935
1452,3.903966,3.709703
1453,4.400172,4.368388
1454,5.089739,4.713389
1455,3.180338,3.304413
1456,3.861008,3.863377
1457,4.472954,4.314233
1458,4.702762,4.284897
1459,6.184190,5.097192
1460,6.035888,5.614007
1461,3.951612,3.729086
1462,4.774652,4.546664
1463,5.291095,4.962195
1464,3.352375,3.333444
1465,4.118285,4.038749
1466,4.709462,4.331635
1467,4.876574,4.265629
1468,6.443660,5.040195
1469,5.990651,5.476767
1470,3.932572,3.740566
1471,4.492815,4.435143
1472,5.115613,4.799779
1473,3.236832,3.329201
1474,3.848145,3.857772
1475,4.495586,4.349072
1476,4.693293,4.316451
1477,6.149746,5.122175
1478,6.029333,5.741502
1479,3.860803,3.813848
1480,4.673334,4.498714
1481,5.289712,5.050434
1482,3.332178,3.360534
1483,4.079568,3.973622
1484,4.724497,4.356329
1485,4.777412,4.352503
1486,6.471993,5.079299
1487,6.050742,5.675593
1488,3.923288,3.822079
1489,4.503423,4.400548
1490,5.093238,5.004610
1491,3.273108,3.365423
1492,3.850399,3.881214
1493,4.497454,4.554145
1494,4.737914,4.369066
1495,6.234647,5.172906
1496,5.979288,5.683700
1497,3.824937,3.781763
1498,4.625668,4.543253
1499,5.289500,5.036962
1500,3.360125,3.379843
1501,4.112841,4.013921
1502,4.693099,4.300370
1503,4.768649,4.315982
1504,6.440805,5.117458
1505,6.008451,5.664695
1506,3.940549,3.758282
1507,4.539283,4.411411
1508,5.086050,4.974075
1509,3.262430,3.348444
1510,3.874994,3.948739
1511,4.474815,4.539817
1512,4.958067,4.347483
1513,6.488787,5.164956
1514,5.988150,5.774934
1515,3.911383,3.822226
1516,4.703380,4.592429
1517,5.291095,5.066970
1518,3.434255,3.420903
1519,4.115210,4.031772
1520,4.704377,4.411286
1521,4.740730,4.350817
1522,6.393527,5.113824
1523,6.065293,5.723227
1524,3.843287,3.805448
1525,4.459923,4.479635
1526,5.088282,5.015675
1527,3.292593,3.381433
1528,3.814154,3.915499
1529,4.472025,4.574301
1530,4.712269,4.362745
1531,6.261035,5.110427
1532,6.081116,5.661615
1533,3.953765,3.769842
1534,4.630594,4.476085
1535,5.283553,4.983711
1536,3.409394,3.356859
1537,4.124825,3.981923
1538,4.725256,4.274078
1539,4.843448,4.296894
1540,6.477221,5.084717
1541,6.044442,5.608948
1542,3.855515,3.743282
1543,4.392283,4.403139
1544,5.101325,4.932406
1545,3.259537,3.341236
1546,3.830367,3.907986
1547,4.474392,4.480201
1548,4.781163,4.353882
1549,6.260820,5.282903
1550,6.037440,6.010846
1551,3.914936,3.825600
1552,4.618191,4.629563
1553,5.325921,5.267992
1554,3.344661,3.401885
1555,4.113396,4.117636
1556,4.728105,4.588629
1557,4.666887,4.336535
1558,6.382297,5.224171
1559,6.055624,5.928187
1560,3.897348,3.828699
1561,4.440418,4.510063
1562,5.091487,5.177257
1563,3.206279,3.389152
1564,3.809785,3.975063
1565,4.497624,4.697229
1566,4.789434,4.293201
1567,6.370409,5.170523
1568,5.994191,5.862007
1569,3.899992,3.763295
1570,4.705138,4.493129
1571,5.327528,5.130551
1572,3.316442,3.328560
1573,4.095926,3.998624
1574,4.716920,4.367851
1575,4.730488,4.296363
1576,6.408326,5.120634
1577,6.010226,5.802318
1578,3.872292,3.723915
1579,4.426693,4.413455
1580,5.085274,5.040263
1581,3.208172,3.317566
1582,3.827896,3.858507
1583,4.482018,4.563200
1584,4.726791,4.406371
1585,6.294372,5.277390
1586,5.999412,6.019972
1587,3.904746,3.852595
1588,4.647488,4.630517
1589,5.320038,5.297688
1590,3.327893,3.411220
1591,4.132259,4.094388
1592,4.716352,4.592932
1593,4.738416,4.401880
1594,6.425070,5.232610
1595,6.052646,5.964578
1596,3.851639,3.823068
1597,4.437547,4.572475
1598,5.121747,5.190562
1599,3.205293,3.401978
1600,3.818683,3.962217
1601,4.499069,4.625392
1602,4.784556,4.316950
1603,6.247306,5.106202
1604,6.024456,5.841432
1605,3.931563,3.724571
1606,4.630166,4.480719
1607,5.328385,5.141992
1608,3.310644,3.325654
1609,4.106965,4.032294
1610,4.711631,4.406986
1611,4.711547,4.283239
1612,6.427632,5.075738
1613,6.015317,5.774102
1614,3.993256,3.722097
1615,4.452334,4.414546
1616,5.121161,5.033681
1617,3.298240,3.322664
1618,3.882890,3.921575
1619,4.494737,4.564211
1620,4.911917,4.909330
1621,6.598120,5.666348
1622,6.113713,6.370520
1623,3.920391,4.125126
1624,4.713979,4.697530
1625,5.353308,5.302634
1626,3.382035,3.510818
1627,4.159742,3.947406
1628,4.734193,4.314519
1629,4.951280,4.911724
1630,6.669824,5.583235
1631,6.104067,6.278427
1632,3.999276,4.122951
1633,4.617127,4.649205
1634,5.151088,5.184507
1635,3.316969,3.517524
1636,3.920841,3.956064
1637,4.542502,4.474652
1638,4.978518,5.069935
1639,6.340510,5.770181
1640,6.120093,6.558384
1641,4.032718,4.200541
1642,4.711314,4.852277
1643,5.393368,5.451265
1644,3.367132,3.598740
1645,4.119322,4.178051
1646,4.716376,4.565372
1647,4.870930,5.025236
1648,6.629177,5.710887
1649,6.093266,6.483157
1650,4.099177,4.199256
1651,4.475467,4.759429
1652,5.157464,5.289304
1653,3.249800,3.587275
1654,3.865087,3.987375
1655,4.505051,4.522694
1656,4.876883,5.020316
1657,6.429545,5.618906
1658,6.086493,6.351590
1659,3.984833,4.211757
1660,4.702784,4.748916
1661,5.352545,5.290185
1662,3.369598,3.547446
1663,4.224150,3.935092
1664,4.698755,4.445307
1665,4.862622,5.006569
1666,6.522774,5.605543
1667,6.140274,6.285507
1668,4.029839,4.150370
1669,4.565687,4.651731
1670,5.121624,5.204727
1671,3.356155,3.531108
1672,3.939247,3.886127
1673,4.533852,4.410414
1674,4.976102,5.153389
1675,5.826035,5.827931
1676,6.021227,6.498875
1677,3.908088,4.250761
1678,4.809658,4.823916
1679,5.356577,5.413808
1680,3.457528,3.583057
1681,4.113415,4.044833
1682,4.748524,4.431372
1683,5.022564,5.097511
1684,6.639313,5.763779
1685,6.092531,6.450842
1686,3.976381,4.221248
1687,4.541897,4.744344
1688,5.151884,5.329968
1689,3.313541,3.596489
1690,3.834694,4.059867
1691,4.533938,4.537726
1692,4.988216,5.118031
1693,6.441570,5.791938
1694,6.084457,6.604714
1695,3.829930,4.244033
1696,4.652245,4.798317
1697,5.316966,5.428314
1698,3.361751,3.620134
1699,4.081766,4.031484
1700,4.696771,4.476484
1701,5.100831,5.059875
1702,6.454000,5.747545
1703,6.161116,6.464180
1704,3.966385,4.204223
1705,4.464522,4.788058
1706,5.106814,5.300214
1707,3.226839,3.610536
1708,3.864872,3.965045
1709,4.509085,4.494600
1710,4.904714,5.185669
1711,5.748966,5.797553
1712,6.008929,6.613287
1713,3.965560,4.295078
1714,4.704112,4.864193
1715,5.359740,5.481135
1716,3.381338,3.635143
1717,4.124398,4.085241
1718,4.722852,4.459284
1719,4.889320,5.144162
1720,6.668907,5.799473
1721,6.033864,6.497312
1722,4.119889,4.242243
1723,4.551946,4.770624
1724,5.154971,5.372640
1725,3.294849,3.553760
1726,3.932219,3.998880
1727,4.501281,4.564498
1728,4.821856,5.097632
1729,6.221201,5.925563
1730,6.089592,6.723975
1731,3.852150,4.288184
1732,4.647273,4.890060
1733,5.327946,5.573549
1734,3.290430,3.586649
1735,4.105175,4.106351
1736,4.668372,4.599755
1737,4.873799,5.134631
1738,6.477762,5.811867
1739,6.161980,6.655432
1740,3.935602,4.258010
1741,4.441113,4.826338
1742,5.141355,5.440792
1743,3.227472,3.580220
1744,3.837679,4.155772
1745,4.446098,4.703762
1746,4.889748,5.043039
1747,5.792400,5.827603
1748,5.962685,6.533758
1749,4.061933,4.205768
1750,4.708541,4.810971
1751,5.354070,5.441544
1752,3.370878,3.491862
1753,4.090974,4.056645
1754,4.715426,4.528799
1755,5.155184,4.996347
1756,6.611541,5.758831
1757,6.087146,6.493064
1758,4.088045,4.182888
1759,4.575025,4.720126
1760,5.148105,5.348227
1761,3.306004,3.470510
1762,3.905272,4.028410
1763,4.513384,4.529828
1764,4.924968,5.120652
1765,6.339814,5.929940
1766,6.128881,6.657193
1767,4.038148,4.250848
1768,4.827310,4.905511
1769,5.354723,5.538011
1770,3.358847,3.611001
1771,4.160694,4.073895
1772,4.716376,4.596146
1773,4.898978,5.077198
1774,6.558180,5.823049
1775,6.098171,6.666245
1776,4.070311,4.237672
1777,4.519368,4.842819
1778,5.192479,5.465818
1779,3.256104,3.594813
1780,3.861497,4.126981
1781,4.524774,4.666685
1782,5.017323,5.030649
1783,5.572391,5.760839
1784,6.011909,6.508602
1785,3.971423,4.206214
1786,4.740188,4.781850
1787,5.391722,5.412120
1788,3.393972,3.524899
1789,4.176126,3.986307
1790,4.775561,4.465664
1791,4.942849,5.010032
1792,6.673118,5.734575
1793,6.182161,6.470824
1794,4.118943,4.165239
1795,4.528405,4.739861
1796,5.148403,5.357914
1797,3.379441,3.511001
1798,3.991405,4.053040
1799,4.631101,4.598938
1800,4.954740,4.993751
1801,6.393527,5.593835
1802,6.122443,6.320059
1803,3.994065,4.130365
1804,4.886778,4.675880
1805,5.382191,5.290064
1806,3.378261,3.529838
1807,4.171649,3.960595
1808,4.651722,4.345500
1809,4.946980,4.949572
1810,6.567027,5.564609
1811,6.179181,6.341259
1812,4.056079,4.118704
1813,4.541203,4.634316
1814,5.218479,5.200129
1815,3.237073,3.514177
1816,3.884977,3.951242
1817,4.597055,4.379718
1818,5.122878,5.039423
1819,6.589169,5.797998
1820,6.149548,6.520316
1821,4.019204,4.227620
1822,4.843438,4.837121
1823,5.395455,5.451558
1824,3.362565,3.601586
1825,4.268398,4.132693
1826,4.778647,4.530996
1827,4.935237,5.024240
1828,6.670438,5.671423
1829,6.196977,6.437035
1830,4.043594,4.203267
1831,4.559826,4.758310
1832,5.219387,5.312595
1833,3.296369,3.586613
1834,3.964657,3.993220
1835,4.596179,4.513299
1836,4.976049,5.060288
1837,6.419647,5.655520
1838,6.171672,6.400426
1839,3.982992,4.183380
1840,4.779935,4.706496
1841,5.400956,5.278812
1842,3.364616,3.562480
1843,4.173733,3.908008
1844,4.754266,4.436063
1845,4.958780,5.039979
1846,6.769344,5.596757
1847,6.190494,6.310486
1848,3.980464,4.174431
1849,4.615856,4.637148
1850,5.186460,5.212259
1851,3.343420,3.526404
1852,3.904554,3.972317
1853,4.619364,4.417331
1854,4.935554,5.109824
1855,5.788913,5.792773
1856,6.012744,6.506083
1857,3.946073,4.256498
1858,4.743381,4.799168
1859,5.393917,5.426010
1860,3.405716,3.603073
1861,4.262538,4.038977
1862,4.776333,4.434209
1863,4.900027,5.105772
1864,6.627665,5.750288
1865,6.139656,6.463289
1866,4.099234,4.218503
1867,4.514281,4.787969
1868,5.185058,5.321612
1869,3.255591,3.591522
1870,3.856206,4.024737
1871,4.542762,4.490370
1872,4.974493,5.105641
1873,6.098464,5.806848
1874,6.058050,6.548413
1875,3.869142,4.261207
1876,4.745952,4.841467
1877,5.355207,5.444892
1878,3.397939,3.615476
1879,4.141896,4.061624
1880,4.705600,4.536940
1881,4.983410,5.089252
1882,6.556659,5.700799
1883,6.096331,6.485893
1884,3.914348,4.236701
1885,4.498162,4.745340
1886,5.183656,5.311579
1887,3.238930,3.536986
1888,3.921779,3.982860
1889,4.556142,4.515011
1890,4.860550,5.126909
1891,5.639687,5.827859
1892,6.006547,6.529468
1893,4.041343,4.279211
1894,4.746400,4.816953
1895,5.354397,5.440575
1896,3.379292,3.620646
1897,4.167848,4.076497
1898,4.750058,4.504181
1899,5.155875,5.137557
1900,6.617608,5.841013
1901,6.089470,6.487271
1902,4.077823,4.264362
1903,4.556489,4.745929
1904,5.154572,5.341690
1905,3.276282,3.614998
1906,3.910821,4.059558
1907,4.534543,4.509217
1908,4.812806,5.166187
1909,6.305170,5.911469
1910,6.056464,6.706212
1911,3.905403,4.259645
1912,4.848466,4.893433
1913,5.361711,5.537411
1914,3.304169,3.596059
1915,4.133798,4.121553
1916,4.697709,4.641352
1917,4.978679,5.159687
1918,6.554257,5.814271
1919,6.137928,6.665178
1920,3.906201,4.237497
1921,4.498658,4.840593
1922,5.186160,5.439678
1923,3.244646,3.582121
1924,3.879767,4.063232
1925,4.513557,4.699847
1926,4.852119,5.054294
1927,5.769664,5.791873
1928,5.954304,6.505991
1929,3.999624,4.194182
1930,4.721101,4.772057
1931,5.393807,5.436933
1932,3.394341,3.520281
1933,4.194993,4.029326
1934,4.746991,4.532301
1935,5.134024,5.061589
1936,6.634922,5.755056
1937,6.116264,6.514160
1938,3.952744,4.174563
1939,4.475367,4.764136
1940,5.113913,5.366735
1941,3.311083,3.539522
1942,3.857913,4.037604
1943,4.534370,4.568722
1944,4.913015,5.142265
1945,6.435462,5.899902
1946,6.122567,6.717472
1947,3.911994,4.261907
1948,4.745841,4.888980
1949,5.393148,5.542547
1950,3.387717,3.599081
1951,4.264344,4.114665
1952,4.776236,4.601959
1953,4.906536,5.153449
1954,6.621249,5.837569
1955,6.146206,6.672455
1956,3.954570,4.277570
1957,4.525593,4.833083
1958,5.168860,5.463590
1959,3.308979,3.596547
1960,3.886828,4.137617
1961,4.585810,4.708192
1962,4.881371,5.047953
1963,5.790358,5.782951
1964,6.012032,6.550455
1965,3.996379,4.181786
1966,4.812771,4.784956
1967,5.357231,5.415462
1968,3.362384,3.520406
1969,4.156672,4.032663
1970,4.721422,4.539143
1971,4.916015,5.067169
1972,6.648697,5.733738
1973,6.100749,6.536727
1974,3.947050,4.198011
1975,4.475864,4.747373
1976,5.154871,5.363672
1977,3.347527,3.517552
1978,3.927660,4.063400
1979,4.502995,4.538112
1980,4.852119,5.007747
1981,6.373432,5.654534
1982,6.103044,6.366597
1983,3.915013,4.139707
1984,4.737243,4.692090
1985,5.355159,5.294586
1986,3.342669,3.519673
1987,4.094731,3.962143
1988,4.730861,4.343036
1989,4.934764,4.906846
1990,6.551291,5.560122
1991,6.098416,6.344831
1992,3.984373,4.150586
1993,4.506217,4.664831
1994,5.149496,5.207320
1995,3.253175,3.505017
1996,3.857344,3.960446
1997,4.534370,4.420294
1998,4.869474,5.016000
1999,6.334593,5.782485
2000,6.112193,6.487371
2001,3.927923,4.224808
2002,4.778958,4.834799
2003,5.358867,5.426143
2004,3.393809,3.612116
2005,4.224204,4.152504
2006,4.712481,4.513071
2007,4.956065,5.020496
2008,6.553524,5.749734
2009,6.098661,6.472802
2010,4.001937,4.187807
2011,4.472484,4.776155
2012,5.149198,5.344095
2013,3.255591,3.579565
2014,3.942473,4.031769
2015,4.505823,4.566431
2016,4.994356,5.008990
2017,6.375721,5.671271
2018,6.095869,6.411414
2019,3.895952,4.191012
2020,4.724446,4.732493
2021,5.349934,5.308674
2022,3.346721,3.552557
2023,4.156985,3.937789
2024,4.744311,4.410591
2025,5.103007,5.050975
2026,6.578173,5.832932
2027,6.079575,6.392938
2028,3.996611,4.189050
2029,4.502303,4.661278
2030,5.152183,5.219318
2031,3.348872,3.537567
2032,3.862965,3.921576
2033,4.534629,4.445865
2034,4.863009,5.139071
2035,5.802888,5.825865
2036,5.976457,6.522479
2037,3.899078,4.244148
2038,4.785491,4.792806
2039,5.355596,5.432589
2040,3.354264,3.598511
2041,4.151195,4.041886
2042,4.756011,4.443267
2043,5.088889,5.112730
2044,6.665276,5.757849
2045,6.099644,6.446446
2046,4.055969,4.256988
2047,4.485837,4.711985
2048,5.154971,5.320474
2049,3.268145,3.584852
2050,3.862720,3.990043
2051,4.553883,4.501523
2052,4.886487,5.114809
2053,6.315178,5.829809
2054,6.082259,6.548753
2055,3.870654,4.283665
2056,4.648785,4.814036
2057,5.316751,5.427736
2058,3.303819,3.631725
2059,4.068340,4.052442
2060,4.672382,4.510610
2061,4.987480,5.085608
2062,6.444196,5.742774
2063,6.029387,6.543509
2064,3.899111,4.229735
2065,4.510989,4.785951
2066,5.154673,5.326043
2067,3.248272,3.592150
2068,3.900192,4.043443
2069,4.549533,4.583513
2070,4.870245,5.218445
2071,5.897402,5.842813
2072,6.003929,6.555239
2073,4.015576,4.305101
2074,4.761778,4.843730
2075,5.351021,5.452121
2076,3.365644,3.636621
2077,4.137215,3.999882
2078,4.738006,4.474140
2079,4.912061,5.125981
2080,6.559857,5.869011
2081,6.103575,6.547297
2082,4.002638,4.254432
2083,4.570936,4.782539
2084,5.152083,5.348860
2085,3.285583,3.648200
2086,3.912957,4.081979
2087,4.536271,4.581415
2088,4.806490,5.152699
2089,6.299835,5.908319
2090,6.095717,6.742376
2091,3.915603,4.286969
2092,4.740700,4.890261
2093,5.313208,5.539565
2094,3.316530,3.592230
2095,4.096355,4.143140
2096,4.699773,4.647708
2097,4.916626,5.152947
2098,6.544297,5.850448
2099,6.120948,6.682208
2100,3.968667,4.280760
2101,4.563674,4.850551
2102,5.146813,5.467815
2103,3.223893,3.577687
2104,3.866983,4.093642
2105,4.537568,4.650548
2106,4.869936,5.091481
2107,5.846699,5.845551
2108,6.010710,6.559115
2109,3.982992,4.189060
2110,4.841239,4.786715
2111,5.358322,5.431176
2112,3.374816,3.536222
2113,4.166708,4.063015
2114,4.737338,4.489749
2115,4.918513,5.032974
2116,6.631444,5.747170
2117,6.095717,6.526526
2118,3.948301,4.166188
2119,4.526095,4.709949
2120,5.201635,5.366080
2121,3.277313,3.538809
2122,3.892747,4.061042
2123,4.585072,4.599911
2124,4.995449,5.173798
2125,6.469653,5.879894
2126,6.056830,6.755125
2127,4.045700,4.285605
2128,4.882638,4.882099
2129,5.394027,5.529406
2130,3.365009,3.581120
2131,4.203089,4.126060
2132,4.770268,4.624265
2133,4.945549,5.154482
2134,6.640345,5.847869
2135,6.194731,6.725210
2136,3.991522,4.265154
2137,4.536861,4.840287
2138,5.193885,5.487050
2139,3.272765,3.599881
2140,3.908922,4.136572
2141,4.557529,4.649861
2142,4.872404,5.036964
2143,5.710311,5.779647
2144,6.017999,6.564566
2145,3.916132,4.209929
2146,4.794777,4.802423
2147,5.391722,5.418727
2148,3.376827,3.526800
2149,4.172124,4.016485
2150,4.779226,4.508282
2151,4.928755,5.053042
2152,6.605639,5.751773
2153,6.094491,6.526027
2154,4.061214,4.175927
2155,4.541809,4.749340
2156,5.151784,5.372295
2157,3.275510,3.537993
2158,3.912060,4.047843
2159,4.584636,4.533646
2160,4.789582,4.231786
2161,6.392648,5.045298
2162,6.082438,5.416111
2163,3.892179,3.707187
2164,4.705486,4.407273
2165,5.326564,4.761736
2166,3.355461,3.312710
2167,4.250061,3.881346
2168,4.737803,4.350319
2169,4.721090,4.207582
2170,6.535287,5.044725
2171,6.068882,5.434628
2172,3.889900,3.721128
2173,4.453598,4.427028
2174,5.196784,4.713488
2175,3.254043,3.336444
2176,3.927325,3.962328
2177,4.580091,4.247307
2178,4.769836,4.257348
2179,6.360303,5.116243
2180,6.081717,5.406912
2181,3.992552,3.694968
2182,4.717669,4.412728
2183,5.324636,4.762396
2184,3.368851,3.231955
2185,4.175351,3.919255
2186,4.760096,4.347359
2187,4.849811,4.259244
2188,6.439022,5.078403
2189,6.057889,5.417230
2190,3.922639,3.711405
2191,4.477749,4.427454
2192,5.205036,4.561815
2193,3.277551,3.307494
2194,3.917922,3.931932
2195,4.555943,4.179729
2196,4.736322,4.285532
2197,6.315173,5.142159
2198,6.137961,5.521294
2199,3.967438,3.787411
2200,4.732616,4.436451
2201,5.430276,4.864903
2202,3.386726,3.365807
2203,4.163991,3.958954
2204,4.828064,4.323218
2205,4.909508,4.296887
2206,6.434389,5.129645
2207,6.100766,5.608943
2208,3.998068,3.807906
2209,4.477847,4.431075
2210,5.207426,4.873518
2211,3.243454,3.305303
2212,3.904948,3.894563
2213,4.602801,4.529539
2214,4.757772,4.273329
2215,6.279754,5.176029
2216,6.123416,5.500690
2217,3.984991,3.766336
2218,4.792479,4.440206
2219,5.355505,4.803206
2220,3.395083,3.256574
2221,4.272572,3.882388
2222,4.809851,4.342072
2223,4.809491,4.295503
2224,6.526552,5.129037
2225,6.107736,5.606588
2226,4.020818,3.762656
2227,4.572299,4.405376
2228,5.194900,4.866240
2229,3.281714,3.279923
2230,3.976754,3.924776
2231,4.636289,4.489532
2232,4.773616,4.282887
2233,6.308204,5.148909
2234,6.127772,5.599802
2235,3.913047,3.833432
2236,4.790959,4.476566
2237,5.428858,4.874300
2238,3.353351,3.393934
2239,4.242273,3.934234
2240,4.849067,4.390132
2241,4.843460,4.338419
2242,6.516209,5.173188
2243,6.130680,5.636136
2244,3.917439,3.793674
2245,4.508828,4.482092
2246,5.194503,4.913726
2247,3.361171,3.306736
2248,3.904298,3.937094
2249,4.642604,4.578179
2250,4.902862,4.292264
2251,6.286546,5.187216
2252,6.126682,5.478827
2253,3.968677,3.757266
2254,4.839593,4.397069
2255,5.425262,4.802021
2256,3.421020,3.353429
2257,4.232792,3.882094
2258,4.859175,4.194640
2259,4.822978,4.327558
2260,6.551546,5.113798
2261,6.104970,5.547640
2262,3.936174,3.769801
2263,4.536184,4.412050
2264,5.205036,4.880456
2265,3.352330,3.296703
2266,3.934178,3.875786
2267,4.644537,4.440353
2268,4.849726,4.343240
2269,6.246502,5.252415
2270,6.132256,5.781791
2271,3.906271,3.837673
2272,4.889553,4.560903
2273,5.434535,5.004869
2274,3.395812,3.338702
2275,4.184598,3.961804
2276,4.838035,4.461748
2277,4.922345,4.349970
2278,6.492922,5.238144
2279,6.097887,6.020669
2280,4.019085,3.834357
2281,4.536382,4.570139
2282,5.234078,5.198644
2283,3.297626,3.399773
2284,3.910856,4.032973
2285,4.662882,4.694270
2286,4.980082,4.314749
2287,6.254670,5.315498
2288,6.175523,5.580523
2289,3.929390,3.753657
2290,4.790824,4.452655
2291,5.468645,4.862492
2292,3.399404,3.322348
2293,4.274854,3.886500
2294,4.890666,4.438098
2295,4.848419,4.237053
2296,6.525643,5.119423
2297,6.156908,5.810950
2298,3.935099,3.726410
2299,4.637170,4.401811
2300,5.226889,5.115433
2301,3.271123,3.306600
2302,3.917349,3.886939
2303,4.615431,4.553612
2304,4.836916,4.344992
2305,6.303453,5.284373
2306,6.126198,5.843437
2307,4.018277,3.837846
2308,4.726409,4.569026
2309,5.434862,5.001385
2310,3.402658,3.400763
2311,4.226442,3.971179
2312,4.791953,4.465315
2313,4.883265,4.350921
2314,6.501748,5.243272
2315,6.098846,6.048831
2316,3.883049,3.840887
2317,4.506176,4.569617
2318,5.206629,5.256340
2319,3.192733,3.363631
2320,3.863555,3.990970
2321,4.578448,4.665662
2322,4.735020,4.276305
2323,6.263855,5.174596
2324,6.081476,5.561480
2325,3.972668,3.743158
2326,4.732767,4.420481
2327,5.325171,4.887146
2328,3.354417,3.244017
2329,4.185449,3.882541
2330,4.768390,4.339068
2331,5.010301,4.226938
2332,6.459637,5.092600
2333,6.063142,5.803145
2334,3.900387,3.658818
2335,4.535670,4.444744
2336,5.201851,5.130002
2337,3.340695,3.293589
2338,3.858266,3.933634
2339,4.550266,4.544953
2340,5.062561,4.857952
2341,6.469472,5.655899
2342,6.146784,6.354229
2343,3.934255,4.114323
2344,4.732789,4.681871
2345,5.388541,5.258598
2346,3.391670,3.507652
2347,4.198870,3.944079
2348,4.735813,4.464861
2349,4.963580,4.895932
2350,6.658025,5.555080
2351,6.193858,6.354401
2352,4.065358,4.135484
2353,4.582911,4.645238
2354,5.186561,5.223482
2355,3.276705,3.476868
2356,3.961435,3.963247
2357,4.560307,4.449586
2358,5.001251,4.994640
2359,6.389135,5.830029
2360,6.122195,6.497826
2361,4.074050,4.181533
2362,4.860823,4.798142
2363,5.364001,5.366886
2364,3.368273,3.463540
2365,4.147718,4.033162
2366,4.776429,4.491553
2367,4.951120,4.998323
2368,6.741331,5.698335
2369,6.186014,6.462701
2370,3.946481,4.176058
2371,4.536055,4.733446
2372,5.185058,5.345377
2373,3.332790,3.499836
2374,3.949185,4.046332
2375,4.606723,4.365721
2376,4.871016,4.975154
2377,6.575755,5.693993
2378,6.146909,6.407998
2379,3.964789,4.136868
2380,4.749871,4.734674
2381,5.391831,5.251272
2382,3.357147,3.461213
2383,4.141802,3.983653
2384,4.757133,4.462318
2385,4.921659,4.994399
2386,6.644518,5.625098
2387,6.153266,6.372190
2388,4.046560,4.155625
2389,4.524891,4.656539
2390,5.202139,5.223010
2391,3.279807,3.542246
2392,3.947081,3.979686
2393,4.564739,4.467937
2394,4.869474,5.050601
2395,5.871643,5.846704
2396,5.993598,6.511618
2397,3.929275,4.220076
2398,4.787708,4.777974
2399,5.390405,5.366529
2400,3.489184,3.548590
2401,4.174450,4.041989
2402,4.775851,4.337160
2403,4.903775,5.043888
2404,6.644138,5.948869
2405,6.144722,6.480795
2406,4.098382,4.212595
2407,4.545001,4.760787
2408,5.183356,5.334093
2409,3.235241,3.607563
2410,3.907850,3.977905
2411,4.555709,4.494109
2412,4.825183,5.056882
2413,6.317598,5.809364
2414,6.090939,6.578352
2415,3.962169,4.240407
2416,4.658855,4.815892
2417,5.352718,5.384669
2418,3.327654,3.526225
2419,4.103062,3.972919
2420,4.741599,4.560933
2421,4.905808,4.997140
2422,6.442768,5.738943
2423,6.178064,6.529546
2424,3.958527,4.202812
2425,4.586207,4.756083
2426,5.189167,5.324952
2427,3.242998,3.581909
2428,3.889383,3.952912
2429,4.557356,4.503350
2430,4.933339,5.056345
2431,5.850666,5.869528
2432,6.033576,6.564984
2433,3.920166,4.247858
2434,4.883621,4.835017
2435,5.351240,5.401822
2436,3.385515,3.504651
2437,4.255102,4.062728
2438,4.774984,4.515936
2439,5.177739,5.055101
2440,6.672734,5.808001
2441,6.149053,6.529154
2442,4.016278,4.239272
2443,4.498008,4.768458
2444,5.150093,5.344993
2445,3.356516,3.523172
2446,3.902652,4.015622
2447,4.530832,4.502701
2448,4.890041,5.039148
2449,6.441210,5.942649
2450,6.090327,6.732073
2451,3.959656,4.262267
2452,4.650622,4.911032
2453,5.355098,5.493701
2454,3.338675,3.558913
2455,4.093605,4.140605
2456,4.694147,4.515237
2457,4.948095,5.083434
2458,6.488969,5.890898
2459,6.199599,6.707860
2460,3.897458,4.261428
2461,4.511188,4.851996
2462,5.159060,5.473425
2463,3.177140,3.595989
2464,3.866659,4.126786
2465,4.556749,4.691905
2466,4.879049,5.030906
2467,5.775403,5.804725
2468,6.004762,6.550324
2469,3.994875,4.195877
2470,4.748975,4.765087
2471,5.355378,5.384987
2472,3.398586,3.442533
2473,4.144099,3.991993
2474,4.748620,4.503242
2475,4.953830,5.010707
2476,6.719974,5.753129
2477,6.096699,6.528034
2478,4.110473,4.172756
2479,4.491131,4.759346
2480,5.150093,5.381112
2481,3.250975,3.535285
2482,3.882728,3.985882
2483,4.511664,4.553500
2484,4.887419,5.077623
2485,6.334836,5.918581
2486,6.113550,6.738403
2487,4.021430,4.267731
2488,4.744387,4.899055
2489,5.394137,5.541699
2490,3.403305,3.574082
2491,4.201737,4.141993
2492,4.737243,4.684635
2493,4.971921,5.074074
2494,6.642810,5.872334
2495,6.150539,6.731818
2496,3.966134,4.222649
2497,4.508211,4.842503
2498,5.156367,5.486917
2499,3.275255,3.585182
2500,3.897733,4.133121
2501,4.536357,4.732368
2502,4.890059,5.037357
2503,5.779135,5.822427
2504,5.983684,6.557389
2505,4.052028,4.186265
2506,4.800722,4.768258
2507,5.389527,5.361864
2508,3.354984,3.439701
2509,4.182810,3.989835
2510,4.717613,4.523503
2511,5.137281,5.022536
2512,6.606765,5.734536
2513,6.141509,6.507521
2514,3.953201,4.182778
2515,4.504405,4.714010
2516,5.152183,5.296387
2517,3.254869,3.437169
2518,3.981278,4.071830
2519,4.570574,4.605070
2520,4.935871,4.843764
2521,6.635797,5.651014
2522,6.150153,6.387042
2523,3.928204,4.110272
2524,4.737131,4.686061
2525,5.389747,5.212756
2526,3.388636,3.476346
2527,4.144054,3.925113
2528,4.730386,4.446929
2529,5.113716,4.903643
2530,6.635039,5.575416
2531,6.195355,6.328798
2532,4.073088,4.114715
2533,4.528003,4.635604
2534,5.156168,5.205688
2535,3.359854,3.496648
2536,3.969501,3.933788
2537,4.528333,4.475841
2538,5.025731,4.992776
2539,6.315869,5.818446
2540,6.115400,6.520699
2541,4.009274,4.160724
2542,4.734903,4.812326
2543,5.357885,5.354945
2544,3.481894,3.546176
2545,4.184820,4.071908
2546,4.750921,4.538652
2547,4.907060,5.018855
2548,6.596458,5.766545
2549,6.134352,6.508000
2550,4.010789,4.190748
2551,4.636744,4.760964
2552,5.162256,5.343150
2553,3.381120,3.566365
2554,3.998644,3.982439
2555,4.559612,4.475081
2556,4.929861,4.924790
2557,6.562765,5.695482
2558,6.130866,6.413899
2559,4.036848,4.187366
2560,4.709982,4.706447
2561,5.389308,5.261331
2562,3.342067,3.473752
2563,4.145327,3.946363
2564,4.743259,4.472923
2565,4.895038,4.994842
2566,6.562096,5.624142
2567,6.207980,6.376522
2568,3.942392,4.153310
2569,4.552447,4.663039
2570,5.144231,5.216691
2571,3.264475,3.521729
2572,3.878637,3.897184
2573,4.541029,4.422885
2574,4.917255,5.036836
2575,5.818609,5.853307
2576,6.029134,6.508199
2577,4.018970,4.230237
2578,4.763919,4.771542
2579,5.402387,5.324818
2580,3.364919,3.483724
2581,4.162726,3.970450
2582,4.781350,4.533083
2583,4.951757,5.095670
2584,6.707956,5.751483
2585,5.996534,6.478542
2586,3.944208,4.216384
2587,4.527903,4.778991
2588,5.195897,5.212193
2589,3.273708,3.580603
2590,3.973254,3.975369
2591,4.533766,4.571086
2592,4.836712,5.067481
2593,6.319848,5.843473
2594,6.065701,6.582306
2595,3.906067,4.255673
2596,4.697125,4.822872
2597,5.354558,5.376436
2598,3.323761,3.518383
2599,4.115312,4.075551
2600,4.731173,4.521340
2601,5.091083,5.084111
2602,6.495312,5.772108
2603,6.133736,6.542255
2604,3.959656,4.219606
2605,4.517379,4.768508
2606,5.198815,5.339969
2607,3.185119,3.610182
2608,3.920176,3.905716
2609,4.560219,4.489060
2610,4.881526,5.096163
2611,5.894562,5.896687
2612,5.989096,6.572378
2613,4.018852,4.249514
2614,4.767755,4.826319
2615,5.390295,5.387372
2616,3.384874,3.545951
2617,4.174791,4.003169
2618,4.749962,4.548676
2619,4.910954,5.123452
2620,6.611273,5.805406
2621,6.092776,6.534750
2622,3.953429,4.241394
2623,4.609306,4.791202
2624,5.189970,5.351498
2625,3.273880,3.606445
2626,3.971282,4.061725
2627,4.540336,4.557080
2628,4.789880,5.079215
2629,6.529047,5.930973
2630,6.093021,6.750421
2631,3.835003,4.272536
2632,4.747299,4.865259
2633,5.351096,5.495004
2634,3.362023,3.519813
2635,4.117377,4.130935
2636,4.723148,4.672259
2637,5.051092,5.110883
2638,6.545218,5.864637
2639,6.125492,6.707583
2640,3.877953,4.244584
2641,4.544899,4.850512
2642,5.220092,5.472881
2643,3.328116,3.529326
2644,3.926799,4.059692
2645,4.555622,4.656715
2646,5.000037,5.047147
2647,5.805100,5.815204
2648,6.014415,6.597820
2649,4.008574,4.198252
2650,4.740142,4.798781
2651,5.391283,5.372011
2652,3.392222,3.511038
2653,4.180707,4.044558
2654,4.715141,4.549494
2655,4.946504,5.032570
2656,6.682129,5.767298
2657,6.090816,6.565709
2658,4.118820,4.166715
2659,4.630326,4.780808
2660,5.201030,5.334976
2661,3.364616,3.522694
2662,3.905542,3.928702
2663,4.567350,4.438999
2664,5.017159,5.106371
2665,6.354395,5.921865
2666,6.118981,6.783261
2667,3.940774,4.278478
2668,4.818761,4.903942
2669,5.355487,5.514078
2670,3.386708,3.583977
2671,4.170223,4.079452
2672,4.774406,4.610862
2673,4.897687,5.059714
2674,6.621215,5.859529
2675,6.144845,6.710300
2676,3.976842,4.233208
2677,4.539485,4.805596
2678,5.186460,5.484882
2679,3.262941,3.587661
2680,3.957963,4.109766
2681,4.540250,4.656752
2682,4.868703,5.003682
2683,5.534393,5.825055
2684,6.020749,6.565175
2685,4.002990,4.206474
2686,4.784335,4.788440
2687,5.391831,5.363817
2688,3.362656,3.518870
2689,4.165095,4.034932
2690,4.805539,4.514435
2691,5.141745,4.944609
2692,6.642430,5.766759
2693,6.095350,6.549572
2694,4.001639,4.174893
2695,4.523186,4.744160
2696,5.151983,5.379568
2697,3.281873,3.523689
2698,3.891101,3.941454
2699,4.535666,4.595030
2700,5.066896,4.872198
2701,6.436348,5.645260
2702,6.137074,6.383253
2703,3.908646,4.104161
2704,4.697151,4.695438
2705,5.383284,5.235466
2706,3.358049,3.486124
2707,4.162442,3.891898
2708,4.761248,4.404058
2709,4.936979,4.931580
2710,6.624079,5.558081
2711,6.134969,6.353157
2712,3.962283,4.102134
2713,4.536256,4.633836
2714,5.175861,5.168336
2715,3.278946,3.495012
2716,3.894045,3.905983
2717,4.565086,4.480587
2718,4.847838,5.023435
2719,6.501823,5.804557
2720,6.136328,6.528077
2721,4.049767,4.167324
2722,4.702453,4.788101
2723,5.393917,5.357528
2724,3.408967,3.541324
2725,4.253420,4.047989
2726,4.779805,4.478279
2727,4.964540,5.011385
2728,6.643000,5.755544
2729,6.143362,6.501318
2730,3.936532,4.168137
2731,4.556893,4.738147
2732,5.203550,5.311710
2733,3.276969,3.473296
2734,3.935087,4.051187
2735,4.587953,4.539117
2736,4.905965,4.915565
2737,6.350456,5.727903
2738,6.173331,6.398203
2739,3.978856,4.150617
2740,4.742822,4.712191
2741,5.353743,5.255143
2742,3.396739,3.435360
2743,4.225614,3.967352
2744,4.764122,4.443443
2745,5.107605,4.995574
2746,6.564247,5.779671
2747,6.132997,6.381777
2748,4.060856,4.139255
2749,4.534039,4.647997
2750,5.147210,5.208429
2751,3.298588,3.529312
2752,3.959322,3.935161
2753,4.533506,4.408917
2754,4.910663,5.066648
2755,5.587385,5.846248
2756,6.031894,6.530875
2757,3.926347,4.203035
2758,4.707987,4.756570
2759,5.356141,5.374025
2760,3.401453,3.578278
2761,4.248481,3.998008
2762,4.716376,4.472337
2763,4.997277,5.029212
2764,6.694247,5.765627
2765,6.137928,6.423784
2766,4.059422,4.212082
2767,4.531220,4.752227
2768,5.182255,5.331780
2769,3.290420,3.579851
2770,3.927825,4.048364
2771,4.587865,4.575878
2772,4.859783,4.999689
2773,6.381422,5.835303
2774,6.125614,6.580984
2775,3.874704,4.236900
2776,4.753934,4.789676
2777,5.313960,5.363752
2778,3.330935,3.496236
2779,4.139326,3.995132
2780,4.733065,4.548706
2781,4.914427,5.040778
2782,6.623116,5.733251
2783,6.175336,6.551241
2784,3.900103,4.204022
2785,4.505511,4.761495
2786,5.209527,5.350928
2787,3.226556,3.560598
2788,3.913797,3.937544
2789,4.594163,4.600190
2790,5.020360,5.095104
2791,5.733399,5.887319
2792,6.100407,6.564452
2793,3.950141,4.196590
2794,4.773969,4.822490
2795,5.387664,5.384530
2796,3.403858,3.506656
2797,4.223634,4.063685
2798,4.775754,4.544538
2799,4.951120,5.065100
2800,6.692321,5.809386
2801,6.087636,6.507978
2802,4.048104,4.234867
2803,4.536055,4.762504
2804,5.195394,5.313604
2805,3.258688,3.529514
2806,3.909912,3.980549
2807,4.588564,4.373320
2808,4.792118,5.048291
2809,6.506033,5.906080
2810,6.089837,6.751895
2811,3.896027,4.256786
2812,4.713578,4.906111
2813,5.357265,5.518611
2814,3.329614,3.557979
2815,4.152693,4.058705
2816,4.749556,4.589372
2817,4.906434,5.085019
2818,6.431542,5.993182
2819,6.170754,6.705423
2820,4.006246,4.224743
2821,4.542316,4.848755
2822,5.245471,5.475463
2823,3.268495,3.509549
2824,3.919468,4.120641
2825,4.592762,4.688128
2826,4.900087,4.986043
2827,5.853022,5.824315
2828,6.096056,6.562702
2829,3.996727,4.165441
2830,4.783206,4.806610
2831,5.388650,5.366311
2832,3.390006,3.505391
2833,4.245809,4.046925
2834,4.798856,4.564928
2835,4.985940,5.039180
2836,6.729499,5.741768
2837,6.199849,6.539173
2838,4.051790,4.176312
2839,4.530617,4.761333
2840,5.191576,5.359320
2841,3.419848,3.521548
2842,3.905954,3.983056
2843,4.586905,4.596075
2844,4.890658,5.137624
2845,6.551856,5.949036
2846,6.206602,6.769512
2847,4.026596,4.270506
2848,4.770373,4.906713
2849,5.387226,5.489597
2850,3.378624,3.515722
2851,4.221116,4.061142
2852,4.798953,4.656769
2853,5.154214,5.123146
2854,6.660122,5.857255
2855,6.215378,6.718562
2856,4.113661,4.240222
2857,4.665640,4.829546
2858,5.257736,5.467738
2859,3.315929,3.514843
2860,3.986678,4.113208
2861,4.619100,4.682242
2862,5.134074,5.016137
2863,5.829840,5.813537
2864,6.112040,6.566074
2865,3.930515,4.193012
2866,4.768690,4.785906
2867,5.387883,5.357218
2868,3.385991,3.420432
2869,4.225657,4.043493
2870,4.799727,4.548685
2871,4.948253,5.026807
2872,6.660694,5.759780
2873,6.190494,6.540907
2874,4.043120,4.152243
2875,4.526196,4.734043
2876,5.217472,5.370559
2877,3.298819,3.417868
2878,3.916528,4.033018
2879,4.583066,4.495639
0,4.896510,4.446106
1,6.354554,5.291138
2,6.012386,5.875557
3,3.948106,3.797799
4,4.672897,4.569990
5,5.299832,5.084049
6,3.343676,3.321792
7,4.104063,4.048103
8,4.730005,4.418436
9,4.956543,4.303817
10,6.384541,5.142099
11,6.058884,5.672257
12,3.949439,3.724543
13,4.421995,4.499032
14,5.108263,4.963446
15,3.224159,3.312860
16,3.827001,3.859309
17,4.465038,4.398826
18,4.719931,4.382114
19,6.442946,5.228940
20,6.016977,5.807680
21,3.927981,3.736685
22,4.758506,4.554777
23,5.262120,5.065927
24,3.445615,3.285326
25,4.086627,4.040619
26,4.700077,4.401043
27,4.721272,4.283787
28,6.658277,5.231853
29,6.018044,5.640627
30,4.017665,3.686417
31,4.443171,4.434913
32,5.099277,4.913306
33,3.268526,3.289948
34,3.822124,3.948125
35,4.476338,4.350568
36,4.691719,4.455651
37,6.183045,5.251496
38,6.017759,5.911688
39,3.857900,3.795718
40,4.610496,4.587762
41,5.305175,5.176752
42,3.341410,3.358523
43,4.053814,4.029618
44,4.676133,4.428339
45,4.873021,4.357692
46,6.460666,5.197855
47,6.055279,5.837351
48,3.971066,3.773354
49,4.405739,4.504106
50,5.116496,5.126772
51,3.211074,3.351902
52,3.853281,3.960890
53,4.480745,4.554356
54,4.688792,4.384511
55,5.772550,5.212196
56,5.976929,5.866282
57,3.840917,3.737714
58,4.638434,4.560433
59,5.304213,5.118878
60,3.362575,3.332771
61,4.187912,4.011545
62,4.716187,4.444558
63,4.958141,4.350816
64,6.531451,5.204634
65,6.028738,5.801128
66,3.830469,3.765641
67,4.412208,4.454395
68,5.104156,5.090400
69,3.249454,3.324383
70,3.819330,3.791829
71,4.491373,4.541631
72,4.704831,4.405410
73,6.180711,5.325344
74,6.070810,5.933600
75,3.905293,3.819771
76,4.700021,4.637692
77,5.270501,5.208476
78,3.343748,3.380223
79,4.104913,4.048486
80,4.693287,4.434406
81,4.786899,4.370255
82,6.409209,5.229078
83,6.084844,5.891040
84,3.907173,3.812734
85,4.543528,4.517734
86,5.109633,5.151980
87,3.190538,3.367684
88,3.838646,3.949329
89,4.478795,4.608923
90,4.773384,4.406068
91,6.279777,5.218301
92,6.050480,5.809050
93,3.907838,3.787107
94,4.606007,4.566028
95,5.302075,5.106544
96,3.316875,3.327173
97,4.081399,4.006608
98,4.686987,4.432507
99,4.985293,4.374918
100,6.352204,5.234049
101,6.022079,5.788232
102,3.880632,3.735180
103,4.460494,4.497616
104,5.090710,5.074585
105,3.188491,3.346687
106,3.864842,3.944430
107,4.474815,4.651134
108,4.693866,4.426177
109,6.214500,5.365742
110,6.066950,6.246775
111,3.903744,3.823864
112,4.750030,4.650386
113,5.309349,5.382031
114,3.298030,3.360037
115,4.115116,4.084419
116,4.689900,4.607218
117,4.795853,4.383482
118,6.513018,5.282012
119,6.047364,6.152613
120,3.850634,3.796165
121,4.484870,4.567039
122,5.119542,5.253788
123,3.251076,3.344403
124,3.823641,3.972387
125,4.450260,4.637928
126,4.743653,4.353343
127,6.264775,5.256554
128,6.056480,6.021693
129,3.830927,3.757130
130,4.684170,4.566904
131,5.310206,5.272414
132,3.312365,3.287307
133,4.161211,4.007117
134,4.677614,4.551993
135,4.807542,4.282146
136,6.466660,5.163865
137,6.055147,5.990585
138,3.902751,3.721739
139,4.388741,4.431537
140,5.135660,5.181990
141,3.281615,3.286995
142,3.821245,3.906533
143,4.478202,4.628232
144,4.861012,4.451670
145,6.329728,5.332628
146,6.062011,6.236246
147,3.926796,3.871342
148,4.641879,4.649600
149,5.300260,5.399890
150,3.355164,3.365007
151,4.121459,4.102042
152,4.692722,4.601166
153,5.047657,4.389367
154,6.408298,5.312900
155,6.087613,6.167692
156,3.963080,3.810930
157,4.445333,4.584531
158,5.117085,5.257216
159,3.250722,3.346017
160,3.798551,4.013240
161,4.483121,4.735938
162,4.718338,4.373696
163,6.484285,5.284202
164,6.046406,6.062054
165,3.913492,3.765182
166,4.665485,4.578191
167,5.309670,5.286678
168,3.341085,3.297720
169,4.071344,4.006829
170,4.723548,4.395568
171,4.863931,4.292193
172,6.457793,5.204267
173,6.074513,5.990478
174,3.916382,3.735830
175,4.515039,4.467234
176,5.099764,5.186207
177,3.288608,3.293000
178,3.835185,3.869843
179,4.472194,4.609937
180,4.890215,5.046195
181,6.317252,5.787993
182,6.127789,6.635935
183,3.948529,4.198059
184,4.698820,4.836580
185,5.338300,5.470881
186,3.402268,3.539917
187,4.106032,4.033359
188,4.708592,4.504441
189,4.922831,5.009470
190,6.441390,5.704569
191,6.131238,6.549158
192,3.951946,4.148105
193,4.460303,4.738087
194,5.169261,5.310244
195,3.254653,3.518065
196,3.871303,3.964767
197,4.516313,4.605655
198,4.992087,5.124166
199,6.428471,5.885920
200,6.181696,6.714290
201,3.983208,4.206183
202,4.842967,4.901544
203,5.373521,5.547020
204,3.386832,3.566294
205,4.140904,4.153581
206,4.712615,4.616913
207,5.096201,5.059834
208,6.530712,5.789573
209,6.170942,6.589368
210,3.951854,4.194217
211,4.608324,4.780934
212,5.184840,5.410333
213,3.283819,3.558222
214,3.822631,4.082695
215,4.501428,4.648151
216,4.927334,5.086882
217,6.356228,5.859572
218,6.145193,6.665486
219,3.974248,4.266083
220,4.703603,4.870341
221,5.333400,5.504056
222,3.371427,3.573554
223,4.091857,4.028637
224,4.692551,4.532306
225,4.926167,5.110252
226,6.527948,5.802597
227,6.204025,6.611109
228,4.028298,4.222102
229,4.604473,4.749542
230,5.144402,5.390982
231,3.294531,3.552273
232,3.915289,4.053993
233,4.486920,4.596045
234,5.052011,5.162726
235,6.476278,5.892739
236,6.219068,6.684045
237,3.967328,4.242177
238,4.744150,4.826478
239,5.372306,5.526498
240,3.386553,3.558457
241,4.153735,4.029106
242,4.741231,4.531657
243,4.985363,5.081333
244,6.629014,5.857056
245,6.134789,6.636123
246,3.937927,4.215889
247,4.516933,4.813815
248,5.165266,5.456882
249,3.316964,3.552270
250,3.885597,4.001312
251,4.508327,4.648402
252,4.855354,5.210665
253,6.312932,6.008204
254,6.182778,6.830298
255,3.976381,4.324505
256,4.810930,4.958547
257,5.341354,5.623837
258,3.327893,3.617585
259,4.155504,4.134358
260,4.711342,4.582205
261,4.938277,5.205809
262,6.509160,5.902083
263,6.182670,6.788985
264,3.869910,4.281483
265,4.446124,4.902006
266,5.167158,5.507867
267,3.273091,3.608010
268,3.833830,4.125160
269,4.488290,4.702595
270,4.994496,5.159855
271,6.628443,5.943474
272,6.143646,6.774793
273,4.005310,4.302988
274,4.738379,4.915126
275,5.377168,5.613416
276,3.389272,3.602050
277,4.059708,4.127984
278,4.708513,4.595054
279,5.017058,5.186560
280,6.629204,5.911781
281,6.233281,6.754477
282,4.093053,4.275812
283,4.576031,4.851073
284,5.157623,5.511050
285,3.332178,3.603572
286,3.904483,4.061518
287,4.475874,4.625237
288,4.895038,5.263033
289,6.334577,5.995944
290,6.131412,6.949580
291,4.003574,4.285393
292,4.712641,4.949186
293,5.341899,5.679049
294,3.386408,3.575484
295,4.104353,4.115948
296,4.689807,4.727236
297,5.109155,5.210150
298,6.492066,5.944807
299,6.182670,6.859064
300,3.974304,4.265435
301,4.497962,4.904898
302,5.171968,5.501210
303,3.239571,3.565174
304,3.886355,4.121189
305,4.518899,4.792645
306,4.969136,5.126035
307,6.413463,5.977873
308,6.175857,6.714861
309,4.059023,4.231034
310,4.797658,4.859429
311,5.373852,5.537290
312,3.356355,3.507993
313,4.103541,4.090030
314,4.718639,4.627200
315,5.012079,5.109792
316,6.764738,5.862065
317,6.175847,6.691228
318,4.064967,4.177147
319,4.488431,4.785534
320,5.159129,5.478352
321,3.298993,3.512655
322,3.869040,4.046689
323,4.508586,4.665171
324,4.844569,5.275007
325,6.315884,6.092396
326,6.176351,6.985039
327,3.917642,4.308276
328,4.783431,4.986728
329,5.306561,5.698788
330,3.349699,3.602700
331,4.151114,4.148531
332,4.718946,4.729856
333,4.889952,5.177063
334,6.483739,6.010263
335,6.172297,6.907660
336,3.983897,4.296835
337,4.543286,4.923424
338,5.142704,5.566148
339,3.237022,3.588149
340,3.816459,4.091791
341,4.501772,4.771507
342,4.942753,5.158763
343,6.402047,5.955543
344,6.120844,6.768009
345,3.917127,4.179920
346,4.706757,4.872011
347,5.368555,5.537702
348,3.362666,3.468926
349,4.077051,4.039876
350,4.699188,4.609186
351,5.042999,5.110763
352,6.532623,5.902102
353,6.176980,6.749969
354,3.942438,4.175683
355,4.557262,4.795866
356,5.113039,5.409308
357,3.364305,3.486650
358,3.880851,4.070963
359,4.473819,4.664830
360,5.109640,5.094632
361,6.409812,5.823830
362,6.090498,6.681272
363,3.956063,4.217778
364,4.684748,4.797959
365,5.340263,5.485562
366,3.321131,3.572964
367,4.113415,4.051541
368,4.683196,4.570901
369,5.115317,5.048755
370,6.486290,5.696430
371,6.180167,6.576715
372,3.945004,4.204805
373,4.458911,4.764526
374,5.144701,5.383983
375,3.211437,3.514169
376,3.852874,4.042495
377,4.497469,4.538351
378,4.971078,5.143961
379,6.580490,5.878992
380,6.143646,6.708260
381,3.916040,4.158545
382,4.732623,4.879087
383,5.369327,5.525173
384,3.347412,3.566966
385,4.079674,4.157120
386,4.708322,4.619751
387,5.216515,5.111459
388,6.460565,5.835511
389,6.236336,6.632569
390,3.944750,4.159328
391,4.568192,4.822660
392,5.162749,5.381578
393,3.349699,3.559255
394,3.888909,4.075260
395,4.521061,4.628384
396,4.864017,5.136496
397,6.429909,5.924547
398,6.103075,6.712420
399,4.006432,4.297436
400,4.805960,4.858098
401,5.335358,5.532294
402,3.329677,3.568603
403,4.087760,4.090397
404,4.714380,4.587393
405,4.914907,5.130061
406,6.627476,5.847272
407,6.146161,6.619900
408,3.892477,4.234260
409,4.548245,4.796669
410,5.136223,5.416490
411,3.273349,3.574547
412,3.808126,3.998929
413,4.489575,4.637351
414,4.942593,5.141907
415,6.385446,5.939617
416,6.130524,6.601215
417,4.026589,4.262413
418,4.734653,4.858205
419,5.373631,5.554172
420,3.322755,3.579669
421,4.115592,4.075818
422,4.689937,4.576725
423,5.060383,5.141816
424,6.785066,5.916023
425,6.180382,6.687123
426,4.073242,4.228263
427,4.501058,4.813196
428,5.152607,5.463112
429,3.284340,3.574784
430,3.858677,4.043739
431,4.502547,4.569850
432,4.990306,5.186059
433,6.586632,6.055773
434,6.144565,6.855880
435,3.941778,4.249998
436,4.774476,4.954090
437,5.341136,5.654489
438,3.333072,3.637827
439,4.069702,4.138150
440,4.686782,4.629523
441,5.086346,5.200126
442,6.696753,5.941539
443,6.124175,6.753893
444,3.901242,4.324517
445,4.457023,4.858983
446,5.109664,5.523896
447,3.236683,3.645322
448,3.822962,4.122343
449,4.498760,4.726617
450,5.120808,5.217680
451,6.539712,6.039952
452,6.122979,6.799117
453,3.988405,4.334635
454,4.747664,4.914628
455,5.374846,5.583545
456,3.379869,3.623670
457,4.151527,4.100445
458,4.673631,4.559856
459,4.976040,5.160516
460,6.638672,5.966098
461,6.191368,6.720725
462,3.931432,4.269973
463,4.582321,4.897223
464,5.125886,5.512585
465,3.291651,3.605254
466,3.822154,4.110380
467,4.482049,4.662736
468,4.937297,5.214682
469,6.338786,6.053928
470,6.100081,6.920000
471,3.857908,4.297066
472,4.729355,4.976484
473,5.342009,5.656348
474,3.368593,3.579151
475,4.059641,4.133907
476,4.637585,4.674288
477,5.002679,5.211729
478,6.483611,6.039881
479,6.122195,6.896824
480,3.899666,4.265351
481,4.450478,4.824759
482,5.131844,5.524277
483,3.233483,3.558074
484,3.825390,4.060603
485,4.472023,4.682994
486,5.166207,5.172558
487,6.348577,5.990541
488,6.135312,6.778773
489,4.076245,4.214641
490,4.789092,4.854467
491,5.376947,5.510503
492,3.360062,3.490631
493,4.110571,3.996455
494,4.714430,4.570162
495,5.242849,5.186673
496,6.676384,5.934230
497,6.189850,6.728333
498,3.960701,4.164260
499,4.486619,4.787519
500,5.161844,5.427964
501,3.305314,3.491902
502,3.919726,4.041590
503,4.485831,4.599904
504,4.968709,5.210747
505,6.351443,6.080042
506,6.103075,6.948397
507,3.987994,4.297196
508,4.662944,4.989892
509,5.338845,5.671336
510,3.322035,3.572225
511,4.060565,4.139950
512,4.692456,4.665195
513,5.017146,5.246554
514,6.516511,6.005237
515,6.136825,6.884230
516,3.909821,4.302390
517,4.479986,4.919338
518,5.132441,5.576098
519,3.227207,3.586366
520,3.828875,4.158055
521,4.470741,4.752104
522,4.966227,5.187863
523,6.398470,5.949150
524,6.165349,6.798306
525,4.005842,4.217119
526,4.722297,4.860636
527,5.334352,5.519974
528,3.323565,3.455016
529,4.159698,4.064548
530,4.678833,4.604927
531,5.064580,5.147764
532,6.645814,5.938011
533,6.177484,6.684314
534,3.981110,4.188718
535,4.485009,4.812854
536,5.131784,5.474829
537,3.292796,3.496897
538,3.869957,4.036459
539,4.477159,4.660455
540,5.000688,5.048401
541,6.324430,5.843667
542,6.138670,6.633490
543,3.931192,4.202812
544,4.715661,4.813727
545,5.342555,5.476411
546,3.347713,3.553767
547,4.053099,4.049601
548,4.686594,4.493404
549,4.887217,5.018627
550,6.460866,5.791861
551,6.180042,6.573647
552,3.965676,4.235545
553,4.483802,4.775931
554,5.132639,5.381827
555,3.213815,3.542623
556,3.858948,4.035625
557,4.490260,4.579924
558,5.155391,5.147493
559,6.424317,5.913723
560,6.126875,6.747572
561,4.052495,4.233154
562,4.680011,4.858867
563,5.375731,5.514457
564,3.336129,3.574966
565,4.103204,4.127735
566,4.654392,4.587590
567,4.967873,5.121562
568,6.596792,5.861548
569,6.132912,6.614401
570,4.047053,4.214389
571,4.489741,4.813136
572,5.156619,5.438309
573,3.284561,3.575810
574,3.873153,4.056613
575,4.502978,4.622527
576,5.039510,5.176266
577,6.423416,5.834898
578,6.128163,6.665866
579,4.007205,4.264800
580,4.659311,4.845258
581,5.334379,5.507020
582,3.334958,3.575354
583,4.092137,4.027327
584,4.695962,4.528180
585,4.921502,5.143453
586,6.638070,5.816738
587,6.083784,6.660817
588,3.952174,4.262685
589,4.499671,4.797746
590,5.134032,5.406653
591,3.223406,3.570659
592,3.800874,4.046955
593,4.486493,4.572366
594,5.155739,5.143735
595,6.374959,5.941327
596,6.135059,6.725250
597,4.036013,4.262090
598,4.736685,4.862509
599,5.371865,5.514264
600,3.353175,3.573554
601,4.102261,4.076105
602,4.717299,4.519345
603,5.037176,5.164493
604,6.533182,5.885876
605,6.184923,6.676913
606,3.972460,4.255701
607,4.488633,4.818717
608,5.164360,5.372400
609,3.254280,3.570991
610,3.824910,3.987746
611,4.503840,4.601833
612,4.983085,5.230396
613,6.610026,6.054286
614,6.175470,6.905954
615,3.846741,4.331533
616,4.717340,4.968011
617,5.336992,5.641128
618,3.354675,3.655176
619,4.132604,4.121324
620,4.721041,4.646878
621,4.934764,5.192839
622,6.551849,5.981701
623,6.179542,6.816473
624,4.054888,4.327768
625,4.449686,4.893152
626,5.136322,5.511759
627,3.222405,3.644077
628,3.902934,4.105174
629,4.506514,4.693782
630,4.913580,5.260198
631,6.374603,6.007143
632,6.172815,6.799983
633,4.011157,4.316050
634,4.838514,4.945076
635,5.373521,5.522609
636,3.394748,3.635195
637,4.190384,4.120386
638,4.689429,4.610639
639,5.168830,5.206040
640,6.600785,5.957870
641,6.241180,6.743839
642,3.971876,4.266546
643,4.497212,4.882360
644,5.156819,5.486150
645,3.301975,3.627360
646,3.912598,4.117297
647,4.520627,4.430097
648,4.864481,5.192802
649,6.363267,6.108648
650,6.198206,6.961051
651,3.895394,4.281625
652,4.702490,4.932955
653,5.237245,5.648514
654,3.325577,3.569805
655,4.071527,4.160694
656,4.721612,4.702075
657,4.904802,5.261934
658,6.466478,6.019132
659,6.191445,6.848192
660,4.001247,4.254310
661,4.560724,4.905132
662,5.126382,5.554276
663,3.218478,3.565326
664,3.905701,4.099143
665,4.491803,4.729173
666,5.002023,5.192556
667,6.428645,5.984921
668,6.161654,6.796094
669,4.023565,4.198167
670,4.855429,4.834465
671,5.377721,5.486734
672,3.380326,3.506690
673,4.095675,4.052734
674,4.711565,4.555295
675,5.221420,5.085716
676,6.594323,5.943416
677,6.133913,6.721957
678,4.021675,4.186733
679,4.503194,4.786014
680,5.159833,5.451826
681,3.239123,3.478270
682,3.891444,4.049670
683,4.502720,4.611269
684,5.111847,5.237976
685,6.355878,6.145340
686,6.204044,6.952254
687,3.989699,4.312389
688,4.750502,4.978537
689,5.340372,5.650037
690,3.294377,3.570059
691,4.074409,4.157020
692,4.689807,4.639601
693,4.966065,5.227132
694,6.499443,6.044807
695,6.175043,6.896255
696,3.933607,4.282272
697,4.421062,4.876925
698,5.178698,5.583848
699,3.225015,3.561632
700,3.852308,4.133898
701,4.492918,4.731296
702,4.909918,5.195090
703,6.377795,5.995781
704,6.123230,6.807546
705,3.969543,4.232575
706,4.736910,4.855100
707,5.338628,5.520645
708,3.380618,3.491808
709,4.100378,3.975737
710,4.711565,4.569904
711,5.009924,5.162602
712,6.568787,5.912611
713,6.135665,6.753011
714,4.033523,4.183855
715,4.485612,4.799474
716,5.163252,5.465601
717,3.332625,3.506937
718,3.928401,4.059131
719,4.511526,4.594178
720,4.721235,4.228952
721,6.547982,5.118385
722,6.020509,5.600604
723,3.839087,3.704808
724,4.719319,4.439656
725,5.301327,4.862569
726,3.359301,3.170721
727,4.120432,3.917316
728,4.686987,4.419850
729,4.752872,4.266048
730,6.430297,5.129271
731,6.051799,5.586625
732,3.881664,3.700268
733,4.408537,4.454171
734,5.120230,4.800388
735,3.188900,3.282748
736,3.822762,3.922019
737,4.457510,4.316065
738,4.922289,4.215879
739,6.377659,5.137615
740,6.013895,5.533376
741,3.848795,3.663012
742,4.693954,4.396612
743,5.299726,4.851013
744,3.309541,3.094022
745,4.095796,3.871691
746,4.702628,4.389940
747,4.929545,4.258489
748,6.515511,5.100790
749,5.886560,5.573025
750,4.041106,3.667784
751,4.494180,4.412719
752,5.067251,4.792108
753,3.146016,3.274530
754,3.797531,3.916215
755,4.451859,4.203215
756,4.687784,4.404302
757,6.490417,5.260599
758,6.115806,5.660568
759,3.912382,3.737353
760,4.727685,4.472559
761,5.299512,4.972155
762,3.327388,3.186496
763,4.139703,3.921733
764,4.698284,4.431459
765,4.916783,4.331037
766,6.581151,5.192773
767,6.042458,5.836243
768,3.852607,3.748879
769,4.413368,4.492997
770,5.116693,4.976865
771,3.198013,3.329465
772,3.804793,3.929801
773,4.454303,4.569009
774,4.913329,4.293214
775,5.712676,5.271965
776,5.953740,5.649261
777,4.029301,3.728098
778,4.683313,4.433866
779,5.298766,4.966799
780,3.328540,3.185123
781,4.106685,3.945643
782,4.694794,4.392593
783,4.767119,4.364467
784,6.422155,5.244553
785,6.024456,5.781054
786,3.851854,3.699573
787,4.403716,4.400086
788,5.096158,4.958006
789,3.269513,3.198890
790,3.823002,3.909290
791,4.448829,4.597961
792,4.748924,4.316994
793,6.280973,5.242495
794,6.116778,5.789179
795,3.979545,3.769195
796,4.614887,4.515944
797,5.304854,5.006396
798,3.343299,3.329683
799,4.053905,3.956658
800,4.691499,4.451586
801,4.762449,4.362085
802,6.417565,5.208774
803,6.093520,5.830100
804,3.916580,3.782374
805,4.537273,4.456081
806,5.125445,5.003107
807,3.187182,3.236895
808,3.845505,3.938888
809,4.460721,4.587543
810,4.685626,4.344694
811,6.203974,5.223859
812,5.999412,5.677045
813,3.827502,3.734673
814,4.728580,4.455206
815,5.301754,4.913341
816,3.318378,3.158407
817,4.068137,3.913594
818,4.691404,4.370270
819,5.033739,4.332248
820,6.578917,5.238068
821,5.932809,5.718937
822,3.987945,3.740727
823,4.399001,4.441908
824,5.097230,4.936002
825,3.245470,3.293865
826,3.820846,3.708957
827,4.448408,4.454569
828,4.708663,4.387771
829,6.374488,5.331664
830,6.065624,5.934876
831,3.943527,3.771863
832,4.748112,4.544335
833,5.304319,5.101844
834,3.353497,3.303148
835,4.073914,3.923338
836,4.694794,4.480045
837,4.822461,4.356997
838,6.432413,5.282753
839,6.050840,6.175903
840,3.900654,3.762355
841,4.505713,4.519856
842,5.106112,5.309251
843,3.287225,3.314144
844,3.904772,3.909071
845,4.482697,4.669943
846,4.727037,4.303758
847,6.413820,5.231779
848,6.050720,5.786243
849,3.906750,3.712913
850,4.628558,4.425590
851,5.302289,4.946361
852,3.302238,3.144026
853,4.117633,3.885665
854,4.688866,4.453006
855,4.773678,4.263821
856,6.407267,5.173008
857,6.065293,6.008816
858,3.859074,3.693281
859,4.420997,4.423810
860,5.093141,5.203636
861,3.238930,3.157151
862,3.892723,3.859965
863,4.471941,4.571217
864,4.845870,4.376916
865,6.505486,5.290620
866,6.084964,6.058183
867,3.920946,3.786877
868,4.631559,4.514178
869,5.235749,5.119961
870,3.296805,3.202417
871,4.091226,3.787036
872,4.699038,4.522749
873,4.774569,4.459666
874,6.447509,5.270504
875,6.043893,6.208355
876,3.850418,3.768755
877,4.413368,4.549111
878,5.107676,5.305538
879,3.187346,3.308286
880,3.821644,3.832374
881,4.465123,4.744914
882,4.965502,4.354882
883,6.203807,5.183699
884,6.011671,5.789191
885,3.835862,3.719950
886,4.742033,4.421989
887,5.298339,4.979034
888,3.326238,3.258750
889,4.143154,3.845777
890,4.714274,4.404810
891,4.785708,4.312619
892,6.383128,5.171898
893,6.082920,6.002041
894,3.884506,3.698669
895,4.402079,4.429083
896,5.099179,5.197106
897,3.193409,3.148037
898,3.816860,3.713909
899,4.447063,4.541954
900,4.902124,4.967690
901,6.333898,5.827520
902,6.156640,6.599499
903,3.902657,4.128327
904,4.727685,4.790264
905,5.337864,5.390536
906,3.354675,3.402269
907,4.120712,3.934216
908,4.706508,4.534898
909,4.899914,5.014024
910,6.461952,5.714725
911,6.173045,6.586039
912,3.979384,4.123035
913,4.464584,4.714050
914,5.188169,5.319037
915,3.264489,3.496938
916,3.889741,3.943280
917,4.467326,4.507108
918,5.033225,5.038891
919,6.554499,5.928001
920,6.128259,6.651106
921,3.981354,4.170265
922,4.765429,4.786773
923,5.372858,5.441378
924,3.358131,3.502302
925,4.122753,3.984049
926,4.705083,4.575927
927,4.995640,5.015360
928,6.565643,5.990638
929,6.180004,6.639377
930,4.037678,4.031842
931,4.592317,4.762515
932,5.123692,5.281950
933,3.313778,3.436658
934,3.888019,4.018631
935,4.515769,4.536201
936,4.893482,5.035250
937,6.375193,5.871294
938,6.123672,6.642671
939,3.953806,4.203544
940,4.697931,4.808631
941,5.342991,5.434314
942,3.319711,3.401047
943,4.073486,3.996730
944,4.686971,4.583244
945,4.911271,5.062253
946,6.535521,5.790139
947,6.168805,6.622606
948,3.885650,4.162533
949,4.460204,4.743459
950,5.141007,5.340486
951,3.248355,3.417485
952,3.914883,3.945154
953,4.489489,4.587179
954,5.000385,5.051752
955,6.437319,5.952126
956,6.136573,6.684063
957,4.003367,4.201143
958,4.715077,4.816636
959,5.371644,5.489576
960,3.370926,3.400033
961,4.142910,4.033051
962,4.708036,4.602407
963,5.180055,5.077451
964,6.586820,5.834378
965,6.132287,6.690727
966,3.965214,4.118142
967,4.483903,4.776490
968,5.157522,5.274399
969,3.277759,3.535762
970,3.800362,3.955349
971,4.511439,4.439912
972,5.050760,5.114283
973,6.312924,6.094194
974,6.139923,6.832847
975,3.932209,4.277719
976,4.712081,4.921447
977,5.342773,5.557547
978,3.343029,3.543454
979,4.115664,4.054387
980,4.711342,4.658146
981,5.061395,5.105000
982,6.443368,5.933599
983,6.117622,6.781177
984,4.051291,4.252919
985,4.465382,4.839818
986,5.181817,5.495826
987,3.293221,3.589008
988,3.824257,4.079790
989,4.502634,4.462995
990,5.083471,5.115016
991,6.542933,6.015378
992,6.177505,6.769637
993,3.913671,4.135797
994,4.800085,4.861591
995,5.369548,5.528809
996,3.389642,3.447674
997,4.118311,3.939921
998,4.704893,4.619320
999,5.265098,5.155981
1000,6.636067,5.955906
1001,6.192000,6.743890
1002,4.050213,4.197657
1003,4.517338,4.826533
1004,5.185243,5.398964
1005,3.362384,3.470354
1006,3.888999,4.046761
1007,4.482736,4.592468
1008,4.875492,5.139099
1009,6.372200,6.096115
1010,6.182525,6.945283
1011,4.004159,4.248151
1012,4.729810,4.931989
1013,5.377153,5.619030
1014,3.347527,3.542362
1015,4.130766,4.055999
1016,4.713905,4.723075
1017,4.998088,5.104884
1018,6.498528,6.003293
1019,6.182294,6.769013
1020,3.933245,4.227333
1021,4.487236,4.851521
1022,5.168860,5.538386
1023,3.300591,3.450636
1024,3.895383,4.077374
1025,4.548142,4.646436
1026,5.004591,5.080149
1027,6.491216,5.988021
1028,6.226352,6.760439
1029,4.026167,4.172712
1030,4.876651,4.778015
1031,5.372747,5.467066
1032,3.397336,3.453563
1033,4.234515,3.953162
1034,4.736814,4.596252
1035,5.009080,5.041536
1036,6.518168,5.885430
1037,6.200362,6.716689
1038,4.086338,4.153353
1039,4.524647,4.748525
1040,5.230213,5.378513
1041,3.296805,3.462713
1042,3.888717,4.015214
1043,4.561736,4.627691
1044,4.873948,5.159379
1045,6.384049,6.100304
1046,6.137292,6.967861
1047,3.946708,4.258687
1048,4.722216,4.916696
1049,5.405253,5.613328
1050,3.392038,3.459882
1051,4.153186,4.121975
1052,4.720850,4.725181
1053,5.031434,5.150369
1054,6.638259,6.000535
1055,6.092782,6.913095
1056,4.044353,4.214483
1057,4.514235,4.888855
1058,5.203248,5.491399
1059,3.257811,3.526902
1060,3.958726,4.043043
1061,4.548142,4.738673
1062,5.067230,5.092094
1063,6.529418,5.961684
1064,6.174589,6.809543
1065,4.022856,4.174409
1066,4.774181,4.844060
1067,5.408094,5.452262
1068,3.395724,3.455820
1069,4.183960,3.999869
1070,4.773378,4.531246
1071,5.229022,5.075127
1072,6.604729,5.918482
1073,6.136667,6.728128
1074,4.059900,4.141253
1075,4.528820,4.772974
1076,5.195851,5.444285
1077,3.372909,3.364091
1078,3.873681,3.990962
1079,4.537438,4.563658
1080,4.923234,4.964271
1081,6.400833,5.834276
1082,6.137918,6.665794
1083,3.931192,4.103902
1084,4.716203,4.783709
1085,5.376934,5.396172
1086,3.356876,3.497275
1087,4.149129,3.953848
1088,4.751784,4.538819
1089,4.934605,5.005543
1090,6.732814,5.747969
1091,6.132851,6.629132
1092,4.046385,4.122238
1093,4.481842,4.713682
1094,5.211834,5.316105
1095,3.208666,3.495406
1096,3.854612,3.936486
1097,4.552926,4.542616
1098,5.144496,5.044667
1099,6.422745,5.939972
1100,6.174842,6.693793
1101,4.054049,4.164053
1102,4.760205,4.827157
1103,5.406539,5.469678
1104,3.420066,3.395401
1105,4.154514,4.051534
1106,4.731354,4.589772
1107,5.048669,5.031419
1108,6.628043,5.865294
1109,6.171948,6.663251
1110,4.017312,4.151052
1111,4.526376,4.729199
1112,5.236130,5.409579
1113,3.340638,3.396323
1114,3.873252,3.975814
1115,4.570844,4.596822
1116,4.912230,5.088873
1117,6.455465,5.872974
1118,6.151980,6.672519
1119,4.010255,4.237866
1120,4.726680,4.833418
1121,5.304286,5.483901
1122,3.373910,3.510120
1123,4.143022,3.978262
1124,4.743737,4.564953
1125,4.910323,5.084629
1126,6.548720,5.800285
1127,6.147283,6.613963
1128,4.011956,4.162459
1129,4.573019,4.785583
1130,5.167057,5.386695
1131,3.299807,3.539430
1132,3.893241,4.010741
1133,4.544149,4.537472
1134,5.050926,5.106455
1135,6.701771,5.962909
1136,6.177125,6.686750
1137,4.058733,4.189071
1138,4.757600,4.833647
1139,5.406539,5.442303
1140,3.395724,3.503665
1141,4.194094,4.010593
1142,4.732407,4.592452
1143,5.143061,5.129405
1144,6.721139,5.874467
1145,6.186691,6.660765
1146,4.037202,4.179677
1147,4.526275,4.788279
1148,5.194738,5.445232
1149,3.334756,3.515952
1150,3.893137,4.039279
1151,4.554058,4.416629
1152,4.948413,5.099793
1153,6.420533,6.124713
1154,6.137292,6.823990
1155,3.967397,4.259533
1156,4.730257,4.913447
1157,5.374299,5.577888
1158,3.339656,3.571272
1159,4.157935,4.109182
1160,4.750825,4.655628
1161,4.967105,5.166267
1162,6.708150,6.101332
1163,6.129502,6.784278
1164,3.926988,4.289099
1165,4.537870,4.844856
1166,5.169461,5.475168
1167,3.261575,3.511623
1168,3.959748,4.072063
1169,4.575289,4.632681
1170,4.986263,5.187919
1171,6.475915,6.010904
1172,6.173702,6.777473
1173,3.990217,4.246977
1174,4.732736,4.876231
1175,5.405984,5.520264
1176,3.394157,3.464433
1177,4.193321,4.033015
1178,4.798313,4.626369
1179,5.034020,5.142287
1180,6.621438,5.936319
1181,6.181643,6.707434
1182,3.995517,4.227966
1183,4.525461,4.714352
1184,5.195648,5.401390
1185,3.391210,3.462888
1186,3.963724,3.951074
1187,4.528757,4.455580
1188,4.901433,5.148974
1189,6.388609,6.088547
1190,6.180382,6.972058
1191,3.986561,4.286596
1192,4.848116,4.956194
1193,5.374299,5.605801
1194,3.369272,3.482911
1195,4.187119,4.062812
1196,4.776043,4.723403
1197,5.120013,5.155156
1198,6.559618,5.985602
1199,6.128263,6.863575
1200,4.047102,4.236331
1201,4.539204,4.870811
1202,5.175079,5.538872
1203,3.303121,3.457866
1204,3.960856,4.115054
1205,4.549967,4.704378
1206,5.060229,5.062591
1207,6.480461,5.969945
1208,6.239043,6.774171
1209,4.082928,4.174442
1210,4.769741,4.818601
1211,5.408873,5.486110
1212,3.400033,3.428456
1213,4.208852,3.991805
1214,4.732024,4.614837
1215,4.989631,5.048109
1216,6.582686,5.888422
1217,6.176728,6.709192
1218,4.034841,4.137650
1219,4.521193,4.789556
1220,5.185444,5.375172
1221,3.296805,3.471002
1222,3.892156,3.943324
1223,4.529190,4.657442
1224,5.068398,5.144269
1225,6.363941,6.106368
1226,6.131912,7.002933
1227,3.934805,4.262386
1228,4.793521,4.940345
1229,5.382432,5.642105
1230,3.332715,3.515709
1231,4.143532,4.072670
1232,4.710678,4.741991
1233,5.010296,5.171106
1234,6.743161,6.005773
1235,6.133844,6.918179
1236,3.914492,4.250426
1237,4.582911,4.887816
1238,5.190289,5.449046
1239,3.343229,3.461805
1240,3.850122,3.967485
1241,4.553883,4.661201
1242,5.039014,5.054190
1243,6.574247,5.932215
1244,6.170156,6.784954
1245,4.037321,4.186779
1246,4.879934,4.830164
1247,5.407761,5.470506
1248,3.392222,3.351831
1249,4.145020,3.963196
1250,4.742577,4.622126
1251,5.178766,5.107314
1252,6.628610,5.913159
1253,6.175596,6.753094
1254,4.129203,4.155438
1255,4.582314,4.795069
1256,5.154812,5.318390
1257,3.304693,3.459232
1258,3.969680,3.903504
1259,4.530924,4.566431
1260,4.941313,4.967872
1261,6.398704,5.847524
1262,6.134038,6.665606
1263,3.943479,4.152030
1264,4.765763,4.808528
1265,5.343537,5.438073
1266,3.319091,3.474367
1267,4.133735,3.983465
1268,4.694919,4.584503
1269,4.925690,5.001431
1270,6.522273,5.694016
1271,6.125660,6.531534
1272,3.941436,4.145941
1273,4.479848,4.707260
1274,5.169261,5.342879
1275,3.277495,3.501955
1276,3.862068,3.978738
1277,4.521489,4.517707
1278,5.039504,5.019204
1279,6.407242,5.929671
1280,6.182458,6.593445
1281,4.079766,4.187189
1282,4.726205,4.853974
1283,5.371534,5.494830
1284,3.393902,3.409272
1285,4.146542,4.037686
1286,4.704988,4.594064
1287,5.050005,5.076039
1288,6.658406,5.814263
1289,6.198586,6.668998
1290,4.022974,4.166244
1291,4.523021,4.783927
1292,5.159129,5.427003
1293,3.350784,3.507785
1294,3.909528,4.029607
1295,4.530750,4.642502
1296,4.849802,5.030432
1297,6.583062,5.895958
1298,6.142056,6.715418
1299,3.973612,4.176354
1300,4.756130,4.825991
1301,5.372324,5.482486
1302,3.348977,3.425835
1303,4.099977,4.026841
1304,4.689994,4.579649
1305,4.916490,5.094150
1306,6.546831,5.779690
1307,6.184173,6.647228
1308,3.974996,4.181387
1309,4.485137,4.776206
1310,5.165856,5.317053
1311,3.230279,3.433875
1312,3.919762,3.993854
1313,4.532919,4.536999
1314,5.046667,5.086907
1315,6.422388,5.962541
1316,6.174209,6.699364
1317,4.058944,4.216488
1318,4.744490,4.843806
1319,5.371423,5.484220
1320,3.379039,3.415704
1321,4.133833,3.839117
1322,4.702514,4.599561
1323,5.019385,5.097163
1324,6.618177,5.885324
1325,6.232390,6.679377
1326,3.986592,4.105594
1327,4.521716,4.756841
1328,5.163655,5.359221
1329,3.309276,3.518830
1330,3.855422,3.920763
1331,4.527890,4.471583
1332,4.884160,5.110465
1333,6.298340,6.026346
1334,6.202774,6.830707
1335,3.898519,4.301909
1336,4.794093,4.948916
1337,5.235426,5.604534
1338,3.347713,3.562157
1339,4.122329,4.069660
1340,4.738483,4.688356
1341,4.945796,5.129155
1342,6.440311,5.925385
1343,6.183421,6.791585
1344,3.951832,4.205261
1345,4.506116,4.878130
1346,5.136223,5.433368
1347,3.230111,3.570791
1348,3.935434,4.063723
1349,4.516743,4.656586
1350,4.954302,5.101888
1351,6.432979,6.033340
1352,6.228399,6.772379
1353,4.010138,4.207295
1354,4.736910,4.902715
1355,5.378163,5.547631
1356,3.388533,3.474360
1357,4.159522,4.018643
1358,4.744405,4.644197
1359,5.011582,5.125122
1360,6.707376,5.939577
1361,6.178113,6.752552
1362,4.048896,4.200067
1363,4.499235,4.734241
1364,5.198586,5.486024
1365,3.280091,3.415903
1366,3.967700,3.996716
1367,4.543797,4.432017
1368,5.049103,5.145825
1369,6.566951,6.085456
1370,6.182021,6.959870
1371,3.979499,4.286983
1372,4.746760,4.959684
1373,5.339827,5.589789
1374,3.339524,3.514485
1375,4.142966,4.056689
1376,4.720469,4.679538
1377,5.094153,5.123224
1378,6.533855,5.971316
1379,6.174293,6.900421
1380,4.023565,4.247907
1381,4.467324,4.884959
1382,5.169662,5.559810
1383,3.262600,3.552007
1384,3.883467,4.046973
1385,4.511578,4.767691
1386,5.036179,5.097236
1387,6.432257,5.975706
1388,6.184112,6.767065
1389,4.040656,4.173415
1390,4.808270,4.842662
1391,5.371423,5.482147
1392,3.358847,3.368426
1393,4.126470,3.992334
1394,4.715100,4.628139
1395,5.111378,5.039440
1396,6.524065,5.881043
1397,6.181643,6.724223
1398,4.099545,4.149601
1399,4.542717,4.773054
1400,5.189279,5.465304
1401,3.307753,3.477882
1402,3.955944,4.030844
1403,4.529710,4.514060
1404,4.843801,5.158381
1405,6.393351,6.085718
1406,6.185428,6.970754
1407,3.968202,4.282668
1408,4.714542,4.945953
1409,5.376055,5.641554
1410,3.314839,3.474058
1411,4.143404,4.044185
1412,4.714096,4.744932
1413,4.914749,5.181469
1414,6.504939,6.014894
1415,6.132479,6.913089
1416,3.999717,4.248446
1417,4.489037,4.869732
1418,5.175079,5.444631
1419,3.261575,3.465287
1420,3.931965,4.028244
1421,4.515107,4.675350
1422,5.099140,5.085029
1423,6.659430,5.959408
1424,6.176618,6.788664
1425,3.978424,4.190314
1426,4.766115,4.836868
1427,5.371202,5.469347
1428,3.397336,3.338303
1429,4.127318,3.935416
1430,4.705654,4.562342
1431,4.997696,5.070005
1432,6.640459,5.894078
1433,6.235827,6.736135
1434,4.001719,4.146704
1435,4.497515,4.789885
1436,5.185545,5.470991
1437,3.312629,3.432324
1438,3.911412,4.024502
1439,4.544058,4.637933
1440,4.893591,4.266128
1441,6.197476,5.142669
1442,6.046526,5.777916
1443,3.841456,3.697698
1444,4.685596,4.479904
1445,5.323887,5.093885
1446,3.401175,3.298648
1447,4.042746,4.003930
1448,4.694615,4.325905
1449,4.924653,4.259335
1450,6.409739,5.065703
1451,5.995121,5.684129
1452,3.903966,3.689780
1453,4.400172,4.413335
1454,5.089739,4.833591
1455,3.180338,3.263292
1456,3.861008,3.866601
1457,4.472954,4.395152
1458,4.702762,4.300768
1459,6.184190,5.169340
1460,6.035888,5.783292
1461,3.951612,3.700411
1462,4.774652,4.584187
1463,5.291095,5.083425
1464,3.352375,3.288044
1465,4.118285,4.041569
1466,4.709462,4.408820
1467,4.876574,4.390003
1468,6.443660,5.109276
1469,5.990651,5.625357
1470,3.932572,3.708693
1471,4.492815,4.457144
1472,5.115613,4.899495
1473,3.236832,3.274727
1474,3.848145,3.852229
1475,4.495586,4.411796
1476,4.693293,4.411936
1477,6.149746,5.213237
1478,6.029333,5.930608
1479,3.860803,3.799267
1480,4.673334,4.546678
1481,5.289712,5.164537
1482,3.332178,3.323574
1483,4.079568,3.989505
1484,4.724497,4.447503
1485,4.777412,4.369994
1486,6.471993,5.154780
1487,6.050742,5.841083
1488,3.923288,3.780704
1489,4.503423,4.438692
1490,5.093238,5.118801
1491,3.273108,3.323765
1492,3.850399,3.887907
1493,4.497454,4.624851
1494,4.737914,4.377751
1495,6.234647,5.243966
1496,5.979288,5.844733
1497,3.824937,3.755552
1498,4.625668,4.573140
1499,5.289500,5.154136
1500,3.360125,3.331654
1501,4.112841,4.015463
1502,4.693099,4.417434
1503,4.768649,4.317043
1504,6.440805,5.183787
1505,6.008451,5.811231
1506,3.940549,3.725055
1507,4.539283,4.432044
1508,5.086050,5.069405
1509,3.262430,3.293824
1510,3.874994,3.944635
1511,4.474815,4.599137
1512,4.958067,4.363202
1513,6.488787,5.246030
1514,5.988150,5.951214
1515,3.911383,3.804021
1516,4.703380,4.632976
1517,5.291095,5.194820
1518,3.434255,3.382375
1519,4.115210,4.041998
1520,4.704377,4.495279
1521,4.740730,4.362733
1522,6.393527,5.182837
1523,6.065293,5.883567
1524,3.843287,3.781268
1525,4.459923,4.508089
1526,5.088282,5.120761
1527,3.292593,3.336826
1528,3.814154,3.920800
1529,4.472025,4.640030
1530,4.712269,4.377599
1531,6.261035,5.190892
1532,6.081116,5.831674
1533,3.953765,3.745863
1534,4.630594,4.514022
1535,5.283553,5.105302
1536,3.409394,3.314120
1537,4.124825,3.986865
1538,4.725256,4.360035
1539,4.843448,4.302679
1540,6.477221,5.153724
1541,6.044442,5.763814
1542,3.855515,3.715756
1543,4.392283,4.429237
1544,5.101325,5.037324
1545,3.259537,3.294891
1546,3.830367,3.912742
1547,4.474392,4.546146
1548,4.781163,4.339613
1549,6.260820,5.324294
1550,6.037440,6.121539
1551,3.914936,3.783055
1552,4.618191,4.633061
1553,5.325921,5.335287
1554,3.344661,3.341957
1555,4.113396,4.096020
1556,4.728105,4.631407
1557,4.666887,4.318294
1558,6.382297,5.261803
1559,6.055624,6.021811
1560,3.897348,3.780205
1561,4.440418,4.502750
1562,5.091487,5.231199
1563,3.206279,3.324955
1564,3.809785,3.948775
1565,4.497624,4.723313
1566,4.789434,4.295938
1567,6.370409,5.237738
1568,5.994191,5.991585
1569,3.899992,3.731424
1570,4.705138,4.478163
1571,5.327528,5.214981
1572,3.316442,3.279342
1573,4.095926,3.991754
1574,4.716920,4.383680
1575,4.730488,4.302161
1576,6.408326,5.180558
1577,6.010226,5.929322
1578,3.872292,3.686393
1579,4.426693,4.427979
1580,5.085274,5.115650
1581,3.208172,3.264891
1582,3.827896,3.852106
1583,4.482018,4.607327
1584,4.726791,4.398417
1585,6.294372,5.315216
1586,5.999412,6.101555
1587,3.904746,3.811338
1588,4.647488,4.631000
1589,5.320038,5.362241
1590,3.327893,3.352849
1591,4.132259,4.070472
1592,4.716352,4.632176
1593,4.738416,4.381042
1594,6.425070,5.262574
1595,6.052646,6.062243
1596,3.851639,3.779385
1597,4.437547,4.566703
1598,5.121747,5.245241
1599,3.205293,3.337462
1600,3.818683,3.939598
1601,4.499069,4.658969
1602,4.784556,4.325382
1603,6.247306,5.174673
1604,6.024456,5.978658
1605,3.931563,3.697723
1606,4.630166,4.502936
1607,5.328385,5.225480
1608,3.310644,3.278069
1609,4.106965,4.027972
1610,4.711631,4.464088
1611,4.711547,4.287820
1612,6.427632,5.142936
1613,6.015317,5.904803
1614,3.993256,3.691774
1615,4.452334,4.430370
1616,5.121161,5.112018
1617,3.298240,3.271353
1618,3.882890,3.909465
1619,4.494737,4.611267
1620,4.911917,4.966853
1621,6.598120,5.802205
1622,6.113713,6.586830
1623,3.920391,4.144429
1624,4.713979,4.784298
1625,5.353308,5.461731
1626,3.382035,3.477764
1627,4.159742,3.975427
1628,4.734193,4.438652
1629,4.951280,4.966989
1630,6.669824,5.708884
1631,6.104067,6.484113
1632,3.999276,4.142719
1633,4.617127,4.729318
1634,5.151088,5.334734
1635,3.316969,3.511649
1636,3.920841,4.007049
1637,4.542502,4.581902
1638,4.978518,5.092204
1639,6.340510,5.848530
1640,6.120093,6.698634
1641,4.032718,4.220934
1642,4.711314,4.883991
1643,5.393368,5.544529
1644,3.367132,3.559475
1645,4.119322,4.186549
1646,4.716376,4.635592
1647,4.870930,5.048429
1648,6.629177,5.779680
1649,6.093266,6.620174
1650,4.099177,4.179077
1651,4.475467,4.784720
1652,5.157464,5.335722
1653,3.249800,3.544995
1654,3.865087,3.968394
1655,4.505051,4.586123
1656,4.876883,5.082453
1657,6.429545,5.751579
1658,6.086493,6.574694
1659,3.984833,4.235654
1660,4.702784,4.840139
1661,5.352545,5.452856
1662,3.369598,3.545885
1663,4.224150,4.000859
1664,4.698755,4.567722
1665,4.862622,5.063848
1666,6.522774,5.914934
1667,6.140274,6.498325
1668,4.029839,4.189587
1669,4.565687,4.735916
1670,5.121624,5.361302
1671,3.356155,3.525170
1672,3.939247,3.950126
1673,4.533852,4.530793
1674,4.976102,5.176753
1675,5.826035,5.905206
1676,6.021227,6.645096
1677,3.908088,4.231802
1678,4.809658,4.860826
1679,5.356577,5.509610
1680,3.457528,3.544719
1681,4.113415,4.057800
1682,4.748524,4.510767
1683,5.022564,5.113177
1684,6.639313,5.839289
1685,6.092531,6.586942
1686,3.976381,4.202438
1687,4.541897,4.770199
1688,5.151884,5.417755
1689,3.313541,3.554873
1690,3.834694,4.067957
1691,4.533938,4.598342
1692,4.988216,5.175693
1693,6.441570,5.915057
1694,6.084457,6.804041
1695,3.829930,4.263597
1696,4.652245,4.830290
1697,5.316966,5.570813
1698,3.361751,3.614785
1699,4.081766,4.070284
1700,4.696771,4.594811
1701,5.100831,5.110971
1702,6.454000,5.868606
1703,6.161116,6.650104
1704,3.966385,4.259500
1705,4.464522,4.858902
1706,5.106814,5.438650
1707,3.226839,3.601317
1708,3.864872,4.016223
1709,4.509085,4.600060
1710,4.904714,5.213918
1711,5.748966,5.875603
1712,6.008929,6.764427
1713,3.965560,4.225424
1714,4.704112,4.906190
1715,5.359740,5.584385
1716,3.381338,3.606591
1717,4.124398,4.105896
1718,4.722852,4.548009
1719,4.889320,5.167254
1720,6.668907,5.880649
1721,6.033864,6.641897
1722,4.119889,4.227507
1723,4.551946,4.805404
1724,5.154971,5.470476
1725,3.294849,3.578399
1726,3.932219,4.017635
1727,4.501281,4.632378
1728,4.821856,5.109605
1729,6.221201,5.982457
1730,6.089592,6.845317
1731,3.852150,4.265440
1732,4.647273,4.905386
1733,5.327946,5.646364
1734,3.290430,3.541465
1735,4.105175,4.110411
1736,4.668372,4.662247
1737,4.873799,5.138437
1738,6.477762,6.018713
1739,6.161980,6.765718
1740,3.935602,4.231750
1741,4.441113,4.838105
1742,5.141355,5.502177
1743,3.227472,3.532588
1744,3.837679,4.145828
1745,4.446098,4.741314
1746,4.889748,5.060775
1747,5.792400,5.892170
1748,5.962685,6.666048
1749,4.061933,4.186819
1750,4.708541,4.838138
1751,5.354070,5.519062
1752,3.370878,3.487129
1753,4.090974,4.062493
1754,4.715426,4.579572
1755,5.155184,5.009994
1756,6.611541,5.824697
1757,6.087146,6.613647
1758,4.088045,4.162406
1759,4.575025,4.737482
1760,5.148105,5.422248
1761,3.306004,3.466933
1762,3.905272,4.029777
1763,4.513384,4.583478
1764,4.924968,5.136628
1765,6.339814,5.994436
1766,6.128881,6.775074
1767,4.038148,4.230986
1768,4.827310,4.927250
1769,5.354723,5.611091
1770,3.358847,3.569406
1771,4.160694,4.078546
1772,4.716376,4.657678
1773,4.898978,5.081747
1774,6.558180,6.050286
1775,6.098171,6.782887
1776,4.070311,4.213068
1777,4.519368,4.855029
1778,5.192479,5.533170
1779,3.256104,3.549536
1780,3.861497,4.119876
1781,4.524774,4.709877
1782,5.017323,5.066634
1783,5.572391,5.836064
1784,6.011909,6.650211
1785,3.971423,4.194847
1786,4.740188,4.814627
1787,5.391722,5.494697
1788,3.393972,3.488702
1789,4.176126,4.001047
1790,4.775561,4.535023
1791,4.942849,5.033365
1792,6.673118,5.810173
1793,6.182161,6.603570
1794,4.118943,4.151002
1795,4.528405,4.767374
1796,5.148403,5.437496
1797,3.379441,3.472005
1798,3.991405,4.056619
1799,4.631101,4.647370
1800,4.954740,5.058034
1801,6.393527,5.874325
1802,6.122443,6.535485
1803,3.994065,4.154183
1804,4.886778,4.763040
1805,5.382191,5.448978
1806,3.378261,3.533772
1807,4.171649,4.019657
1808,4.651722,4.476846
1809,4.946980,5.009750
1810,6.567027,5.696287
1811,6.179181,6.554940
1812,4.056079,4.140848
1813,4.541203,4.716078
1814,5.218479,5.354227
1815,3.237073,3.513486
1816,3.884977,4.004638
1817,4.597055,4.498676
1818,5.122878,5.061151
1819,6.589169,5.875648
1820,6.149548,6.651463
1821,4.019204,4.215323
1822,4.843438,4.866931
1823,5.395455,5.542266
1824,3.362565,3.565412
1825,4.268398,4.128416
1826,4.778647,4.598836
1827,4.935237,5.045531
1828,6.670438,5.739559
1829,6.196977,6.617167
1830,4.043594,4.184788
1831,4.559826,4.787308
1832,5.219387,5.400485
1833,3.296369,3.547631
1834,3.964657,4.007757
1835,4.596179,4.575510
1836,4.976049,5.136083
1837,6.419647,5.797761
1838,6.171672,6.629065
1839,3.982992,4.213459
1840,4.779935,4.801164
1841,5.400956,5.440188
1842,3.364616,3.567267
1843,4.173733,3.980463
1844,4.754266,4.565233
1845,4.958780,5.105589
1846,6.769344,5.733227
1847,6.190494,6.528155
1848,3.980464,4.201052
1849,4.615856,4.724102
1850,5.186460,5.371096
1851,3.343420,3.485878
1852,3.904554,4.031622
1853,4.619364,4.539762
1854,4.935554,5.133544
1855,5.788913,5.866699
1856,6.012744,6.645545
1857,3.946073,4.244221
1858,4.743381,4.835558
1859,5.393917,5.519917
1860,3.405716,3.568513
1861,4.262538,4.055829
1862,4.776333,4.517965
1863,4.900027,5.124109
1864,6.627665,5.822497
1865,6.139656,6.596591
1866,4.099234,4.200181
1867,4.514281,4.819470
1868,5.185058,5.409996
1869,3.255591,3.553562
1870,3.856206,4.031811
1871,4.542762,4.557551
1872,4.974493,5.168060
1873,6.098464,5.987119
1874,6.058050,6.750943
1875,3.869142,4.284912
1876,4.745952,4.923470
1877,5.355207,5.590028
1878,3.397939,3.613255
1879,4.141896,4.115434
1880,4.705600,4.649279
1881,4.983410,5.139310
1882,6.556659,5.819975
1883,6.096331,6.678208
1884,3.914348,4.256960
1885,4.498162,4.816793
1886,5.183656,5.390059
1887,3.238930,3.599539
1888,3.921779,4.041177
1889,4.556142,4.623838
1890,4.860550,5.154698
1891,5.639687,5.908231
1892,6.006547,6.683498
1893,4.041343,4.271310
1894,4.746400,4.860245
1895,5.354397,5.544863
1896,3.379292,3.589331
1897,4.167848,4.098414
1898,4.750058,4.586804
1899,5.155875,5.161567
1900,6.617608,5.926766
1901,6.089470,6.633313
1902,4.077823,4.234005
1903,4.556489,4.789186
1904,5.154572,5.438416
1905,3.276282,3.583102
1906,3.910821,4.073832
1907,4.534543,4.586580
1908,4.812806,5.139265
1909,6.305170,5.970393
1910,6.056464,6.831582
1911,3.905403,4.237363
1912,4.848466,4.911776
1913,5.361711,5.606240
1914,3.304169,3.554885
1915,4.133798,4.117729
1916,4.697709,4.696479
1917,4.978679,5.171151
1918,6.554257,5.865835
1919,6.137928,6.776410
1920,3.906201,4.211953
1921,4.498658,4.856999
1922,5.186160,5.503948
1923,3.244646,3.537414
1924,3.879767,4.097665
1925,4.513557,4.737236
1926,4.852119,5.076195
1927,5.769664,5.863087
1928,5.954304,6.637722
1929,3.999624,4.174350
1930,4.721101,4.798223
1931,5.393807,5.513066
1932,3.394341,3.481033
1933,4.194993,4.038022
1934,4.746991,4.583922
1935,5.134024,5.113181
1936,6.634922,6.008452
1937,6.116264,6.641742
1938,3.952744,4.157672
1939,4.475367,4.732889
1940,5.113913,5.439555
1941,3.311083,3.500083
1942,3.857913,4.041743
1943,4.534370,4.621007
1944,4.913015,5.160352
1945,6.435462,5.962247
1946,6.122567,6.842042
1947,3.911994,4.241520
1948,4.745841,4.884677
1949,5.393148,5.617633
1950,3.387717,3.562403
1951,4.264344,4.089785
1952,4.776236,4.663848
1953,4.906536,5.166329
1954,6.621249,5.894631
1955,6.146206,6.791503
1956,3.954570,4.257205
1957,4.525593,4.849468
1958,5.168860,5.533088
1959,3.308979,3.553378
1960,3.886828,4.131808
1961,4.585810,4.744164
1962,4.881371,5.072947
1963,5.790358,5.865380
1964,6.012032,6.696952
1965,3.996379,4.168210
1966,4.812771,4.820254
1967,5.357231,5.498593
1968,3.362384,3.489113
1969,4.156672,4.032623
1970,4.721422,4.598053
1971,4.916015,5.095113
1972,6.648697,5.815972
1973,6.100749,6.677063
1974,3.947050,4.182510
1975,4.475864,4.776550
1976,5.154871,5.444243
1977,3.347527,3.479876
1978,3.927660,4.067261
1979,4.502995,4.598048
1980,4.852119,5.071330
1981,6.373432,5.799205
1982,6.103044,6.587198
1983,3.915013,4.170443
1984,4.737243,4.784083
1985,5.355159,5.455743
1986,3.342669,3.524745
1987,4.094731,4.026467
1988,4.730861,4.498333
1989,4.934764,4.969420
1990,6.551291,5.693688
1991,6.098416,6.561358
1992,3.984373,4.151371
1993,4.506217,4.752366
1994,5.149496,5.364709
1995,3.253175,3.504207
1996,3.857344,4.017697
1997,4.534370,4.513959
1998,4.869474,5.059851
1999,6.334593,5.863572
2000,6.112193,6.714238
2001,3.927923,4.211588
2002,4.778958,4.864227
2003,5.358867,5.515266
2004,3.393809,3.580204
2005,4.224204,4.160137
2006,4.712481,4.587716
2007,4.956065,5.036849
2008,6.553524,5.826692
2009,6.098661,6.609218
2010,4.001937,4.170368
2011,4.472484,4.806594
2012,5.149198,5.433519
2013,3.255591,3.543658
2014,3.942473,4.042685
2015,4.505823,4.630467
2016,4.994356,5.084746
2017,6.375721,5.815318
2018,6.095869,6.540959
2019,3.895952,4.224404
2020,4.724446,4.829490
2021,5.349934,5.475648
2022,3.346721,3.559002
2023,4.156985,4.011919
2024,4.744311,4.539906
2025,5.103007,5.117800
2026,6.578173,5.783761
2027,6.079575,6.618942
2028,3.996611,4.219949
2029,4.502303,4.752614
2030,5.152183,5.382988
2031,3.348872,3.541241
2032,3.862965,3.989009
2033,4.534629,4.574258
2034,4.863009,5.161391
2035,5.802888,5.904658
2036,5.976457,6.662762
2037,3.899078,4.231571
2038,4.785491,4.835918
2039,5.355596,5.527286
2040,3.354264,3.566194
2041,4.151195,4.056335
2042,4.756011,4.528429
2043,5.088889,5.130723
2044,6.665276,5.829886
2045,6.099644,6.651675
2046,4.055969,4.243805
2047,4.485837,4.786119
2048,5.154971,5.407076
2049,3.268145,3.545577
2050,3.862720,4.010320
2051,4.553883,4.570498
2052,4.886487,5.181266
2053,6.315178,5.962446
2054,6.082259,6.751899
2055,3.870654,4.309222
2056,4.648785,4.896460
2057,5.316751,5.572855
2058,3.303819,3.568955
2059,4.068340,4.111277
2060,4.672382,4.629151
2061,4.987480,5.143875
2062,6.444196,6.010890
2063,6.029387,6.740469
2064,3.899111,4.248669
2065,4.510989,4.863934
2066,5.154673,5.465240
2067,3.248272,3.590238
2068,3.900192,4.092674
2069,4.549533,4.632421
2070,4.870245,5.256033
2071,5.897402,5.929697
2072,6.003929,6.712049
2073,4.015576,4.299973
2074,4.761778,4.885952
2075,5.351021,5.558208
2076,3.365644,3.610028
2077,4.137215,4.016636
2078,4.738006,4.567335
2079,4.912061,5.153853
2080,6.559857,5.957705
2081,6.103575,6.697572
2082,4.002638,4.243124
2083,4.570936,4.823056
2084,5.152083,5.445163
2085,3.285583,3.619379
2086,3.912957,4.099281
2087,4.536271,4.645295
2088,4.806490,5.172079
2089,6.299835,5.972554
2090,6.095717,6.867185
2091,3.915603,4.265622
2092,4.740700,4.910785
2093,5.313208,5.606912
2094,3.316530,3.550980
2095,4.096355,4.144094
2096,4.699773,4.701575
2097,4.916626,5.158898
2098,6.544297,5.905090
2099,6.120948,6.798018
2100,3.968667,4.258843
2101,4.563674,4.861885
2102,5.146813,5.533020
2103,3.223893,3.530354
2104,3.866983,4.095220
2105,4.537568,4.695140
2106,4.869936,5.115753
2107,5.846699,5.921563
2108,6.010710,6.571152
2109,3.982992,4.173414
2110,4.841239,4.815764
2111,5.358322,5.509806
2112,3.374816,3.500342
2113,4.166708,4.067297
2114,4.737338,4.555163
2115,4.918513,5.051323
2116,6.631444,5.814232
2117,6.095717,6.652572
2118,3.948301,4.147318
2119,4.526095,4.737875
2120,5.201635,5.438192
2121,3.277313,3.499021
2122,3.892747,4.067539
2123,4.585072,4.649715
2124,4.995449,5.191220
2125,6.469653,5.939076
2126,6.056830,6.883595
2127,4.045700,4.269986
2128,4.882638,4.903781
2129,5.394027,5.601628
2130,3.365009,3.541172
2131,4.203089,4.126603
2132,4.770268,4.663444
2133,4.945549,5.167397
2134,6.640345,5.906842
2135,6.194731,6.850290
2136,3.991522,4.214219
2137,4.536861,4.855233
2138,5.193885,5.551683
2139,3.272765,3.557474
2140,3.908922,4.131306
2141,4.557529,4.694594
2142,4.872404,5.047963
2143,5.710311,5.859693
2144,6.017999,6.709398
2145,3.916132,4.198779
2146,4.794777,4.836432
2147,5.391722,5.505208
2148,3.376827,3.493822
2149,4.172124,4.034679
2150,4.779226,4.574230
2151,4.928755,5.077139
2152,6.605639,5.829781
2153,6.094491,6.666765
2154,4.061214,4.161388
2155,4.541809,4.779799
2156,5.151784,5.454075
2157,3.275510,3.502123
2158,3.912060,4.051368
2159,4.584636,4.591645
2160,4.789582,4.251005
2161,6.392648,5.120143
2162,6.082438,5.647946
2163,3.892179,3.686066
2164,4.705486,4.440942
2165,5.326564,4.953083
2166,3.355461,3.274767
2167,4.250061,3.907861
2168,4.737803,4.433627
2169,4.721090,4.223670
2170,6.535287,5.120680
2171,6.068882,5.595133
2172,3.889900,3.700973
2173,4.453598,4.458303
2174,5.196784,4.814682
2175,3.254043,3.299385
2176,3.927325,3.966951
2177,4.580091,4.320045
2178,4.769836,4.262947
2179,6.360303,5.177805
2180,6.081717,5.537086
2181,3.992552,3.656752
2182,4.717669,4.426422
2183,5.324636,4.862429
2184,3.368851,3.149666
2185,4.175351,3.914110
2186,4.760096,4.410994
2187,4.849811,4.261540
2188,6.439022,5.124633
2189,6.057889,5.541080
2190,3.922639,3.666245
2191,4.477749,4.429072
2192,5.205036,4.577103
2193,3.277551,3.248193
2194,3.917922,3.930592
2195,4.555943,4.192411
2196,4.736322,4.299513
2197,6.315173,5.210072
2198,6.137961,5.748867
2199,3.967438,3.761931
2200,4.732616,4.469091
2201,5.430276,4.986359
2202,3.386726,3.327341
2203,4.163991,3.971323
2204,4.828064,4.411262
2205,4.909508,4.437869
2206,6.434389,5.197927
2207,6.100766,5.762167
2208,3.998068,3.783040
2209,4.477847,4.452896
2210,5.207426,4.964154
2211,3.243454,3.231213
2212,3.904948,3.902541
2213,4.602801,4.600404
2214,4.757772,4.271992
2215,6.279754,5.232673
2216,6.123416,5.631487
2217,3.984991,3.724054
2218,4.792479,4.446111
2219,5.355505,4.904541
2220,3.395083,3.190127
2221,4.272572,3.880727
2222,4.809851,4.404472
2223,4.809491,4.296585
2224,6.526552,5.178275
2225,6.107736,5.729506
2226,4.020818,3.716762
2227,4.572299,4.407025
2228,5.194900,4.938114
2229,3.281714,3.186030
2230,3.976754,3.910163
2231,4.636289,4.530868
2232,4.773616,4.295486
2233,6.308204,5.217314
2234,6.127772,5.748567
2235,3.913047,3.805626
2236,4.790959,4.501241
2237,5.428858,4.989239
2238,3.353351,3.352865
2239,4.242273,3.945357
2240,4.849067,4.463971
2241,4.843460,4.347907
2242,6.516209,5.235929
2243,6.130680,5.773791
2244,3.917439,3.761361
2245,4.508828,4.498191
2246,5.194503,5.000960
2247,3.361171,3.229259
2248,3.904298,3.934543
2249,4.642604,4.630574
2250,4.902862,4.303653
2251,6.286546,5.254138
2252,6.126682,5.626206
2253,3.968677,3.721889
2254,4.839593,4.415327
2255,5.425262,4.913571
2256,3.421020,3.305627
2257,4.232792,3.888302
2258,4.859175,4.211786
2259,4.822978,4.337109
2260,6.551546,5.172271
2261,6.104970,5.685145
2262,3.936174,3.735449
2263,4.536184,4.417290
2264,5.205036,4.961438
2265,3.352330,3.217807
2266,3.934178,3.873354
2267,4.644537,4.496070
2268,4.849726,4.328807
2269,6.246502,5.281857
2270,6.132256,5.878479
2271,3.906271,3.785967
2272,4.889553,4.548159
2273,5.434535,5.070481
2274,3.395812,3.254646
2275,4.184598,3.937887
2276,4.838035,4.493526
2277,4.922345,4.329481
2278,6.492922,5.254118
2279,6.097887,6.093447
2280,4.019085,3.776124
2281,4.536382,4.548707
2282,5.234078,5.231078
2283,3.297626,3.326956
2284,3.910856,3.998200
2285,4.662882,4.709828
2286,4.980082,4.318444
2287,6.254670,5.154374
2288,6.175523,5.778628
2289,3.929390,3.715975
2290,4.790824,4.458342
2291,5.468645,4.944694
2292,3.399404,3.285651
2293,4.274854,3.881706
2294,4.890666,4.413264
2295,4.848419,4.230459
2296,6.525643,5.161003
2297,6.156908,5.909064
2298,3.935099,3.683646
2299,4.637170,4.398808
2300,5.226889,5.167126
2301,3.271123,3.246266
2302,3.917349,3.869660
2303,4.615431,4.580894
2304,4.836916,4.330880
2305,6.303453,5.522285
2306,6.126198,5.885499
2307,4.018277,3.782653
2308,4.726409,4.559174
2309,5.434862,5.068001
2310,3.402658,3.336820
2311,4.226442,3.945225
2312,4.791953,4.545208
2313,4.883265,4.328838
2314,6.501748,5.258897
2315,6.098846,6.121013
2316,3.883049,3.782938
2317,4.506176,4.546803
2318,5.206629,5.283803
2319,3.192733,3.332667
2320,3.863555,3.935506
2321,4.578448,4.672648
2322,4.735020,4.281896
2323,6.263855,5.232520
2324,6.081476,5.695996
2325,3.972668,3.706049
2326,4.732767,4.430936
2327,5.325171,4.976912
2328,3.354417,3.157606
2329,4.185449,3.875273
2330,4.768390,4.390568
2331,5.010301,4.224757
2332,6.459637,5.133225
2333,6.063142,5.936582
2334,3.900387,3.590052
2335,4.535670,4.443097
2336,5.201851,5.185043
2337,3.340695,3.240817
2338,3.858266,3.912097
2339,4.550266,4.574833
2340,5.062561,4.908641
2341,6.469472,5.773887
2342,6.146784,6.541582
2343,3.934255,4.117724
2344,4.732789,4.752259
2345,5.388541,5.403549
2346,3.391670,3.491032
2347,4.198870,3.985089
2348,4.735813,4.568433
2349,4.963580,4.943443
2350,6.658025,5.659438
2351,6.193858,6.539932
2352,4.065358,4.143268
2353,4.582911,4.702009
2354,5.186561,5.349837
2355,3.276705,3.441507
2356,3.961435,3.999758
2357,4.560307,4.518133
2358,5.001251,5.004019
2359,6.389135,6.001542
2360,6.122195,6.619196
2361,4.074050,4.148438
2362,4.860823,4.816854
2363,5.364001,5.450598
2364,3.368273,3.376585
2365,4.147718,4.028787
2366,4.776429,4.552002
2367,4.951120,5.013266
2368,6.741331,5.959607
2369,6.186014,6.572251
2370,3.946481,4.141196
2371,4.536055,4.739148
2372,5.185058,5.406627
2373,3.332790,3.414691
2374,3.949185,4.035011
2375,4.606723,4.352695
2376,4.871016,5.029026
2377,6.575755,5.818090
2378,6.146909,6.608080
2379,3.964789,4.143014
2380,4.749871,4.812979
2381,5.391831,5.399966
2382,3.357147,3.417701
2383,4.141802,4.029970
2384,4.757133,4.571018
2385,4.921659,5.045616
2386,6.644518,5.737569
2387,6.153266,6.566550
2388,4.046560,4.164954
2389,4.524891,4.720531
2390,5.202139,5.353509
2391,3.279807,3.525027
2392,3.947081,4.019656
2393,4.564739,4.563470
2394,4.869474,5.057623
2395,5.871643,5.911041
2396,5.993598,6.634809
2397,3.929275,4.183131
2398,4.787708,4.800591
2399,5.390405,5.450148
2400,3.489184,3.515759
2401,4.174450,4.051161
2402,4.775851,4.342954
2403,4.903775,5.062387
2404,6.644138,5.827992
2405,6.144722,6.592006
2406,4.098382,4.174828
2407,4.545001,4.764863
2408,5.183356,5.395250
2409,3.235241,3.552649
2410,3.907850,3.967122
2411,4.555709,4.533788
2412,4.825183,5.098586
2413,6.317598,5.916515
2414,6.090939,6.753006
2415,3.962169,4.243645
2416,4.658855,4.875482
2417,5.352718,5.514102
2418,3.327654,3.555403
2419,4.103062,4.009377
2420,4.741599,4.652461
2421,4.905808,5.036824
2422,6.442768,5.834554
2423,6.178064,6.699699
2424,3.958527,4.245589
2425,4.586207,4.804316
2426,5.189167,5.433138
2427,3.242998,3.556967
2428,3.889383,3.943717
2429,4.557356,4.577324
2430,4.933339,5.068078
2431,5.850666,5.940064
2432,6.033576,6.697375
2433,3.920166,4.215602
2434,4.883621,4.863054
2435,5.351240,5.495193
2436,3.385515,3.423229
2437,4.255102,4.067444
2438,4.774984,4.584443
2439,5.177739,5.068880
2440,6.672734,5.864808
2441,6.149053,6.651395
2442,4.016278,4.206146
2443,4.498008,4.781198
2444,5.150093,5.407537
2445,3.356516,3.439507
2446,3.902652,4.009743
2447,4.530832,4.547542
2448,4.890041,5.039021
2449,6.441210,5.989381
2450,6.090327,6.709524
2451,3.959656,4.182874
2452,4.650622,4.915186
2453,5.355098,5.553194
2454,3.338675,3.498720
2455,4.093605,4.123713
2456,4.694147,4.497518
2457,4.948095,5.082366
2458,6.488969,5.924573
2459,6.199599,6.801009
2460,3.897458,4.222197
2461,4.511188,4.844844
2462,5.159060,5.514227
2463,3.177140,3.462194
2464,3.866659,4.097856
2465,4.556749,4.701577
2466,4.879049,5.039485
2467,5.775403,5.855150
2468,6.004762,6.668114
2469,3.994875,4.160948
2470,4.748975,4.776158
2471,5.355378,5.453881
2472,3.398586,3.361656
2473,4.144099,3.984395
2474,4.748620,4.546459
2475,4.953830,5.017520
2476,6.719974,5.793947
2477,6.096699,6.627481
2478,4.110473,4.134670
2479,4.491131,4.758636
2480,5.150093,5.432726
2481,3.250975,3.477454
2482,3.882728,3.954911
2483,4.511664,4.582965
2484,4.887419,5.082821
2485,6.334836,5.972826
2486,6.113550,6.845604
2487,4.021430,4.233765
2488,4.744387,4.905981
2489,5.394137,5.610116
2490,3.403305,3.515059
2491,4.201737,4.127824
2492,4.737243,4.721761
2493,4.971921,5.074708
2494,6.642810,5.910001
2495,6.150539,6.831451
2496,3.966134,4.182612
2497,4.508211,4.836075
2498,5.156367,5.530184
2499,3.275255,3.527901
2500,3.897733,4.109033
2501,4.536357,4.755099
2502,4.890059,5.071341
2503,5.779135,5.888833
2504,5.983684,6.688620
2505,4.052028,4.142339
2506,4.800722,4.787278
2507,5.389527,5.437971
2508,3.354984,3.361406
2509,4.182810,3.987419
2510,4.717613,4.561727
2511,5.137281,5.037090
2512,6.606765,5.781877
2513,6.141509,6.618348
2514,3.953201,4.153133
2515,4.504405,4.721348
2516,5.152183,5.326275
2517,3.254869,3.350760
2518,3.981278,4.055373
2519,4.570574,4.601493
2520,4.935871,4.887619
2521,6.635797,5.769489
2522,6.150153,6.583415
2523,3.928204,4.112851
2524,4.737131,4.755733
2525,5.389747,5.358246
2526,3.388636,3.446459
2527,4.144054,3.969613
2528,4.730386,4.548990
2529,5.113716,4.952757
2530,6.635039,5.889891
2531,6.195355,6.517560
2532,4.073088,4.119146
2533,4.528003,4.697541
2534,5.156168,5.335236
2535,3.359854,3.477442
2536,3.969501,3.950698
2537,4.528333,4.566932
2538,5.025731,5.002340
2539,6.315869,5.884876
2540,6.115400,6.647722
2541,4.009274,4.123645
2542,4.734903,4.832729
2543,5.357885,5.443349
2544,3.481894,3.482706
2545,4.184820,4.071819
2546,4.750921,4.595931
2547,4.907060,5.027533
2548,6.596458,5.822600
2549,6.134352,6.626596
2550,4.010789,4.155157
2551,4.636744,4.767363
2552,5.162256,5.408342
2553,3.381120,3.509893
2554,3.998644,3.972138
2555,4.559612,4.516004
2556,4.929861,4.972093
2557,6.562765,5.820792
2558,6.130866,6.623583
2559,4.036848,4.196585
2560,4.709982,4.779490
2561,5.389308,5.415738
2562,3.342067,3.440169
2563,4.145327,3.994129
2564,4.743259,4.582148
2565,4.895038,5.047157
2566,6.562096,5.738039
2567,6.207980,6.575318
2568,3.942392,4.160619
2569,4.552447,4.730065
2570,5.144231,5.352619
2571,3.264475,3.502180
2572,3.878637,3.935020
2573,4.541029,4.487958
2574,4.917255,5.058190
2575,5.818609,5.919583
2576,6.029134,6.639283
2577,4.018970,4.193213
2578,4.763919,4.789812
2579,5.402387,5.411597
2580,3.364919,3.398357
2581,4.162726,3.969404
2582,4.781350,4.587275
2583,4.951757,5.103423
2584,6.707956,5.801000
2585,5.996534,6.594147
2586,3.944208,4.175032
2587,4.527903,4.781955
2588,5.195897,5.232416
2589,3.273708,3.523495
2590,3.973254,3.966187
2591,4.533766,4.607096
2592,4.836712,5.112140
2593,6.319848,5.955607
2594,6.065701,6.767212
2595,3.906067,4.258791
2596,4.697125,4.886402
2597,5.354558,5.510857
2598,3.323761,3.468671
2599,4.115312,4.112371
2600,4.731173,4.608667
2601,5.091083,5.131698
2602,6.495312,5.872387
2603,6.133736,6.718673
2604,3.959656,4.219579
2605,4.517379,4.819802
2606,5.198815,5.455693
2607,3.185119,3.586916
2608,3.920176,3.895050
2609,4.560219,4.558276
2610,4.881526,5.110535
2611,5.894562,5.972641
2612,5.989096,6.713338
2613,4.018852,4.221216
2614,4.767755,4.853318
2615,5.390295,5.484823
2616,3.384874,3.538382
2617,4.174791,4.005683
2618,4.749962,4.609872
2619,4.910954,5.138230
2620,6.611273,5.863352
2621,6.092776,6.663947
2622,3.953429,4.209149
2623,4.609306,4.806507
2624,5.189970,5.422604
2625,3.273880,3.552663
2626,3.971282,4.055646
2627,4.540336,4.598615
2628,4.789880,5.082096
2629,6.529047,5.983203
2630,6.093021,6.865696
2631,3.835003,4.236548
2632,4.747299,4.870336
2633,5.351096,5.519499
2634,3.362023,3.437842
2635,4.117377,4.116426
2636,4.723148,4.709661
2637,5.051092,5.112005
2638,6.545218,6.061634
2639,6.125492,6.806692
2640,3.877953,4.202184
2641,4.544899,4.844618
2642,5.220092,5.518079
2643,3.328116,3.450103
2644,3.926799,4.035595
2645,4.555622,4.713678
2646,5.000037,5.059757
2647,5.805100,5.877083
2648,6.014415,6.724273
2649,4.008574,4.138115
2650,4.740142,4.814618
2651,5.391283,5.445271
2652,3.392222,3.454683
2653,4.180707,4.033042
2654,4.715141,4.584572
2655,4.946504,5.042364
2656,6.682129,5.821208
2657,6.090816,6.672581
2658,4.118820,4.128428
2659,4.630326,4.782887
2660,5.201030,5.374609
2661,3.364616,3.464485
2662,3.905542,3.868087
2663,4.567350,4.413740
2664,5.017159,5.111842
2665,6.354395,5.973889
2666,6.118981,6.901792
2667,3.940774,4.242884
2668,4.818761,4.916058
2669,5.355487,5.585399
2670,3.386708,3.527959
2671,4.170223,4.066184
2672,4.774406,4.646255
2673,4.897687,5.061446
2674,6.621215,5.900576
2675,6.144845,6.817477
2676,3.976842,4.190164
2677,4.539485,4.798983
2678,5.186460,5.535477
2679,3.262941,3.529544
2680,3.957963,4.083451
2681,4.540250,4.674453
2682,4.868703,5.019129
2683,5.534393,5.898758
2684,6.020749,6.701317
2685,4.002990,4.182158
2686,4.784335,4.809163
2687,5.391831,5.443178
2688,3.362656,3.470956
2689,4.165095,4.027123
2690,4.805539,4.558331
2691,5.141745,4.955953
2692,6.642430,5.821095
2693,6.095350,6.667144
2694,4.001639,4.144289
2695,4.523186,4.750903
2696,5.151983,5.442707
2697,3.281873,3.466376
2698,3.891101,3.890835
2699,4.535666,4.628368
2700,5.066896,4.924129
2701,6.436348,5.765148
2702,6.137074,6.501216
2703,3.908646,4.109952
2704,4.697151,4.771001
2705,5.383284,5.386769
2706,3.358049,3.467487
2707,4.162442,3.933789
2708,4.761248,4.510169
2709,4.936979,4.982412
2710,6.624079,5.668859
2711,6.134969,6.550155
2712,3.962283,4.107182
2713,4.536256,4.696537
2714,5.175861,5.302155
2715,3.278946,3.473346
2716,3.894045,3.939742
2717,4.565086,4.574647
2718,4.847838,5.034941
2719,6.501823,5.873161
2720,6.136328,6.663614
2721,4.049767,4.132516
2722,4.702453,4.808290
2723,5.393917,5.446748
2724,3.408967,3.484472
2725,4.253420,4.044914
2726,4.779805,4.532553
2727,4.964540,5.020693
2728,6.643000,5.812942
2729,6.143362,6.621767
2730,3.936532,4.132718
2731,4.556893,4.747144
2732,5.203550,5.381058
2733,3.276969,3.384873
2734,3.935087,4.040206
2735,4.587953,4.594512
2736,4.905965,4.947965
2737,6.350456,5.860775
2738,6.173331,6.529596
2739,3.978856,4.127787
2740,4.742822,4.790505
2741,5.353743,5.412712
2742,3.396739,3.396132
2743,4.225614,4.015685
2744,4.764122,4.563066
2745,5.107605,5.049648
2746,6.564247,5.699980
2747,6.132997,6.586153
2748,4.060856,4.145329
2749,4.534039,4.711813
2750,5.147210,5.345072
2751,3.298588,3.510585
2752,3.959322,3.984289
2753,4.533506,4.472919
2754,4.910663,5.075263
2755,5.587385,5.916565
2756,6.031894,6.666294
2757,3.926347,4.168730
2758,4.707987,4.771099
2759,5.356141,5.464507
2760,3.401453,3.523230
2761,4.248481,3.993105
2762,4.716376,4.525242
2763,4.997277,5.036089
2764,6.694247,5.818024
2765,6.137928,6.596780
2766,4.059422,4.178137
2767,4.531220,4.753297
2768,5.182255,5.399205
2769,3.290420,3.466818
2770,3.927825,4.035433
2771,4.587865,4.613829
2772,4.859783,5.047141
2773,6.381422,5.951333
2774,6.125614,6.773717
2775,3.874704,4.242604
2776,4.753934,4.854045
2777,5.313960,5.501482
2778,3.330935,3.446323
2779,4.139326,4.028994
2780,4.733065,4.643607
2781,4.914427,5.085012
2782,6.623116,5.834355
2783,6.175336,6.734124
2784,3.900103,4.199116
2785,4.505511,4.815619
2786,5.209527,5.471996
2787,3.226556,3.533837
2788,3.913797,3.927207
2789,4.594163,4.683909
2790,5.020360,5.108046
2791,5.733399,5.965918
2792,6.100407,6.710925
2793,3.950141,4.148299
2794,4.773969,4.850551
2795,5.387664,5.453771
2796,3.403858,3.423839
2797,4.223634,4.066057
2798,4.775754,4.606572
2799,4.951120,5.079223
2800,6.692321,5.872266
2801,6.087636,6.637149
2802,4.048104,4.199562
2803,4.536055,4.773527
2804,5.195394,5.385428
2805,3.258688,3.440451
2806,3.909912,3.970160
2807,4.588564,4.370378
2808,4.792118,5.048433
2809,6.506033,5.958100
2810,6.089837,6.871691
2811,3.896027,4.219841
2812,4.713578,4.914262
2813,5.357265,5.588273
2814,3.329614,3.493851
2815,4.152693,4.040121
2816,4.749556,4.630745
2817,4.906434,5.087537
2818,6.431542,5.891397
2819,6.170754,6.810372
2820,4.006246,4.179117
2821,4.542316,4.840930
2822,5.245471,5.524181
2823,3.268495,3.420179
2824,3.919468,4.092446
2825,4.592762,4.703826
2826,4.900087,4.992417
2827,5.853022,5.885266
2828,6.096056,6.692937
2829,3.996727,4.128348
2830,4.783206,4.822101
2831,5.388650,5.441511
2832,3.390006,3.447779
2833,4.245809,4.035609
2834,4.798856,4.606040
2835,4.985940,5.048427
2836,6.729499,5.787629
2837,6.199849,6.653226
2838,4.051790,4.138649
2839,4.530617,4.761647
2840,5.191576,5.413819
2841,3.419848,3.443716
2842,3.905954,3.958643
2843,4.586905,4.614264
2844,4.890658,5.145004
2845,6.551856,6.008797
2846,6.206602,6.896390
2847,4.026596,4.236310
2848,4.770373,4.917601
2849,5.387226,5.558318
2850,3.378624,3.485709
2851,4.221116,4.041710
2852,4.798953,4.691888
2853,5.154214,5.129085
2854,6.660122,5.903131
2855,6.215378,6.826111
2856,4.113661,4.197424
2857,4.665640,4.828869
2858,5.257736,5.516979
2859,3.315929,3.429500
2860,3.986678,4.083532
2861,4.619100,4.705112
2862,5.134074,5.032965
2863,5.829840,5.885289
2864,6.112040,6.709824
2865,3.930515,4.164724
2866,4.768690,4.806658
2867,5.387883,5.436706
2868,3.385991,3.339570
2869,4.225657,4.034512
2870,4.799727,4.589708
2871,4.948253,5.040587
2872,6.660694,5.816311
2873,6.190494,6.660647
2874,4.043120,4.116498
2875,4.526196,4.737469
2876,5.217472,5.433737
2877,3.298819,3.329598
2878,3.916528,4.011407
2879,4.583066,4.482018
0,4.896510,4.551580
1,6.354554,5.271307
2,6.012386,5.872994
3,3.948106,3.996090
4,4.672897,4.719955
5,5.299832,5.226826
6,3.343676,3.564220
7,4.104063,4.264050
8,4.730005,4.547955
9,4.956543,4.483432
10,6.384541,5.068782
11,6.058884,5.515619
12,3.949439,3.873811
13,4.421995,4.529887
14,5.108263,4.930521
15,3.224159,3.524513
16,3.827001,3.897099
17,4.465038,4.403790
18,4.719931,4.536584
19,6.442946,5.266546
20,6.016977,5.857499
21,3.927981,3.949090
22,4.758506,4.731783
23,5.262120,5.227798
24,3.445615,3.547673
25,4.086627,4.287398
26,4.700077,4.577006
27,4.721272,4.416961
28,6.658277,5.178366
29,6.018044,5.519334
30,4.017665,3.857453
31,4.443171,4.455781
32,5.099277,4.902189
33,3.268526,3.514781
34,3.822124,4.069353
35,4.476338,4.360204
36,4.691719,4.536247
37,6.183045,5.255748
38,6.017759,5.915504
39,3.857900,3.979401
40,4.610496,4.730274
41,5.305175,5.312359
42,3.341410,3.592538
43,4.053814,4.259658
44,4.676133,4.494311
45,4.873021,4.462236
46,6.460666,5.110139
47,6.055279,5.656607
48,3.971066,3.913285
49,4.405739,4.537845
50,5.116496,5.054224
51,3.211074,3.554730
52,3.853281,4.040632
53,4.480745,4.555152
54,4.688792,4.549551
55,5.772550,5.236458
56,5.976929,5.910348
57,3.840917,3.932863
58,4.638434,4.734592
59,5.304213,5.285366
60,3.362575,3.581799
61,4.187912,4.222463
62,4.716187,4.559318
63,4.958141,4.484147
64,6.531451,5.162648
65,6.028738,5.652040
66,3.830469,3.928314
67,4.412208,4.488047
68,5.104156,5.054469
69,3.249454,3.543043
70,3.819330,3.819278
71,4.491373,4.509935
72,4.704831,4.527713
73,6.180711,5.319105
74,6.070810,5.927080
75,3.905293,4.016743
76,4.700021,4.807140
77,5.270501,5.342508
78,3.343748,3.607481
79,4.104913,4.267877
80,4.693287,4.483607
81,4.786899,4.456445
82,6.409209,5.141242
83,6.084844,5.713533
84,3.907173,3.943354
85,4.543528,4.528356
86,5.109633,5.094749
87,3.190538,3.563639
88,3.838646,3.976957
89,4.478795,4.565856
90,4.773384,4.558003
91,6.279777,5.261986
92,6.050480,5.846162
93,3.907838,4.011630
94,4.606007,4.741979
95,5.302075,5.279554
96,3.316875,3.583292
97,4.081399,4.236969
98,4.686987,4.560842
99,4.985293,4.517138
100,6.352204,5.187649
101,6.022079,5.659106
102,3.880632,3.889619
103,4.460494,4.537090
104,5.090710,5.045438
105,3.188491,3.562301
106,3.864842,4.065928
107,4.474815,4.732207
108,4.693866,4.516582
109,6.214500,5.334137
110,6.066950,6.177507
111,3.903744,3.980476
112,4.750030,4.773184
113,5.309349,5.453346
114,3.298030,3.570388
115,4.115116,4.278085
116,4.689900,4.588092
117,4.795853,4.454236
118,6.513018,5.155192
119,6.047364,5.899447
120,3.850634,3.892690
121,4.484870,4.542159
122,5.119542,5.167479
123,3.251076,3.522718
124,3.823641,3.967519
125,4.450260,4.548748
126,4.743653,4.483159
127,6.264775,5.275758
128,6.056480,6.025804
129,3.830927,3.955075
130,4.684170,4.741076
131,5.310206,5.417470
132,3.312365,3.530517
133,4.161211,4.234459
134,4.677614,4.643319
135,4.807542,4.398777
136,6.466660,5.114451
137,6.055147,5.792791
138,3.902751,3.875478
139,4.388741,4.472757
140,5.135660,5.110839
141,3.281615,3.501074
142,3.821245,3.987690
143,4.478202,4.671803
144,4.861012,4.544106
145,6.329728,5.289792
146,6.062011,6.165796
147,3.926796,4.059151
148,4.641879,4.765963
149,5.300260,5.437902
150,3.355164,3.577344
151,4.121459,4.295176
152,4.692722,4.570276
153,5.047657,4.459571
154,6.408298,5.187980
155,6.087613,5.910048
156,3.963080,3.926353
157,4.445333,4.559799
158,5.117085,5.125852
159,3.250722,3.522562
160,3.798551,4.086895
161,4.483121,4.750447
162,4.718338,4.512344
163,6.484285,5.310168
164,6.046406,6.075093
165,3.913492,3.994176
166,4.665485,4.759966
167,5.309670,5.426651
168,3.341085,3.538278
169,4.071344,4.271471
170,4.723548,4.428848
171,4.863931,4.412238
172,6.457793,5.141124
173,6.074513,5.802983
174,3.916382,3.886325
175,4.515039,4.497220
176,5.099764,5.123628
177,3.288608,3.504123
178,3.835185,3.897940
179,4.472194,4.637075
180,4.890215,5.127362
181,6.317252,5.758055
182,6.127789,6.516028
183,3.948529,4.360986
184,4.698820,4.931917
185,5.338300,5.514090
186,3.402268,3.749273
187,4.106032,4.155450
188,4.708592,4.524869
189,4.922831,5.057337
190,6.441390,5.612228
191,6.131238,6.329290
192,3.951946,4.246052
193,4.460303,4.739701
194,5.169261,5.265121
195,3.254653,3.698184
196,3.871303,4.006648
197,4.516313,4.689521
198,4.992087,5.197666
199,6.428471,5.864713
200,6.181696,6.685658
201,3.983208,4.358680
202,4.842967,5.060942
203,5.373521,5.691344
204,3.386832,3.788660
205,4.140904,4.404924
206,4.712615,4.752005
207,5.096201,5.126846
208,6.530712,5.696414
209,6.170942,6.368668
210,3.951854,4.245271
211,4.608324,4.786706
212,5.184840,5.320718
213,3.283819,3.740995
214,3.822631,4.192175
215,4.501428,4.728453
216,4.927334,5.133439
217,6.356228,5.824565
218,6.145193,6.546714
219,3.974248,4.402328
220,4.703603,4.910949
221,5.333400,5.585449
222,3.371427,3.779147
223,4.091857,4.111550
224,4.692551,4.538359
225,4.926167,5.113052
226,6.527948,5.686333
227,6.204025,6.388321
228,4.028298,4.298774
229,4.604473,4.777302
230,5.144402,5.329954
231,3.294531,3.722104
232,3.915289,4.162721
233,4.486920,4.645259
234,5.052011,5.227691
235,6.476278,5.850244
236,6.219068,6.535601
237,3.967328,4.402328
238,4.744150,4.933422
239,5.372306,5.585734
240,3.386553,3.769555
241,4.153735,4.073839
242,4.741231,4.521163
243,4.985363,5.134782
244,6.629014,5.749475
245,6.134789,6.377566
246,3.937927,4.297267
247,4.516933,4.805382
248,5.165266,5.378775
249,3.316964,3.721545
250,3.885597,3.999438
251,4.508327,4.708757
252,4.855354,5.236170
253,6.312932,5.940073
254,6.182778,6.681522
255,3.976381,4.441508
256,4.810930,5.030110
257,5.341354,5.698033
258,3.327893,3.809323
259,4.155504,4.226148
260,4.711342,4.586272
261,4.938277,5.230800
262,6.509160,5.750877
263,6.182670,6.527311
264,3.869910,4.342520
265,4.446124,4.880232
266,5.167158,5.428602
267,3.273091,3.765767
268,3.833830,4.220598
269,4.488290,4.767650
270,4.994496,5.221365
271,6.628443,5.906025
272,6.143646,6.652413
273,4.005310,4.452517
274,4.738379,4.999324
275,5.377168,5.698080
276,3.389272,3.801567
277,4.059708,4.255379
278,4.708513,4.585817
279,5.017058,5.227326
280,6.629204,5.782635
281,6.233281,6.521799
282,4.093053,4.353725
283,4.576031,4.844553
284,5.157623,5.441755
285,3.332178,3.771101
286,3.904483,4.222201
287,4.475874,4.614284
288,4.895038,5.260586
289,6.334577,5.878912
290,6.131412,6.653788
291,4.003574,4.380952
292,4.712641,4.979619
293,5.341899,5.693767
294,3.386408,3.754253
295,4.104353,4.114696
296,4.689807,4.765654
297,5.109155,5.189680
298,6.492066,5.753824
299,6.182670,6.540720
300,3.974304,4.307879
301,4.497962,4.793645
302,5.171968,5.444470
303,3.239571,3.711301
304,3.886355,4.121061
305,4.518899,4.765501
306,4.969136,5.189165
307,6.413463,5.921863
308,6.175857,6.572613
309,4.059023,4.381023
310,4.797658,4.931983
311,5.373852,5.593335
312,3.356355,3.710934
313,4.103541,4.199439
314,4.718639,4.708950
315,5.012079,5.156485
316,6.764738,5.730140
317,6.175847,6.426766
318,4.064967,4.258709
319,4.488431,4.773713
320,5.159129,5.384321
321,3.298993,3.684985
322,3.869040,4.083872
323,4.508586,4.730532
324,4.844569,5.277567
325,6.315884,5.968457
326,6.176351,6.755133
327,3.917642,4.398968
328,4.783431,5.018178
329,5.306561,5.711709
330,3.349699,3.776339
331,4.151114,4.148021
332,4.718946,4.743432
333,4.889952,5.155120
334,6.483739,5.820070
335,6.172297,6.584835
336,3.983897,4.337483
337,4.543286,4.864519
338,5.142704,5.429455
339,3.237022,3.730730
340,3.816459,4.222427
341,4.501772,4.756376
342,4.942753,5.214424
343,6.402047,5.909577
344,6.120844,6.596766
345,3.917127,4.318680
346,4.706757,4.942416
347,5.368555,5.557555
348,3.362666,3.707205
349,4.077051,4.076337
350,4.699188,4.684271
351,5.042999,5.143658
352,6.532623,5.774076
353,6.176980,6.493283
354,3.942438,4.268171
355,4.557262,4.750815
356,5.113039,5.392856
357,3.364305,3.662844
358,3.880851,4.141434
359,4.473819,4.697875
360,5.109640,5.121546
361,6.409812,5.775013
362,6.090498,6.538961
363,3.956063,4.350368
364,4.684748,4.888186
365,5.340263,5.557244
366,3.321131,3.781672
367,4.113415,4.193857
368,4.683196,4.696004
369,5.115317,5.076952
370,6.486290,5.583136
371,6.180167,6.341220
372,3.945004,4.286850
373,4.458911,4.761525
374,5.144701,5.317479
375,3.211437,3.685498
376,3.852874,4.147686
377,4.497469,4.505318
378,4.971078,5.217239
379,6.580490,5.836457
380,6.143646,6.675565
381,3.916040,4.366127
382,4.732623,5.031661
383,5.369327,5.661242
384,3.347412,3.789779
385,4.079674,4.402766
386,4.708322,4.744863
387,5.216515,5.158888
388,6.460565,5.735892
389,6.236336,6.410620
390,3.944750,4.296908
391,4.568192,4.821217
392,5.162749,5.376204
393,3.349699,3.734831
394,3.888909,4.183073
395,4.521061,4.704628
396,4.864017,5.174934
397,6.429909,5.862777
398,6.103075,6.573597
399,4.006432,4.421236
400,4.805960,4.943173
401,5.335358,5.595254
402,3.329677,3.764678
403,4.087760,4.214278
404,4.714380,4.688930
405,4.914907,5.142393
406,6.627476,5.707446
407,6.146161,6.372898
408,3.892477,4.298481
409,4.548245,4.747832
410,5.136223,5.310296
411,3.273349,3.667118
412,3.808126,3.999073
413,4.489575,4.702571
414,4.942593,5.207824
415,6.385446,5.896167
416,6.130524,6.569200
417,4.026589,4.400989
418,4.734653,4.931356
419,5.373631,5.623292
420,3.322755,3.709237
421,4.115592,4.180642
422,4.689937,4.675665
423,5.060383,5.182786
424,6.785066,5.795438
425,6.180382,6.451824
426,4.073242,4.309396
427,4.501058,4.801068
428,5.152607,5.387713
429,3.284340,3.745503
430,3.858677,4.116170
431,4.502547,4.653794
432,4.990306,5.218406
433,6.586632,5.968984
434,6.144565,6.659997
435,3.941778,4.417140
436,4.774476,5.009904
437,5.341136,5.699382
438,3.333072,3.825132
439,4.069702,4.253594
440,4.686782,4.604905
441,5.086346,5.202812
442,6.696753,5.776051
443,6.124175,6.476619
444,3.901242,4.380509
445,4.457023,4.812972
446,5.109664,5.426061
447,3.236683,3.799860
448,3.822962,4.210837
449,4.498760,4.786307
450,5.120808,5.272682
451,6.539712,5.993163
452,6.122979,6.660334
453,3.988405,4.487232
454,4.747664,5.002950
455,5.374846,5.650769
456,3.379869,3.825642
457,4.151527,4.181298
458,4.673631,4.542184
459,4.976040,5.194508
460,6.638672,5.843128
461,6.191368,6.470613
462,3.931432,4.346066
463,4.582321,4.878354
464,5.125886,5.437245
465,3.291651,3.698589
466,3.822154,4.207313
467,4.482049,4.740080
468,4.937297,5.241648
469,6.338786,5.937631
470,6.100081,6.693769
471,3.857908,4.387581
472,4.729355,4.996895
473,5.342009,5.661252
474,3.368593,3.754240
475,4.059641,4.218290
476,4.637585,4.625467
477,5.002679,5.181851
478,6.483611,5.832006
479,6.122195,6.575047
480,3.899666,4.312008
481,4.450478,4.841045
482,5.131844,5.285173
483,3.233483,3.700689
484,3.825390,4.009932
485,4.472023,4.580063
486,5.166207,5.227182
487,6.348577,5.924035
488,6.135312,6.621184
489,4.076245,4.342519
490,4.789092,4.922089
491,5.376947,5.622991
492,3.360062,3.695405
493,4.110571,4.026419
494,4.714430,4.560169
495,5.242849,5.217582
496,6.676384,5.786611
497,6.189850,6.475992
498,3.960701,4.248072
499,4.486619,4.768025
500,5.161844,5.222102
501,3.305314,3.668627
502,3.919726,4.129769
503,4.485831,4.528461
504,4.968709,5.200841
505,6.351443,5.956626
506,6.103075,6.726367
507,3.987994,4.386629
508,4.662944,5.014945
509,5.338845,5.680861
510,3.322035,3.745732
511,4.060565,4.152932
512,4.692456,4.597108
513,5.017146,5.218068
514,6.516511,5.935417
515,6.136825,6.555263
516,3.909821,4.334367
517,4.479986,4.858771
518,5.132441,5.443044
519,3.227207,3.722117
520,3.828875,4.213941
521,4.470741,4.781324
522,4.966227,5.241240
523,6.398470,5.892970
524,6.165349,6.634913
525,4.005842,4.354134
526,4.722297,4.936061
527,5.334352,5.575196
528,3.323565,3.696203
529,4.159698,4.167593
530,4.678833,4.683435
531,5.064580,5.184678
532,6.645814,5.809096
533,6.177484,6.424644
534,3.981110,4.261545
535,4.485009,4.791361
536,5.131784,5.377704
537,3.292796,3.666109
538,3.869957,4.057524
539,4.477159,4.711535
540,5.000688,5.099226
541,6.324430,5.792109
542,6.138670,6.489743
543,3.931192,4.359321
544,4.715661,4.896536
545,5.342555,5.525541
546,3.347713,3.756923
547,4.053099,4.176836
548,4.686594,4.490098
549,4.887217,5.046884
550,6.460866,5.657038
551,6.180042,6.332228
552,3.965676,4.305456
553,4.483802,4.765902
554,5.132639,5.316375
555,3.213815,3.710046
556,3.858948,4.138157
557,4.490260,4.663849
558,5.155391,5.219088
559,6.424317,5.871798
560,6.126875,6.720406
561,4.052495,4.379690
562,4.680011,4.967795
563,5.375731,5.655050
564,3.336129,3.796902
565,4.103204,4.374820
566,4.654392,4.722984
567,4.967873,5.165191
568,6.596792,5.755821
569,6.132912,6.381105
570,4.047053,4.307806
571,4.489741,4.815576
572,5.156619,5.361928
573,3.284561,3.749966
574,3.873153,4.154968
575,4.502978,4.694935
576,5.039510,5.212043
577,6.423416,5.767215
578,6.128163,6.519465
579,4.007205,4.382353
580,4.659311,4.921082
581,5.334379,5.567238
582,3.334958,3.764089
583,4.092137,4.067670
584,4.695962,4.519817
585,4.921502,5.152647
586,6.638070,5.689048
587,6.083784,6.409185
588,3.952174,4.318767
589,4.499671,4.781208
590,5.134032,5.326953
591,3.223406,3.726034
592,3.800874,4.142678
593,4.486493,4.528927
594,5.155739,5.212802
595,6.374959,5.899584
596,6.135059,6.583401
597,4.036013,4.340065
598,4.736685,4.938293
599,5.371865,5.603199
600,3.353175,3.768075
601,4.102261,4.202789
602,4.717299,4.496710
603,5.037176,5.205136
604,6.533182,5.762382
605,6.184923,6.440515
606,3.972460,4.322176
607,4.488633,4.807031
608,5.164360,5.352900
609,3.254280,3.734131
610,3.824910,3.977195
611,4.503840,4.611248
612,4.983085,5.251875
613,6.610026,6.073980
614,6.175470,6.739324
615,3.846741,4.461685
616,4.717340,5.032536
617,5.336992,5.691579
618,3.354675,3.829358
619,4.132604,4.151551
620,4.721041,4.722660
621,4.934764,5.190841
622,6.551849,5.806320
623,6.179542,6.536855
624,4.054888,4.378514
625,4.449686,4.850984
626,5.136322,5.389007
627,3.222405,3.792072
628,3.902934,4.190204
629,4.506514,4.748925
630,4.913580,5.314205
631,6.374603,5.969891
632,6.172815,6.655181
633,4.011157,4.440142
634,4.838514,5.019326
635,5.373521,5.638325
636,3.394748,3.827955
637,4.190384,4.244841
638,4.689429,4.702268
639,5.168830,5.242344
640,6.600785,5.818428
641,6.241180,6.495891
642,3.971876,4.335207
643,4.497212,4.867466
644,5.156819,5.401530
645,3.301975,3.789377
646,3.912598,4.209341
647,4.520627,4.377329
648,4.864481,5.231859
649,6.363267,5.971372
650,6.198206,6.744132
651,3.895394,4.363704
652,4.702490,4.969841
653,5.237245,5.651622
654,3.325577,3.737588
655,4.071527,4.247469
656,4.721612,4.747773
657,4.904802,5.226948
658,6.466478,5.810907
659,6.191445,6.483218
660,4.001247,4.294226
661,4.560724,4.838914
662,5.126382,5.417941
663,3.218478,3.703663
664,3.905701,4.072963
665,4.491803,4.755150
666,5.002023,5.238256
667,6.428645,5.917090
668,6.161654,6.627823
669,4.023565,4.328727
670,4.855429,4.902192
671,5.377721,5.537182
672,3.380326,3.707141
673,4.095675,4.172128
674,4.711565,4.525607
675,5.221420,5.124571
676,6.594323,5.799055
677,6.133913,6.450068
678,4.021675,4.260395
679,4.503194,4.762819
680,5.159833,5.357195
681,3.239123,3.648062
682,3.891444,4.139927
683,4.502720,4.546340
684,5.111847,5.236770
685,6.355878,6.009595
686,6.204044,6.705154
687,3.989699,4.429825
688,4.750502,4.999909
689,5.340372,5.660354
690,3.294377,3.740795
691,4.074409,4.246107
692,4.689807,4.568501
693,4.966065,5.198764
694,6.499443,5.828355
695,6.175043,6.562640
696,3.933607,4.319936
697,4.421062,4.817451
698,5.178698,5.446577
699,3.225015,3.700622
700,3.852308,4.194690
701,4.492918,4.756158
702,4.909918,5.243503
703,6.377795,5.935458
704,6.123230,6.639402
705,3.969543,4.355661
706,4.736910,4.923728
707,5.338628,5.570335
708,3.380618,3.700500
709,4.100378,3.994840
710,4.711565,4.528069
711,5.009924,5.195612
712,6.568787,5.778683
713,6.135665,6.487972
714,4.033523,4.263194
715,4.485612,4.778436
716,5.163252,5.375484
717,3.332625,3.678529
718,3.928401,4.155963
719,4.511526,4.544752
720,4.721235,4.291015
721,6.547982,5.097257
722,6.020509,5.517048
723,3.839087,3.868741
724,4.719319,4.491376
725,5.301327,4.826029
726,3.359301,3.339608
727,4.120432,4.013549
728,4.686987,4.526661
729,4.752872,4.295538
730,6.430297,5.018387
731,6.051799,5.411409
732,3.881664,3.794084
733,4.408537,4.440878
734,5.120230,4.736013
735,3.188900,3.456237
736,3.822762,3.894400
737,4.457510,4.261816
738,4.922289,4.310822
739,6.377659,5.144304
740,6.013895,5.486457
741,3.848795,3.840179
742,4.693954,4.461696
743,5.299726,4.852606
744,3.309541,3.225025
745,4.095796,3.926383
746,4.702628,4.500073
747,4.929545,4.323129
748,6.515511,5.048574
749,5.886560,5.433253
750,4.041106,3.786589
751,4.494180,4.411544
752,5.067251,4.757833
753,3.146016,3.454663
754,3.797531,3.994374
755,4.451859,4.153749
756,4.687784,4.370136
757,6.490417,5.215966
758,6.115806,5.558561
759,3.912382,3.887789
760,4.727685,4.508466
761,5.299512,4.954615
762,3.327388,3.353521
763,4.139703,3.920785
764,4.698284,4.557818
765,4.916783,4.354448
766,6.581151,5.081171
767,6.042458,5.621101
768,3.852607,3.836556
769,4.413368,4.473357
770,5.116693,4.881109
771,3.198013,3.493758
772,3.804793,3.952305
773,4.454303,4.469824
774,4.913329,4.402429
775,5.712676,5.281340
776,5.953740,5.595216
777,4.029301,3.902402
778,4.683313,4.499210
779,5.298766,4.928491
780,3.328540,3.353226
781,4.106685,4.045187
782,4.694794,4.511058
783,4.767119,4.421818
784,6.422155,5.162014
785,6.024456,5.603462
786,3.851854,3.814932
787,4.403716,4.392378
788,5.096158,4.897313
789,3.269513,3.358616
790,3.823002,4.000673
791,4.448829,4.627252
792,4.748924,4.366607
793,6.280973,5.215889
794,6.116778,5.622192
795,3.979545,3.919250
796,4.614887,4.551745
797,5.304854,4.979024
798,3.343299,3.502109
799,4.053905,4.045456
800,4.691499,4.555787
801,4.762449,4.379552
802,6.417565,5.089214
803,6.093520,5.610350
804,3.916580,3.865077
805,4.537273,4.426157
806,5.125445,4.919321
807,3.187182,3.377891
808,3.845505,3.923022
809,4.460721,4.492105
810,4.685626,4.437891
811,6.203974,5.398433
812,5.999412,5.621897
813,3.827502,3.910775
814,4.728580,4.519942
815,5.301754,4.926465
816,3.318378,3.331851
817,4.068137,3.899316
818,4.691404,4.489638
819,5.033739,4.398255
820,6.578917,5.163272
821,5.932809,5.555831
822,3.987945,3.853480
823,4.399001,4.451773
824,5.097230,4.871680
825,3.245470,3.469610
826,3.820846,3.704222
827,4.448408,4.377559
828,4.708663,4.427635
829,6.374488,5.258136
830,6.065624,5.773637
831,3.943527,3.905875
832,4.748112,4.544646
833,5.304319,5.012001
834,3.353497,3.469594
835,4.073914,3.906486
836,4.694794,4.502107
837,4.822461,4.435430
838,6.432413,5.135978
839,6.050840,5.881129
840,3.900654,3.834171
841,4.505713,4.465844
842,5.106112,5.143614
843,3.287225,3.463583
844,3.904772,3.893617
845,4.482697,4.531846
846,4.727037,4.397619
847,6.413820,5.239272
848,6.050720,5.696942
849,3.906750,3.887308
850,4.628558,4.484654
851,5.302289,4.903841
852,3.302238,3.314665
853,4.117633,3.987240
854,4.688866,4.519184
855,4.773678,4.402973
856,6.407267,5.086962
857,6.065293,5.783160
858,3.859074,3.808486
859,4.420997,4.426877
860,5.093141,5.076635
861,3.238930,3.314818
862,3.892723,3.856514
863,4.471941,4.457806
864,4.845870,4.410654
865,6.505486,5.232311
866,6.084964,5.875974
867,3.920946,3.919052
868,4.631559,4.522033
869,5.235749,5.033278
870,3.296805,3.343208
871,4.091226,3.733951
872,4.699038,4.571116
873,4.774569,4.363043
874,6.447509,5.129113
875,6.043893,5.910654
876,3.850418,3.840835
877,4.413368,4.491420
878,5.107676,5.143806
879,3.187346,3.462844
880,3.821644,3.790899
881,4.465123,4.635515
882,4.965502,4.446015
883,6.203807,5.355132
884,6.011671,5.702727
885,3.835862,3.899300
886,4.742033,4.482274
887,5.298339,4.957366
888,3.326238,3.451314
889,4.143154,3.870321
890,4.714274,4.447467
891,4.785708,4.376267
892,6.383128,5.104594
893,6.082920,5.766245
894,3.884506,3.810400
895,4.402079,4.427636
896,5.099179,5.089981
897,3.193409,3.314011
898,3.816860,3.723795
899,4.447063,4.437394
900,4.902124,4.989966
901,6.333898,5.777183
902,6.156640,6.452615
903,3.902657,4.272405
904,4.727685,4.839561
905,5.337864,5.366687
906,3.354675,3.570420
907,4.120712,3.958110
908,4.706508,4.615353
909,4.899914,5.000369
910,6.461952,5.599802
911,6.173045,6.344330
912,3.979384,4.207129
913,4.464584,4.692629
914,5.188169,5.242461
915,3.264489,3.668259
916,3.889741,4.028526
917,4.467326,4.460614
918,5.033225,5.075543
919,6.554499,5.882661
920,6.128259,6.499172
921,3.981354,4.315306
922,4.765429,4.831171
923,5.372858,5.402000
924,3.358131,3.694456
925,4.122753,3.999829
926,4.705083,4.671877
927,4.995640,5.023012
928,6.565643,5.713987
929,6.180004,6.395560
930,4.037678,4.086253
931,4.592317,4.742680
932,5.123692,5.165148
933,3.313778,3.586875
934,3.888019,4.103866
935,4.515769,4.479921
936,4.893482,5.046172
937,6.375193,5.811847
938,6.123672,6.485907
939,3.953806,4.333463
940,4.697931,4.849885
941,5.342991,5.401438
942,3.319711,3.550499
943,4.073486,4.111693
944,4.686971,4.712973
945,4.911271,5.035904
946,6.535521,5.654377
947,6.168805,6.370828
948,3.885650,4.230790
949,4.460204,4.719734
950,5.141007,5.213270
951,3.248355,3.552764
952,3.914883,4.028468
953,4.489489,4.648806
954,5.000385,5.086639
955,6.437319,5.901123
956,6.136573,6.527123
957,4.003367,4.334990
958,4.715077,4.852106
959,5.371644,5.439463
960,3.370926,3.554326
961,4.142910,4.135358
962,4.708036,4.715482
963,5.180055,5.074787
964,6.586820,5.712041
965,6.132287,6.435690
966,3.965214,4.168272
967,4.483903,4.754953
968,5.157522,5.134062
969,3.277759,3.631365
970,3.800362,3.945263
971,4.511439,4.445787
972,5.050760,5.109668
973,6.312924,5.929371
974,6.139923,6.562603
975,3.932209,4.392957
976,4.712081,4.939450
977,5.342773,5.485320
978,3.343029,3.769377
979,4.115664,4.061225
980,4.711342,4.786847
981,5.061395,5.065156
982,6.443368,5.772304
983,6.117622,6.493536
984,4.051291,4.265650
985,4.465382,4.799569
986,5.181817,5.378570
987,3.293221,3.741774
988,3.824257,4.160709
989,4.502634,4.382134
990,5.083471,5.145831
991,6.542933,5.959951
992,6.177505,6.607586
993,3.913671,4.244981
994,4.800085,4.877633
995,5.369548,5.485080
996,3.389642,3.590628
997,4.118311,4.006043
998,4.704893,4.721529
999,5.265098,5.141207
1000,6.636067,5.825896
1001,6.192000,6.485834
1002,4.050213,4.272562
1003,4.517338,4.799581
1004,5.185243,5.272397
1005,3.362384,3.599165
1006,3.888999,4.122018
1007,4.482736,4.532066
1008,4.875492,5.102843
1009,6.372200,5.953298
1010,6.182525,6.687927
1011,4.004159,4.339064
1012,4.729810,4.907525
1013,5.377153,5.506188
1014,3.347527,3.704686
1015,4.130766,4.018011
1016,4.713905,4.781836
1017,4.998088,5.040404
1018,6.498528,5.786642
1019,6.182294,6.525277
1020,3.933245,4.255286
1021,4.487236,4.773057
1022,5.168860,5.368921
1023,3.300591,3.556809
1024,3.895383,4.117520
1025,4.548142,4.593625
1026,5.004591,5.098979
1027,6.491216,5.913221
1028,6.226352,6.581578
1029,4.026167,4.312906
1030,4.876651,4.809197
1031,5.372747,5.407222
1032,3.397336,3.641925
1033,4.234515,3.960473
1034,4.736814,4.688190
1035,5.009080,5.033974
1036,6.518168,5.736697
1037,6.200362,6.439788
1038,4.086338,4.221877
1039,4.524647,4.724217
1040,5.230213,5.228999
1041,3.296805,3.633110
1042,3.888717,4.089435
1043,4.561736,4.661174
1044,4.873948,5.117006
1045,6.384049,5.958495
1046,6.137292,6.705165
1047,3.946708,4.344507
1048,4.722216,4.901166
1049,5.405253,5.503191
1050,3.392038,3.582437
1051,4.153186,4.182369
1052,4.720850,4.789496
1053,5.031434,5.080013
1054,6.638259,5.786573
1055,6.092782,6.558512
1056,4.044353,4.246472
1057,4.514235,4.811017
1058,5.203248,5.390991
1059,3.257811,3.667499
1060,3.958726,3.993385
1061,4.548142,4.739663
1062,5.067230,5.113816
1063,6.529418,5.903600
1064,6.174589,6.621998
1065,4.022856,4.310766
1066,4.774181,4.874241
1067,5.408094,5.381255
1068,3.395724,3.648104
1069,4.183960,4.043020
1070,4.773378,4.604479
1071,5.229022,5.058228
1072,6.604729,5.773012
1073,6.136667,6.447556
1074,4.059900,4.218754
1075,4.528820,4.747284
1076,5.195851,5.328606
1077,3.372909,3.494271
1078,3.873681,3.985663
1079,4.537438,4.532271
1080,4.923234,4.982193
1081,6.400833,5.768011
1082,6.137918,6.494998
1083,3.931192,4.280015
1084,4.716203,4.822445
1085,5.376934,5.321820
1086,3.356876,3.689756
1087,4.149129,3.986603
1088,4.751784,4.661438
1089,4.934605,4.981986
1090,6.732814,5.614207
1091,6.132851,6.364992
1092,4.046385,4.200735
1093,4.481842,4.698620
1094,5.211834,5.247694
1095,3.208666,3.668943
1096,3.854612,3.935427
1097,4.552926,4.633938
1098,5.144496,5.074498
1099,6.422745,5.890810
1100,6.174842,6.529595
1101,4.054049,4.310647
1102,4.760205,4.859858
1103,5.406539,5.424263
1104,3.420066,3.554049
1105,4.154514,4.162829
1106,4.731354,4.704605
1107,5.048669,5.039941
1108,6.628043,5.741443
1109,6.171948,6.405204
1110,4.017312,4.232463
1111,4.526376,4.688039
1112,5.236130,5.314934
1113,3.340638,3.530393
1114,3.873252,3.996778
1115,4.570844,4.624332
1116,4.912230,5.087855
1117,6.455465,5.799937
1118,6.151980,6.489628
1119,4.010255,4.354662
1120,4.726680,4.842988
1121,5.304286,5.439727
1122,3.373910,3.696385
1123,4.143022,4.024194
1124,4.743737,4.692344
1125,4.910323,5.046029
1126,6.548720,5.659652
1127,6.147283,6.337239
1128,4.011956,4.230700
1129,4.573019,4.760880
1130,5.167057,5.287369
1131,3.299807,3.704935
1132,3.893241,4.107618
1133,4.544149,4.494394
1134,5.050926,5.126866
1135,6.701771,5.903389
1136,6.177125,6.512471
1137,4.058733,4.325579
1138,4.757600,4.872715
1139,5.406539,5.396069
1140,3.395724,3.687122
1141,4.194094,4.092080
1142,4.732407,4.686177
1143,5.143061,5.097435
1144,6.721139,5.748356
1145,6.186691,6.397870
1146,4.037202,4.253427
1147,4.526275,4.753413
1148,5.194738,5.333279
1149,3.334756,3.679948
1150,3.893137,4.129022
1151,4.554058,4.346363
1152,4.948413,5.077006
1153,6.420533,5.915568
1154,6.137292,6.607075
1155,3.967397,4.373328
1156,4.730257,4.930729
1157,5.374299,5.510108
1158,3.339656,3.752741
1159,4.157935,4.205462
1160,4.750825,4.756800
1161,4.967105,5.107699
1162,6.708150,5.746199
1163,6.129502,6.469197
1164,3.926988,4.335128
1165,4.537870,4.798923
1166,5.169461,5.315394
1167,3.261575,3.631645
1168,3.959748,4.157378
1169,4.575289,4.610178
1170,4.986263,5.201325
1171,6.475915,5.952569
1172,6.173702,6.531679
1173,3.990217,4.375535
1174,4.732736,4.885810
1175,5.405984,5.466678
1176,3.394157,3.618384
1177,4.193321,4.055911
1178,4.798313,4.715335
1179,5.034020,5.130728
1180,6.621438,5.802517
1181,6.181643,6.434321
1182,3.995517,4.297905
1183,4.525461,4.641301
1184,5.195648,5.245664
1185,3.391210,3.597863
1186,3.963724,3.995241
1187,4.528757,4.424986
1188,4.901433,5.102842
1189,6.388609,5.939880
1190,6.180382,6.693583
1191,3.986561,4.375106
1192,4.848116,4.936436
1193,5.374299,5.490439
1194,3.369272,3.621836
1195,4.187119,4.048094
1196,4.776043,4.793732
1197,5.120013,5.049001
1198,6.559618,5.774104
1199,6.128263,6.499817
1200,4.047102,4.266490
1201,4.539204,4.792267
1202,5.175079,5.369754
1203,3.303121,3.569844
1204,3.960856,4.171721
1205,4.549967,4.659574
1206,5.060229,5.076094
1207,6.480461,5.891457
1208,6.239043,6.575250
1209,4.082928,4.310696
1210,4.769741,4.850995
1211,5.408873,5.417688
1212,3.400033,3.615290
1213,4.208852,4.041695
1214,4.732024,4.708397
1215,4.989631,5.037789
1216,6.582686,5.743734
1217,6.176728,6.416799
1218,4.034841,4.217569
1219,4.521193,4.728051
1220,5.185444,5.215853
1221,3.296805,3.654903
1222,3.892156,3.923573
1223,4.529190,4.687829
1224,5.068398,5.096565
1225,6.363941,5.955528
1226,6.131912,6.639652
1227,3.934805,4.354609
1228,4.793521,4.899886
1229,5.382432,5.524373
1230,3.332715,3.683423
1231,4.143532,4.047960
1232,4.710678,4.801749
1233,5.010296,5.099280
1234,6.743161,5.787540
1235,6.133844,6.555752
1236,3.914492,4.231340
1237,4.582911,4.807781
1238,5.190289,5.239549
1239,3.343229,3.563289
1240,3.850122,3.961786
1241,4.553883,4.562530
1242,5.039014,5.077123
1243,6.574247,5.871565
1244,6.170156,6.584111
1245,4.037321,4.326336
1246,4.879934,4.863462
1247,5.407761,5.405838
1248,3.392222,3.506273
1249,4.145020,4.028979
1250,4.742577,4.718538
1251,5.178766,5.100425
1252,6.628610,5.762132
1253,6.175596,6.459560
1254,4.129203,4.235733
1255,4.582314,4.759629
1256,5.154812,5.130869
1257,3.304693,3.636360
1258,3.969680,3.929659
1259,4.530924,4.557546
1260,4.941313,4.971966
1261,6.398704,5.776315
1262,6.134038,6.478441
1263,3.943479,4.287671
1264,4.765763,4.845231
1265,5.343537,5.396637
1266,3.319091,3.676895
1267,4.133735,4.102881
1268,4.694919,4.714385
1269,4.925690,4.978675
1270,6.522273,5.721867
1271,6.125660,6.334792
1272,3.941436,4.218146
1273,4.479848,4.692404
1274,5.169261,5.219279
1275,3.277495,3.677414
1276,3.862068,4.081657
1277,4.521489,4.510624
1278,5.039504,5.054010
1279,6.407242,5.864956
1280,6.182458,6.498933
1281,4.079766,4.318395
1282,4.726205,4.890105
1283,5.371534,5.445367
1284,3.393902,3.558163
1285,4.146542,4.145538
1286,4.704988,4.705377
1287,5.050005,5.079981
1288,6.658406,5.694020
1289,6.198586,6.401413
1290,4.022974,4.243686
1291,4.523021,4.759964
1292,5.159129,5.314854
1293,3.350784,3.681692
1294,3.909528,4.129145
1295,4.530750,4.690158
1296,4.849802,5.029419
1297,6.583062,5.813012
1298,6.142056,6.515123
1299,3.973612,4.301384
1300,4.756130,4.854104
1301,5.372324,5.431778
1302,3.348977,3.530594
1303,4.099977,4.142811
1304,4.689994,4.686934
1305,4.916490,5.055084
1306,6.546831,5.623260
1307,6.184173,6.359174
1308,3.974996,4.244620
1309,4.485137,4.740660
1310,5.165856,5.154282
1311,3.230279,3.564466
1312,3.919762,4.065565
1313,4.532919,4.479413
1314,5.046667,5.111615
1315,6.422388,5.897234
1316,6.174209,6.513360
1317,4.058944,4.344753
1318,4.744490,4.877502
1319,5.371423,5.436927
1320,3.379039,3.553956
1321,4.133833,3.807644
1322,4.702514,4.703147
1323,5.019385,5.096556
1324,6.618177,5.741773
1325,6.232390,6.405459
1326,3.986592,4.133138
1327,4.521716,4.732816
1328,5.163655,5.187088
1329,3.309276,3.693256
1330,3.855422,3.949841
1331,4.527890,4.381970
1332,4.884160,5.099731
1333,6.298340,5.908123
1334,6.202774,6.596381
1335,3.898519,4.412079
1336,4.794093,4.955110
1337,5.235426,5.527871
1338,3.347713,3.740411
1339,4.122329,4.122927
1340,4.738483,4.787160
1341,4.945796,5.078740
1342,6.440311,5.741735
1343,6.183421,6.472898
1344,3.951832,4.301838
1345,4.506116,4.830158
1346,5.136223,5.265951
1347,3.230111,3.656463
1348,3.935434,4.115324
1349,4.516743,4.654298
1350,4.954302,5.123463
1351,6.432979,5.965924
1352,6.228399,6.529698
1353,4.010138,4.315750
1354,4.736910,4.928127
1355,5.378163,5.492021
1356,3.388533,3.614231
1357,4.159522,4.061823
1358,4.744405,4.750494
1359,5.011582,5.127752
1360,6.707376,5.792324
1361,6.178113,6.472067
1362,4.048896,4.245154
1363,4.499235,4.731110
1364,5.198586,5.373523
1365,3.280091,3.583894
1366,3.967700,4.007249
1367,4.543797,4.306888
1368,5.049103,5.098628
1369,6.566951,5.925738
1370,6.182021,6.674214
1371,3.979499,4.377085
1372,4.746760,4.935369
1373,5.339827,5.442911
1374,3.339524,3.683058
1375,4.142966,4.027741
1376,4.720469,4.690862
1377,5.094153,5.050399
1378,6.533855,5.754578
1379,6.174293,6.529720
1380,4.023565,4.285043
1381,4.467324,4.805500
1382,5.169662,5.387744
1383,3.262600,3.704082
1384,3.883467,4.106819
1385,4.511578,4.758395
1386,5.036179,5.121581
1387,6.432257,5.895127
1388,6.184112,6.559984
1389,4.040656,4.316947
1390,4.808270,4.871680
1391,5.371423,5.416215
1392,3.358847,3.535351
1393,4.126470,4.058076
1394,4.715100,4.722456
1395,5.111378,5.022880
1396,6.524065,5.727911
1397,6.181643,6.399255
1398,4.099545,4.233786
1399,4.542717,4.746490
1400,5.189279,5.342169
1401,3.307753,3.657806
1402,3.955944,4.091126
1403,4.529710,4.414446
1404,4.843801,5.118317
1405,6.393351,5.943485
1406,6.185428,6.683899
1407,3.968202,4.373193
1408,4.714542,4.919933
1409,5.376055,5.524206
1410,3.314839,3.612758
1411,4.143404,4.035106
1412,4.714096,4.780744
1413,4.914749,5.093765
1414,6.504939,5.914290
1415,6.132479,6.543880
1416,3.999717,4.282068
1417,4.489037,4.793408
1418,5.175079,5.209491
1419,3.261575,3.570916
1420,3.931965,4.032905
1421,4.515107,4.583181
1422,5.099140,5.099483
1423,6.659430,5.888609
1424,6.176618,6.584755
1425,3.978424,4.331453
1426,4.766115,4.864536
1427,5.371202,5.402090
1428,3.397336,3.497105
1429,4.127318,3.967879
1430,4.705654,4.594344
1431,4.997696,5.058890
1432,6.640459,5.746612
1433,6.235827,6.440691
1434,4.001719,4.222036
1435,4.497515,4.762785
1436,5.185545,5.345649
1437,3.312629,3.602945
1438,3.911412,4.097084
1439,4.544058,4.635618
1440,4.893591,4.389839
1441,6.197476,5.295699
1442,6.046526,5.781507
1443,3.841456,3.887270
1444,4.685596,4.616980
1445,5.323887,5.229151
1446,3.401175,3.539024
1447,4.042746,4.233356
1448,4.694615,4.376674
1449,4.924653,4.369293
1450,6.409739,5.018686
1451,5.995121,5.529477
1452,3.903966,3.837306
1453,4.400172,4.443600
1454,5.089739,4.730847
1455,3.180338,3.478022
1456,3.861008,3.923866
1457,4.472954,4.424847
1458,4.702762,4.441105
1459,6.184190,5.194051
1460,6.035888,5.822176
1461,3.951612,3.921814
1462,4.774652,4.763032
1463,5.291095,5.239945
1464,3.352375,3.537079
1465,4.118285,4.283583
1466,4.709462,4.590714
1467,4.876574,4.480496
1468,6.443660,5.067584
1469,5.990651,5.495266
1470,3.932572,3.862824
1471,4.492815,4.478994
1472,5.115613,4.880641
1473,3.236832,3.495483
1474,3.848145,3.897907
1475,4.495586,4.465400
1476,4.693293,4.488361
1477,6.149746,5.190246
1478,6.029333,5.929796
1479,3.860803,3.983020
1480,4.673334,4.695873
1481,5.289712,5.294405
1482,3.332178,3.559475
1483,4.079568,4.206628
1484,4.724497,4.504666
1485,4.777412,4.462721
1486,6.471993,5.081206
1487,6.050742,5.654599
1488,3.923288,3.912849
1489,4.503423,4.414153
1490,5.093238,5.052166
1491,3.273108,3.505285
1492,3.850399,3.918238
1493,4.497454,4.635051
1494,4.737914,4.513940
1495,6.234647,5.422355
1496,5.979288,5.880925
1497,3.824937,3.952198
1498,4.625668,4.723423
1499,5.289500,5.296435
1500,3.360125,3.579687
1501,4.112841,4.253537
1502,4.693099,4.414283
1503,4.768649,4.448288
1504,6.440805,5.126138
1505,6.008451,5.655066
1506,3.940549,3.877936
1507,4.539283,4.468083
1508,5.086050,5.025015
1509,3.262430,3.514774
1510,3.874994,4.069026
1511,4.474815,4.641849
1512,4.958067,4.477387
1513,6.488787,5.218003
1514,5.988150,5.950508
1515,3.911383,3.976685
1516,4.703380,4.791768
1517,5.291095,5.325077
1518,3.434255,3.627406
1519,4.115210,4.253463
1520,4.704377,4.603067
1521,4.740730,4.447134
1522,6.393527,5.288078
1523,6.065293,5.699424
1524,3.843287,3.905585
1525,4.459923,4.513716
1526,5.088282,5.051099
1527,3.292593,3.532835
1528,3.814154,3.948164
1529,4.472025,4.584057
1530,4.712269,4.539492
1531,6.261035,5.227995
1532,6.081116,5.882148
1533,3.953765,3.948411
1534,4.630594,4.693435
1535,5.283553,5.262847
1536,3.409394,3.564894
1537,4.124825,4.228437
1538,4.725256,4.387187
1539,4.843448,4.439136
1540,6.477221,5.113153
1541,6.044442,5.617595
1542,3.855515,3.868080
1543,4.392283,4.478974
1544,5.101325,5.003293
1545,3.259537,3.516352
1546,3.830367,4.012273
1547,4.474392,4.526534
1548,4.781163,4.441824
1549,6.260820,5.266958
1550,6.037440,6.023104
1551,3.914936,3.934585
1552,4.618191,4.751901
1553,5.325921,5.405353
1554,3.344661,3.553198
1555,4.113396,4.260217
1556,4.728105,4.679331
1557,4.666887,4.385945
1558,6.382297,5.131678
1559,6.055624,5.749872
1560,3.897348,3.888630
1561,4.440418,4.477591
1562,5.091487,5.100271
1563,3.206279,3.503585
1564,3.809785,3.952807
1565,4.497624,4.740210
1566,4.789434,4.434372
1567,6.370409,5.238230
1568,5.994191,5.991896
1569,3.899992,3.954062
1570,4.705138,4.633991
1571,5.327528,5.331135
1572,3.316442,3.510986
1573,4.095926,4.229498
1574,4.716920,4.425723
1575,4.730488,4.478890
1576,6.408326,5.115128
1577,6.010226,5.743171
1578,3.872292,3.831032
1579,4.426693,4.453815
1580,5.085274,5.045558
1581,3.208172,3.475371
1582,3.827896,3.882731
1583,4.482018,4.657156
1584,4.726791,4.487597
1585,6.294372,5.278128
1586,5.999412,6.051950
1587,3.904746,3.966568
1588,4.647488,4.764228
1589,5.320038,5.443544
1590,3.327893,3.564323
1591,4.132259,4.259130
1592,4.716352,4.673659
1593,4.738416,4.443062
1594,6.425070,5.138205
1595,6.052646,5.796743
1596,3.851639,3.887188
1597,4.437547,4.539496
1598,5.121747,5.130890
1599,3.205293,3.516968
1600,3.818683,3.927722
1601,4.499069,4.570375
1602,4.784556,4.487151
1603,6.247306,5.189002
1604,6.024456,5.984906
1605,3.931563,3.895606
1606,4.630166,4.674872
1607,5.328385,5.353210
1608,3.310644,3.531384
1609,4.106965,4.273155
1610,4.711631,4.473031
1611,4.711547,4.418433
1612,6.427632,5.086922
1613,6.015317,5.724012
1614,3.993256,3.836951
1615,4.452334,4.457051
1616,5.121161,5.040802
1617,3.298240,3.481455
1618,3.882890,4.028661
1619,4.494737,4.665132
1620,4.911917,5.030009
1621,6.598120,5.763863
1622,6.113713,6.452722
1623,3.920391,4.297697
1624,4.713979,4.880841
1625,5.353308,5.564428
1626,3.382035,3.725073
1627,4.159742,4.046805
1628,4.734193,4.437930
1629,4.951280,5.003390
1630,6.669824,5.583854
1631,6.104067,6.261951
1632,3.999276,4.231338
1633,4.617127,4.735914
1634,5.151088,5.284803
1635,3.316969,3.691814
1636,3.920841,4.127282
1637,4.542502,4.660625
1638,4.978518,5.166081
1639,6.340510,5.812509
1640,6.120093,6.660877
1641,4.032718,4.369908
1642,4.711314,5.030565
1643,5.393368,5.686885
1644,3.367132,3.784697
1645,4.119322,4.440548
1646,4.716376,4.777942
1647,4.870930,5.098951
1648,6.629177,5.670633
1649,6.093266,6.396864
1650,4.099177,4.278626
1651,4.475467,4.786259
1652,5.157464,5.259017
1653,3.249800,3.730042
1654,3.865087,4.054905
1655,4.505051,4.565928
1656,4.876883,5.147359
1657,6.429545,5.706727
1658,6.086493,6.446805
1659,3.984833,4.381163
1660,4.702784,4.925040
1661,5.352545,5.523967
1662,3.369598,3.759502
1663,4.224150,4.065788
1664,4.698755,4.688138
1665,4.862622,5.087194
1666,6.522774,5.610865
1667,6.140274,6.267049
1668,4.029839,4.276102
1669,4.565687,4.734406
1670,5.121624,5.267461
1671,3.356155,3.696222
1672,3.939247,3.958233
1673,4.533852,4.501556
1674,4.976102,5.231344
1675,5.826035,5.875582
1676,6.021227,6.504569
1677,3.908088,4.368752
1678,4.809658,4.947445
1679,5.356577,5.587185
1680,3.457528,3.753469
1681,4.113415,4.193082
1682,4.748524,4.494575
1683,5.022564,5.149388
1684,6.639313,5.717623
1685,6.092531,6.353403
1686,3.976381,4.281877
1687,4.541897,4.762364
1688,5.151884,5.337259
1689,3.313541,3.723557
1690,3.834694,4.167754
1691,4.533938,4.615074
1692,4.988216,5.205294
1693,6.441570,5.840993
1694,6.084457,6.624273
1695,3.829930,4.378638
1696,4.652245,4.939031
1697,5.316966,5.620082
1698,3.361751,3.807175
1699,4.081766,4.197474
1700,4.696771,4.573964
1701,5.100831,5.127932
1702,6.454000,5.713581
1703,6.161116,6.382385
1704,3.966385,4.326509
1705,4.464522,4.838539
1706,5.106814,5.289809
1707,3.226839,3.758496
1708,3.864872,4.007720
1709,4.509085,4.544042
1710,4.904714,5.273282
1711,5.748966,5.834743
1712,6.008929,6.671420
1713,3.965560,4.445284
1714,4.704112,4.995446
1715,5.359740,5.619401
1716,3.381338,3.798040
1717,4.124398,4.237854
1718,4.722852,4.537373
1719,4.889320,5.205257
1720,6.668907,5.752307
1721,6.033864,6.404364
1722,4.119889,4.306079
1723,4.551946,4.796946
1724,5.154971,5.397590
1725,3.294849,3.743383
1726,3.932219,4.036643
1727,4.501281,4.665653
1728,4.821856,5.114014
1729,6.221201,5.867540
1730,6.089592,6.614660
1731,3.852150,4.354179
1732,4.647273,4.951226
1733,5.327946,5.679098
1734,3.290430,3.715139
1735,4.105175,4.123442
1736,4.668372,4.596829
1737,4.873799,5.107704
1738,6.477762,5.656581
1739,6.161980,6.441850
1740,3.935602,4.267269
1741,4.441113,4.771398
1742,5.141355,5.369969
1743,3.227472,3.671934
1744,3.837679,4.202076
1745,4.446098,4.731436
1746,4.889748,5.121763
1747,5.792400,5.837653
1748,5.962685,6.531099
1749,4.061933,4.317058
1750,4.708541,4.917844
1751,5.354070,5.600087
1752,3.370878,3.694969
1753,4.090974,4.183126
1754,4.715426,4.660522
1755,5.155184,5.048698
1756,6.611541,5.693513
1757,6.087146,6.358842
1758,4.088045,4.240582
1759,4.575025,4.731293
1760,5.148105,5.338047
1761,3.306004,3.644785
1762,3.905272,4.079689
1763,4.513384,4.524910
1764,4.924968,5.123737
1765,6.339814,5.869439
1766,6.128881,6.553188
1767,4.038148,4.324944
1768,4.827310,4.949582
1769,5.354723,5.615774
1770,3.358847,3.742594
1771,4.160694,4.115836
1772,4.716376,4.604596
1773,4.898978,5.060094
1774,6.558180,5.659409
1775,6.098171,6.450462
1776,4.070311,4.249240
1777,4.519368,4.798021
1778,5.192479,5.403733
1779,3.256104,3.687498
1780,3.861497,4.179714
1781,4.524774,4.648918
1782,5.017323,5.101552
1783,5.572391,5.781145
1784,6.011909,6.485417
1785,3.971423,4.324396
1786,4.740188,4.892159
1787,5.391722,5.548649
1788,3.393972,3.692535
1789,4.176126,4.040450
1790,4.775561,4.496104
1791,4.942849,5.072808
1792,6.673118,5.663609
1793,6.182161,6.342059
1794,4.118943,4.222439
1795,4.528405,4.746281
1796,5.148403,5.348508
1797,3.379441,3.644667
1798,3.991405,4.148999
1799,4.631101,4.689157
1800,4.954740,5.092722
1801,6.393527,5.677734
1802,6.122443,6.392787
1803,3.994065,4.292561
1804,4.886778,4.851587
1805,5.382191,5.542497
1806,3.378261,3.736188
1807,4.171649,4.145718
1808,4.651722,4.470106
1809,4.946980,5.041134
1810,6.567027,5.569088
1811,6.179181,6.307260
1812,4.056079,4.219433
1813,4.541203,4.715220
1814,5.218479,5.296871
1815,3.237073,3.682311
1816,3.884977,4.113578
1817,4.597055,4.464339
1818,5.122878,5.141870
1819,6.589169,5.842638
1820,6.149548,6.622203
1821,4.019204,4.363722
1822,4.843438,5.021665
1823,5.395455,5.692823
1824,3.362565,3.791847
1825,4.268398,4.385851
1826,4.778647,4.733343
1827,4.935237,5.098807
1828,6.670438,5.631577
1829,6.196977,6.401816
1830,4.043594,4.284797
1831,4.559826,4.779315
1832,5.219387,5.335581
1833,3.296369,3.722854
1834,3.964657,4.022273
1835,4.596179,4.570164
1836,4.976049,5.177601
1837,6.419647,5.741210
1838,6.171672,6.500275
1839,3.982992,4.334340
1840,4.779935,4.877090
1841,5.400956,5.529878
1842,3.364616,3.760385
1843,4.173733,4.028049
1844,4.754266,4.661641
1845,4.958780,5.116735
1846,6.769344,5.591330
1847,6.190494,6.292948
1848,3.980464,4.270360
1849,4.615856,4.706598
1850,5.186460,5.304811
1851,3.343420,3.632135
1852,3.904554,4.129849
1853,4.619364,4.518394
1854,4.935554,5.194599
1855,5.788913,5.825354
1856,6.012744,6.523802
1857,3.946073,4.377379
1858,4.743381,4.888641
1859,5.393917,5.607667
1860,3.405716,3.767306
1861,4.262538,4.165886
1862,4.776333,4.540134
1863,4.900027,5.161022
1864,6.627665,5.854911
1865,6.139656,6.359900
1866,4.099234,4.274213
1867,4.514281,4.816287
1868,5.185058,5.339237
1869,3.255591,3.721875
1870,3.856206,4.133582
1871,4.542762,4.512177
1872,4.974493,5.194442
1873,6.098464,5.852203
1874,6.058050,6.557931
1875,3.869142,4.395457
1876,4.745952,4.972700
1877,5.355207,5.649539
1878,3.397939,3.798807
1879,4.141896,4.234481
1880,4.705600,4.736569
1881,4.983410,5.143866
1882,6.556659,5.654343
1883,6.096331,6.395905
1884,3.914348,4.311124
1885,4.498162,4.786708
1886,5.183656,5.359723
1887,3.238930,3.748729
1888,3.921779,4.014330
1889,4.556142,4.565513
1890,4.860550,5.206400
1891,5.639687,5.861916
1892,6.006547,6.537701
1893,4.041343,4.395679
1894,4.746400,4.937532
1895,5.354397,5.630516
1896,3.379292,3.792559
1897,4.167848,4.238301
1898,4.750058,4.662331
1899,5.155875,5.184285
1900,6.617608,5.797661
1901,6.089470,6.398628
1902,4.077823,4.329149
1903,4.556489,4.728993
1904,5.154572,5.367798
1905,3.276282,3.745553
1906,3.910821,4.172755
1907,4.534543,4.532702
1908,4.812806,5.178975
1909,6.305170,5.845101
1910,6.056464,6.607676
1911,3.905403,4.326539
1912,4.848466,4.949487
1913,5.361711,5.640978
1914,3.304169,3.721577
1915,4.133798,4.207133
1916,4.697709,4.674935
1917,4.978679,5.138713
1918,6.554257,5.666756
1919,6.137928,6.452909
1920,3.906201,4.249582
1921,4.498658,4.790360
1922,5.186160,5.336293
1923,3.244646,3.677609
1924,3.879767,4.163825
1925,4.513557,4.756003
1926,4.852119,5.136483
1927,5.769664,5.810334
1928,5.954304,6.479196
1929,3.999624,4.316813
1930,4.721101,4.874282
1931,5.393807,5.591684
1932,3.394341,3.688491
1933,4.194993,4.100021
1934,4.746991,4.663953
1935,5.134024,5.113474
1936,6.634922,5.682312
1937,6.116264,6.378475
1938,3.952744,4.231359
1939,4.475367,4.768960
1940,5.113913,5.355735
1941,3.311083,3.668035
1942,3.857913,4.087983
1943,4.534370,4.594023
1944,4.913015,5.152493
1945,6.435462,5.838901
1946,6.122567,6.595388
1947,3.911994,4.343013
1948,4.745841,4.938810
1949,5.393148,5.620524
1950,3.387717,3.733786
1951,4.264344,4.088529
1952,4.776236,4.598761
1953,4.906536,5.128671
1954,6.621249,5.690001
1955,6.146206,6.466045
1956,3.954570,4.290169
1957,4.525593,4.791265
1958,5.168860,5.392412
1959,3.308979,3.689931
1960,3.886828,4.185599
1961,4.585810,4.768996
1962,4.881371,5.117649
1963,5.790358,5.796519
1964,6.012032,6.541939
1965,3.996379,4.307109
1966,4.812771,4.887999
1967,5.357231,5.563328
1968,3.362384,3.690886
1969,4.156672,4.069783
1970,4.721422,4.675616
1971,4.916015,5.124291
1972,6.648697,5.660729
1973,6.100749,6.416125
1974,3.947050,4.257689
1975,4.475864,4.759302
1976,5.154871,5.355378
1977,3.347527,3.651781
1978,3.927660,4.152338
1979,4.502995,4.535143
1980,4.852119,5.126565
1981,6.373432,5.749478
1982,6.103044,6.464863
1983,3.915013,4.295608
1984,4.737243,4.867020
1985,5.355159,5.554723
1986,3.342669,3.719672
1987,4.094731,4.157058
1988,4.730861,4.457205
1989,4.934764,5.005420
1990,6.551291,5.565522
1991,6.098416,6.320340
1992,3.984373,4.256239
1993,4.506217,4.739666
1994,5.149496,5.289016
1995,3.253175,3.672972
1996,3.857344,4.122622
1997,4.534370,4.533589
1998,4.869474,5.133966
1999,6.334593,5.822752
2000,6.112193,6.664430
2001,3.927923,4.357510
2002,4.778958,5.007834
2003,5.358867,5.662976
2004,3.393809,3.798272
2005,4.224204,4.421651
2006,4.712481,4.674287
2007,4.956065,5.099259
2008,6.553524,5.715159
2009,6.098661,6.389279
2010,4.001937,4.261073
2011,4.472484,4.800217
2012,5.149198,5.359236
2013,3.255591,3.719309
2014,3.942473,4.124646
2015,4.505823,4.680377
2016,4.994356,5.119074
2017,6.375721,5.744112
2018,6.095869,6.495301
2019,3.895952,4.341988
2020,4.724446,4.903616
2021,5.349934,5.567280
2022,3.346721,3.753908
2023,4.156985,4.059246
2024,4.744311,4.621443
2025,5.103007,5.128863
2026,6.578173,5.636250
2027,6.079575,6.369232
2028,3.996611,4.279270
2029,4.502303,4.737158
2030,5.152183,5.305197
2031,3.348872,3.699495
2032,3.862965,4.014448
2033,4.534629,4.526477
2034,4.863009,5.218869
2035,5.802888,5.868170
2036,5.976457,6.546185
2037,3.899078,4.295068
2038,4.785491,4.940928
2039,5.355596,5.616291
2040,3.354264,3.758875
2041,4.151195,4.176019
2042,4.756011,4.497637
2043,5.088889,5.172012
2044,6.665276,5.702552
2045,6.099644,6.417920
2046,4.055969,4.316085
2047,4.485837,4.777318
2048,5.154971,5.327240
2049,3.268145,3.712357
2050,3.862720,3.992003
2051,4.553883,4.517506
2052,4.886487,5.195185
2053,6.315178,5.878124
2054,6.082259,6.574612
2055,3.870654,4.421914
2056,4.648785,4.951836
2057,5.316751,5.633079
2058,3.303819,3.806605
2059,4.068340,4.194133
2060,4.672382,4.658888
2061,4.987480,5.132864
2062,6.444196,5.689633
2063,6.029387,6.455365
2064,3.899111,4.298458
2065,4.510989,4.824524
2066,5.154673,5.348501
2067,3.248272,3.735319
2068,3.900192,4.176601
2069,4.549533,4.737399
2070,4.870245,5.309118
2071,5.897402,5.872705
2072,6.003929,6.580475
2073,4.015576,4.422344
2074,4.761778,4.971006
2075,5.351021,5.638477
2076,3.365644,3.805206
2077,4.137215,4.045751
2078,4.738006,4.529611
2079,4.912061,5.184820
2080,6.559857,5.815915
2081,6.103575,6.455917
2082,4.002638,4.312956
2083,4.570936,4.811155
2084,5.152083,5.371088
2085,3.285583,3.780387
2086,3.912957,4.191061
2087,4.536271,4.715458
2088,4.806490,5.157311
2089,6.299835,5.836206
2090,6.095717,6.646680
2091,3.915603,4.375594
2092,4.740700,4.932099
2093,5.313208,5.637644
2094,3.316530,3.722024
2095,4.096355,4.225006
2096,4.699773,4.737715
2097,4.916626,5.133139
2098,6.544297,5.704361
2099,6.120948,6.464483
2100,3.968667,4.284634
2101,4.563674,4.800001
2102,5.146813,5.399244
2103,3.223893,3.674551
2104,3.866983,4.058696
2105,4.537568,4.601470
2106,4.869936,5.168012
2107,5.846699,5.854622
2108,6.010710,6.545384
2109,3.982992,4.310135
2110,4.841239,4.888278
2111,5.358322,5.596039
2112,3.374816,3.650508
2113,4.166708,4.179022
2114,4.737338,4.518915
2115,4.918513,5.076404
2116,6.631444,5.667498
2117,6.095717,6.390700
2118,3.948301,4.222922
2119,4.526095,4.642299
2120,5.201635,5.352948
2121,3.277313,3.665374
2122,3.892747,4.115506
2123,4.585072,4.654874
2124,4.995449,5.179573
2125,6.469653,5.816364
2126,6.056830,6.648255
2127,4.045700,4.351281
2128,4.882638,4.927530
2129,5.394027,5.618212
2130,3.365009,3.713852
2131,4.203089,4.216159
2132,4.770268,4.612574
2133,4.945549,5.131467
2134,6.640345,5.693443
2135,6.194731,6.522331
2136,3.991522,4.235433
2137,4.536861,4.795781
2138,5.193885,5.411818
2139,3.272765,3.688783
2140,3.908922,4.182517
2141,4.557529,4.625124
2142,4.872404,5.129194
2143,5.710311,5.791489
2144,6.017999,6.556579
2145,3.916132,4.339075
2146,4.794777,4.914157
2147,5.391722,5.553534
2148,3.376827,3.687996
2149,4.172124,4.072244
2150,4.779226,4.587930
2151,4.928755,5.105328
2152,6.605639,5.682442
2153,6.094491,6.411036
2154,4.061214,4.231514
2155,4.541809,4.759557
2156,5.151784,5.364854
2157,3.275510,3.666972
2158,3.912060,4.146805
2159,4.584636,4.516457
2160,4.789582,4.340194
2161,6.392648,5.103765
2162,6.082438,5.502671
2163,3.892179,3.855186
2164,4.705486,4.486167
2165,5.326564,4.835548
2166,3.355461,3.458984
2167,4.250061,3.910554
2168,4.737803,4.544122
2169,4.721090,4.256130
2170,6.535287,5.017929
2171,6.068882,5.409616
2172,3.889900,3.792545
2173,4.453598,4.439682
2174,5.196784,4.817238
2175,3.254043,3.464624
2176,3.927325,4.038068
2177,4.580091,4.297289
2178,4.769836,4.352359
2179,6.360303,5.198883
2180,6.081717,5.505497
2181,3.992552,3.833912
2182,4.717669,4.487700
2183,5.324636,4.861540
2184,3.368851,3.338985
2185,4.175351,4.021768
2186,4.760096,4.529936
2187,4.849811,4.330479
2188,6.439022,5.049314
2189,6.057889,5.403420
2190,3.922639,3.785227
2191,4.477749,4.432189
2192,5.205036,4.532426
2193,3.277551,3.422293
2194,3.917922,4.002192
2195,4.555943,4.212751
2196,4.736322,4.359916
2197,6.315173,5.177288
2198,6.137961,5.586097
2199,3.967438,3.912978
2200,4.732616,4.517454
2201,5.430276,4.965748
2202,3.386726,3.510986
2203,4.163991,4.061199
2204,4.828064,4.437495
2205,4.909508,4.332016
2206,6.434389,5.067660
2207,6.100766,5.545622
2208,3.998068,3.873001
2209,4.477847,4.403643
2210,5.207426,4.868234
2211,3.243454,3.372650
2212,3.904948,3.886914
2213,4.602801,4.509193
2214,4.757772,4.356678
2215,6.279754,5.235452
2216,6.123416,5.577462
2217,3.984991,3.894552
2218,4.792479,4.549125
2219,5.355505,4.876972
2220,3.395083,3.341108
2221,4.272572,3.901674
2222,4.809851,4.517605
2223,4.809491,4.356823
2224,6.526552,5.105293
2225,6.107736,5.554485
2226,4.020818,3.834246
2227,4.572299,4.413424
2228,5.194900,4.864309
2229,3.281714,3.337723
2230,3.976754,4.001306
2231,4.636289,4.445762
2232,4.773616,4.343060
2233,6.308204,5.173266
2234,6.127772,5.642198
2235,3.913047,3.946583
2236,4.790959,4.540629
2237,5.428858,4.942544
2238,3.353351,3.523791
2239,4.242273,3.938452
2240,4.849067,4.545669
2241,4.843460,4.358788
2242,6.516209,5.099472
2243,6.130680,5.554569
2244,3.917439,3.842269
2245,4.508828,4.463156
2246,5.194503,4.920221
2247,3.361171,3.366412
2248,3.904298,3.940359
2249,4.642604,4.644061
2250,4.902862,4.391878
2251,6.286546,5.265546
2252,6.126682,5.580311
2253,3.968677,3.897836
2254,4.839593,4.489175
2255,5.425262,4.920763
2256,3.421020,3.500968
2257,4.232792,3.912324
2258,4.859175,4.366099
2259,4.822978,4.397719
2260,6.551546,5.096319
2261,6.104970,5.517412
2262,3.936174,3.848525
2263,4.536184,4.430896
2264,5.205036,4.898750
2265,3.352330,3.383652
2266,3.934178,3.872260
2267,4.644537,4.433011
2268,4.849726,4.345330
2269,6.246502,5.206101
2270,6.132256,5.708044
2271,3.906271,3.910555
2272,4.889553,4.556016
2273,5.434535,4.982790
2274,3.395812,3.409344
2275,4.184598,3.907190
2276,4.838035,4.488932
2277,4.922345,4.327307
2278,6.492922,5.098304
2279,6.097887,5.780354
2280,4.019085,3.842598
2281,4.536382,4.498356
2282,5.234078,4.989519
2283,3.297626,3.468260
2284,3.910856,4.042420
2285,4.662882,4.584388
2286,4.980082,4.384476
2287,6.254670,5.143634
2288,6.175523,5.616078
2289,3.929390,3.887699
2290,4.790824,4.555547
2291,5.468645,4.919754
2292,3.399404,3.462415
2293,4.274854,3.898539
2294,4.890666,4.504608
2295,4.848419,4.283182
2296,6.525643,5.075011
2297,6.156908,5.678004
2298,3.935099,3.797151
2299,4.637170,4.400895
2300,5.226889,5.035308
2301,3.271123,3.426382
2302,3.917349,3.869475
2303,4.615431,4.496591
2304,4.836916,4.351047
2305,6.303453,5.231823
2306,6.126198,5.718594
2307,4.018277,3.906220
2308,4.726409,4.574944
2309,5.434862,4.944784
2310,3.402658,3.498667
2311,4.226442,3.935399
2312,4.791953,4.494996
2313,4.883265,4.324496
2314,6.501748,5.102192
2315,6.098846,5.809644
2316,3.883049,3.849061
2317,4.506176,4.489775
2318,5.206629,5.118900
2319,3.192733,3.481816
2320,3.863555,3.954292
2321,4.578448,4.548022
2322,4.735020,4.428880
2323,6.263855,5.219615
2324,6.081476,5.604837
2325,3.972668,3.876290
2326,4.732767,4.484928
2327,5.325171,4.950925
2328,3.354417,3.339060
2329,4.185449,3.898184
2330,4.768390,4.408951
2331,5.010301,4.280460
2332,6.459637,5.056652
2333,6.063142,5.678519
2334,3.900387,3.684582
2335,4.535670,4.437166
2336,5.201851,5.066044
2337,3.340695,3.369613
2338,3.858266,4.005309
2339,4.550266,4.481139
2340,5.062561,4.932744
2341,6.469472,5.728181
2342,6.146784,6.405681
2343,3.934255,4.256035
2344,4.732789,4.808560
2345,5.388541,5.384744
2346,3.391670,3.632533
2347,4.198870,4.105693
2348,4.735813,4.701018
2349,4.963580,4.930005
2350,6.658025,5.540477
2351,6.193858,6.301628
2352,4.065358,4.215241
2353,4.582911,4.678216
2354,5.186561,5.276161
2355,3.276705,3.594561
2356,3.961435,4.100569
2357,4.560307,4.549211
2358,5.001251,5.035737
2359,6.389135,5.860824
2360,6.122195,6.474097
2361,4.074050,4.291338
2362,4.860823,4.860068
2363,5.364001,5.414068
2364,3.368273,3.530361
2365,4.147718,4.137263
2366,4.776429,4.577815
2367,4.951120,5.025092
2368,6.741331,5.635717
2369,6.186014,6.326293
2370,3.946481,4.220060
2371,4.536055,4.728407
2372,5.185058,5.317260
2373,3.332790,3.557215
2374,3.949185,4.129672
2375,4.606723,4.253953
2376,4.871016,5.035194
2377,6.575755,5.768672
2378,6.146909,6.461840
2379,3.964789,4.276052
2380,4.749871,4.859046
2381,5.391831,5.367754
2382,3.357147,3.575406
2383,4.141802,4.141251
2384,4.757133,4.694717
2385,4.921659,5.016728
2386,6.644518,5.606494
2387,6.153266,6.312904
2388,4.046560,4.234350
2389,4.524891,4.682597
2390,5.202139,5.271583
2391,3.279807,3.680278
2392,3.947081,4.118294
2393,4.564739,4.581816
2394,4.869474,5.083286
2395,5.871643,5.865746
2396,5.993598,6.490130
2397,3.929275,4.255414
2398,4.787708,4.840938
2399,5.390405,5.404422
2400,3.489184,3.696640
2401,4.174450,4.143952
2402,4.775851,4.324123
2403,4.903775,5.041301
2404,6.644138,5.704031
2405,6.144722,6.330483
2406,4.098382,4.252406
2407,4.545001,4.732663
2408,5.183356,5.300386
2409,3.235241,3.707638
2410,3.907850,3.976151
2411,4.555709,4.472631
2412,4.825183,5.089889
2413,6.317598,5.917953
2414,6.090939,6.564401
2415,3.962169,4.358935
2416,4.658855,4.898181
2417,5.352718,5.455691
2418,3.327654,3.733126
2419,4.103062,4.022792
2420,4.741599,4.755131
2421,4.905808,5.013230
2422,6.442768,5.690651
2423,6.178064,6.414746
2424,3.958527,4.296844
2425,4.586207,4.772289
2426,5.189167,5.322293
2427,3.242998,3.712606
2428,3.889383,3.991879
2429,4.557356,4.507326
2430,4.933339,5.093634
2431,5.850666,5.883196
2432,6.033576,6.550792
2433,3.920166,4.341709
2434,4.883621,4.897792
2435,5.351240,5.446707
2436,3.385515,3.568886
2437,4.255102,4.170613
2438,4.774984,4.612702
2439,5.177739,5.060986
2440,6.672734,5.743824
2441,6.149053,6.388996
2442,4.016278,4.268782
2443,4.498008,4.718859
2444,5.150093,5.292345
2445,3.356516,3.572058
2446,3.902652,4.026593
2447,4.530832,4.478537
2448,4.890041,4.993886
2449,6.441210,5.850964
2450,6.090327,6.590571
2451,3.959656,4.314993
2452,4.650622,4.896595
2453,5.355098,5.448760
2454,3.338675,3.645833
2455,4.093605,4.186286
2456,4.694147,4.458829
2457,4.948095,5.005753
2458,6.488969,5.709150
2459,6.199599,6.443984
2460,3.897458,4.249197
2461,4.511188,4.767682
2462,5.159060,5.355158
2463,3.177140,3.677874
2464,3.866659,4.150756
2465,4.556749,4.699023
2466,4.879049,5.051683
2467,5.775403,5.784835
2468,6.004762,6.420478
2469,3.994875,4.290699
2470,4.748975,4.800572
2471,5.355378,5.391785
2472,3.398586,3.518494
2473,4.144099,3.994060
2474,4.748620,4.552941
2475,4.953830,5.001936
2476,6.719974,5.655318
2477,6.096699,6.339495
2478,4.110473,4.192360
2479,4.491131,4.730971
2480,5.150093,5.319196
2481,3.250975,3.644392
2482,3.882728,3.956624
2483,4.511664,4.503817
2484,4.887419,5.032138
2485,6.334836,5.832083
2486,6.113550,6.593925
2487,4.021430,4.320373
2488,4.744387,4.889468
2489,5.394137,5.501301
2490,3.403305,3.670965
2491,4.201737,4.188423
2492,4.737243,4.775822
2493,4.971921,4.991434
2494,6.642810,5.688859
2495,6.150539,6.481753
2496,3.966134,4.209380
2497,4.508211,4.765100
2498,5.156367,5.371612
2499,3.275255,3.667099
2500,3.897733,4.151313
2501,4.536357,4.761651
2502,4.890059,5.068202
2503,5.779135,5.814486
2504,5.983684,6.503093
2505,4.052028,4.287562
2506,4.800722,4.818728
2507,5.389527,5.378469
2508,3.354984,3.520075
2509,4.182810,4.003031
2510,4.717613,4.619554
2511,5.137281,5.011933
2512,6.606765,5.631371
2513,6.141509,6.331967
2514,3.953201,4.219772
2515,4.504405,4.697732
2516,5.152183,5.182371
2517,3.254869,3.481398
2518,3.981278,4.133929
2519,4.570574,4.651621
2520,4.935871,4.908327
2521,6.635797,5.865160
2522,6.150153,6.426648
2523,3.928204,4.252820
2524,4.737131,4.806171
2525,5.389747,5.312257
2526,3.388636,3.622837
2527,4.144054,4.038327
2528,4.730386,4.665591
2529,5.113716,4.939557
2530,6.635039,5.554531
2531,6.195355,6.260081
2532,4.073088,4.198514
2533,4.528003,4.693079
2534,5.156168,5.250397
2535,3.359854,3.650855
2536,3.969501,4.073447
2537,4.528333,4.639282
2538,5.025731,5.039628
2539,6.315869,5.912551
2540,6.115400,6.486315
2541,4.009274,4.268108
2542,4.734903,4.870880
2543,5.357885,5.402193
2544,3.481894,3.691194
2545,4.184820,4.180674
2546,4.750921,4.709250
2547,4.907060,5.037237
2548,6.596458,5.702262
2549,6.134352,6.370669
2550,4.010789,4.230431
2551,4.636744,4.750412
2552,5.162256,5.308383
2553,3.381120,3.684400
2554,3.998644,3.993994
2555,4.559612,4.462891
2556,4.929861,4.992014
2557,6.562765,5.761509
2558,6.130866,6.462060
2559,4.036848,4.326830
2560,4.709982,4.818108
2561,5.389308,5.381522
2562,3.342067,3.607889
2563,4.145327,4.093789
2564,4.743259,4.711301
2565,4.895038,5.025266
2566,6.562096,5.596735
2567,6.207980,6.313727
2568,3.942392,4.228805
2569,4.552447,4.714904
2570,5.144231,5.260238
2571,3.264475,3.671450
2572,3.878637,3.938251
2573,4.541029,4.517992
2574,4.917255,5.089157
2575,5.818609,5.876279
2576,6.029134,6.476438
2577,4.018970,4.325901
2578,4.763919,4.827456
2579,5.402387,5.304569
2580,3.364919,3.553072
2581,4.162726,3.982397
2582,4.781350,4.696803
2583,4.951757,5.092866
2584,6.707956,5.668841
2585,5.996534,6.332411
2586,3.944208,4.251480
2587,4.527903,4.760652
2588,5.195897,5.069145
2589,3.273708,3.687049
2590,3.973254,3.955259
2591,4.533766,4.646086
2592,4.836712,5.096137
2593,6.319848,5.948048
2594,6.065701,6.563201
2595,3.906067,4.306232
2596,4.697125,4.902053
2597,5.354558,5.427595
2598,3.323761,3.611134
2599,4.115312,4.211167
2600,4.731173,4.707292
2601,5.091083,5.081076
2602,6.495312,5.837297
2603,6.133736,6.418056
2604,3.959656,4.274596
2605,4.517379,4.779117
2606,5.198815,5.341925
2607,3.185119,3.739860
2608,3.920176,3.891683
2609,4.560219,4.482530
2610,4.881526,5.122982
2611,5.894562,5.910204
2612,5.989096,6.544073
2613,4.018852,4.352768
2614,4.767755,4.883868
2615,5.390295,5.436422
2616,3.384874,3.722957
2617,4.174791,4.026751
2618,4.749962,4.721240
2619,4.910954,5.124393
2620,6.611273,5.737097
2621,6.092776,6.389072
2622,3.953429,4.282093
2623,4.609306,4.780438
2624,5.189970,5.315710
2625,3.273880,3.715034
2626,3.971282,4.147399
2627,4.540336,4.599709
2628,4.789880,5.030427
2629,6.529047,5.845321
2630,6.093021,6.602130
2631,3.835003,4.324420
2632,4.747299,4.853305
2633,5.351096,5.453269
2634,3.362023,3.565362
2635,4.117377,4.168599
2636,4.723148,4.766097
2637,5.051092,5.035655
2638,6.545218,5.677771
2639,6.125492,6.444547
2640,3.877953,4.235014
2641,4.544899,4.768089
2642,5.220092,5.358761
2643,3.328116,3.577190
2644,3.926799,3.997603
2645,4.555622,4.711060
2646,5.000037,5.061417
2647,5.805100,5.795801
2648,6.014415,6.531823
2649,4.008574,4.297877
2650,4.740142,4.848216
2651,5.391283,5.353803
2652,3.392222,3.656389
2653,4.180707,4.136274
2654,4.715141,4.667127
2655,4.946504,5.012342
2656,6.682129,5.662830
2657,6.090816,6.373840
2658,4.118820,4.207349
2659,4.630326,4.748525
2660,5.201030,5.232342
2661,3.364616,3.633749
2662,3.905542,3.888020
2663,4.567350,4.327675
2664,5.017159,5.054764
2665,6.354395,5.826245
2666,6.118981,6.628424
2667,3.940774,4.324103
2668,4.818761,4.893393
2669,5.355487,5.471983
2670,3.386708,3.688666
2671,4.170223,4.052195
2672,4.774406,4.638007
2673,4.897687,4.979625
2674,6.621215,5.672494
2675,6.144845,6.450538
2676,3.976842,4.219827
2677,4.539485,4.717093
2678,5.186460,5.375826
2679,3.262941,3.672204
2680,3.957963,4.135635
2681,4.540250,4.629761
2682,4.868703,5.022177
2683,5.534393,5.818602
2684,6.020749,6.506759
2685,4.002990,4.312257
2686,4.784335,4.837347
2687,5.391831,5.377066
2688,3.362656,3.666250
2689,4.165095,4.125889
2690,4.805539,4.576018
2691,5.141745,4.945204
2692,6.642430,5.668209
2693,6.095350,6.359202
2694,4.001639,4.213130
2695,4.523186,4.724174
2696,5.151983,5.324909
2697,3.281873,3.640501
2698,3.891101,3.914670
2699,4.535666,4.656853
2700,5.066896,4.940100
2701,6.436348,5.707878
2702,6.137074,6.422265
2703,3.908646,4.253179
2704,4.697151,4.821155
2705,5.383284,5.348499
2706,3.358049,3.673976
2707,4.162442,3.967942
2708,4.761248,4.561849
2709,4.936979,4.968968
2710,6.624079,5.533809
2711,6.134969,6.284189
2712,3.962283,4.187968
2713,4.536256,4.691635
2714,5.175861,5.175471
2715,3.278946,3.589778
2716,3.894045,3.973902
2717,4.565086,4.642025
2718,4.847838,5.061265
2719,6.501823,5.821578
2720,6.136328,6.496799
2721,4.049767,4.279694
2722,4.702453,4.843740
2723,5.393917,5.403801
2724,3.408967,3.684496
2725,4.253420,4.156357
2726,4.779805,4.582273
2727,4.964540,5.031461
2728,6.643000,5.685550
2729,6.143362,6.358324
2730,3.936532,4.215495
2731,4.556893,4.707873
2732,5.203550,5.265373
2733,3.276969,3.521686
2734,3.935087,4.142226
2735,4.587953,4.644066
2736,4.905965,4.961306
2737,6.350456,5.790604
2738,6.173331,6.438140
2739,3.978856,4.295965
2740,4.742822,4.828579
2741,5.353743,5.370381
2742,3.396739,3.565483
2743,4.225614,4.109709
2744,4.764122,4.678252
2745,5.107605,5.020670
2746,6.564247,5.573024
2747,6.132997,6.310380
2748,4.060856,4.221809
2749,4.534039,4.693751
2750,5.147210,5.239483
2751,3.298588,3.683539
2752,3.959322,4.081231
2753,4.533506,4.484536
2754,4.910663,5.097976
2755,5.587385,5.865015
2756,6.031894,6.496667
2757,3.926347,4.305603
2758,4.707987,4.834863
2759,5.356141,5.414889
2760,3.401453,3.719647
2761,4.248481,4.068779
2762,4.716376,4.574979
2763,4.997277,5.034902
2764,6.694247,5.679030
2765,6.137928,6.327135
2766,4.059422,4.274034
2767,4.531220,4.735912
2768,5.182255,5.294048
2769,3.290420,3.695450
2770,3.927825,4.134376
2771,4.587865,4.664432
2772,4.859783,5.032510
2773,6.381422,5.848571
2774,6.125614,6.553873
2775,3.874704,4.360907
2776,4.753934,4.871656
2777,5.313960,5.434504
2778,3.330935,3.594525
2779,4.139326,4.046196
2780,4.733065,4.746440
2781,4.914427,5.050548
2782,6.623116,5.665475
2783,6.175336,6.414135
2784,3.900103,4.263206
2785,4.505511,4.774313
2786,5.209527,5.353734
2787,3.226556,3.702418
2788,3.913797,3.962921
2789,4.594163,4.730050
2790,5.020360,5.117946
2791,5.733399,5.892553
2792,6.100407,6.526649
2793,3.950141,4.257588
2794,4.773969,4.884527
2795,5.387664,5.432030
2796,3.403858,3.574015
2797,4.223634,4.172661
2798,4.775754,4.715357
2799,4.951120,5.072242
2800,6.692321,5.731492
2801,6.087636,6.358668
2802,4.048104,4.277534
2803,4.536055,4.753129
2804,5.195394,5.238040
2805,3.258688,3.568796
2806,3.909912,3.980868
2807,4.588564,4.251684
2808,4.792118,4.998605
2809,6.506033,5.808067
2810,6.089837,6.595824
2811,3.896027,4.314570
2812,4.713578,4.897316
2813,5.357265,5.476537
2814,3.329614,3.670678
2815,4.152693,4.030224
2816,4.749556,4.618443
2817,4.906434,5.006992
2818,6.431542,5.668340
2819,6.170754,6.442134
2820,4.006246,4.210894
2821,4.542316,4.776906
2822,5.245471,5.362243
2823,3.268495,3.534460
2824,3.919468,4.150833
2825,4.592762,4.704585
2826,4.900087,5.009490
2827,5.853022,5.793443
2828,6.096056,6.491625
2829,3.996727,4.263709
2830,4.783206,4.851229
2831,5.388650,5.375336
2832,3.390006,3.649749
2833,4.245809,4.145802
2834,4.798856,4.703999
2835,4.985940,5.028913
2836,6.729499,5.627009
2837,6.199849,6.349708
2838,4.051790,4.213773
2839,4.530617,4.744273
2840,5.191576,5.293661
2841,3.419848,3.642049
2842,3.905954,3.975242
2843,4.586905,4.650455
2844,4.890658,5.078448
2845,6.551856,5.848967
2846,6.206602,6.614235
2847,4.026596,4.323319
2848,4.770373,4.894228
2849,5.387226,5.439365
2850,3.378624,3.653754
2851,4.221116,4.032426
2852,4.798953,4.713058
2853,5.154214,5.077687
2854,6.660122,5.676836
2855,6.215378,6.448709
2856,4.113661,4.224884
2857,4.665640,4.740957
2858,5.257736,5.352956
2859,3.315929,3.552229
2860,3.986678,4.125576
2861,4.619100,4.664762
2862,5.134074,5.035708
2863,5.829840,5.794689
2864,6.112040,6.513790
2865,3.930515,4.294590
2866,4.768690,4.837169
2867,5.387883,5.373626
2868,3.385991,3.512269
2869,4.225657,4.130422
2870,4.799727,4.689080
2871,4.948253,5.019739
2872,6.660694,5.658492
2873,6.190494,6.355627
2874,4.043120,4.190586
2875,4.526196,4.715929
2876,5.217472,5.319692
2877,3.298819,3.433929
2878,3.916528,4.104011
2879,4.583066,4.451123
0,4.896510,4.415726
1,6.354554,5.211935
2,6.012386,5.674858
3,3.948106,3.752500
4,4.672897,4.464690
5,5.299832,4.919174
6,3.343676,3.302452
7,4.104063,3.972966
8,4.730005,4.347167
9,4.956543,4.263947
10,6.384541,5.046208
11,6.058884,5.475684
12,3.949439,3.678448
13,4.421995,4.408494
14,5.108263,4.793970
15,3.224159,3.288284
16,3.827001,3.800697
17,4.465038,4.320300
18,4.719931,4.487786
19,6.442946,5.302455
20,6.016977,5.788831
21,3.927981,3.802542
22,4.758506,4.596387
23,5.262120,5.048827
24,3.445615,3.351890
25,4.086627,4.063878
26,4.700077,4.410619
27,4.721272,4.378033
28,6.658277,5.320348
29,6.018044,5.631862
30,4.017665,3.745814
31,4.443171,4.453777
32,5.099277,4.887818
33,3.268526,3.352051
34,3.822124,3.996892
35,4.476338,4.365044
36,4.691719,4.367043
37,6.183045,5.180783
38,6.017759,5.735376
39,3.857900,3.771174
40,4.610496,4.495317
41,5.305175,5.037296
42,3.341410,3.355680
43,4.053814,3.959966
44,4.676133,4.374495
45,4.873021,4.337258
46,6.460666,5.121932
47,6.055279,5.671795
48,3.971066,3.740103
49,4.405739,4.420931
50,5.116496,4.993327
51,3.211074,3.331455
52,3.853281,3.912073
53,4.480745,4.540193
54,4.688792,4.487253
55,5.772550,5.288479
56,5.976929,5.855309
57,3.840917,3.800807
58,4.638434,4.583768
59,5.304213,5.109979
60,3.362575,3.407729
61,4.187912,4.042267
62,4.716187,4.475549
63,4.958141,4.450826
64,6.531451,5.301601
65,6.028738,5.854081
66,3.830469,3.833009
67,4.412208,4.489765
68,5.104156,5.086975
69,3.249454,3.391179
70,3.819330,3.712023
71,4.491373,4.595432
72,4.704831,4.380030
73,6.180711,5.262361
74,6.070810,5.759914
75,3.905293,3.791748
76,4.700021,4.550607
77,5.270501,5.080088
78,3.343748,3.381212
79,4.104913,3.997026
80,4.693287,4.415417
81,4.786899,4.349530
82,6.409209,5.158110
83,6.084844,5.747333
84,3.907173,3.783055
85,4.543528,4.443878
86,5.109633,5.032127
87,3.190538,3.357154
88,3.838646,3.921800
89,4.478795,4.571067
90,4.773384,4.506136
91,6.279777,5.279203
92,6.050480,5.782784
93,3.907838,3.839456
94,4.606007,4.586092
95,5.302075,5.084716
96,3.316875,3.391515
97,4.081399,4.021221
98,4.686987,4.464414
99,4.985293,4.472653
100,6.352204,5.554912
101,6.022079,5.778747
102,3.880632,3.787523
103,4.460494,4.533270
104,5.090710,5.054716
105,3.188491,3.409001
106,3.864842,3.968611
107,4.474815,4.678040
108,4.693866,4.511147
109,6.214500,5.570827
110,6.066950,6.198429
111,3.903744,3.839330
112,4.750030,4.623486
113,5.309349,5.347822
114,3.298030,3.385173
115,4.115116,4.066931
116,4.689900,4.657770
117,4.795853,4.403735
118,6.513018,5.286078
119,6.047364,6.112053
120,3.850634,3.808452
121,4.484870,4.546847
122,5.119542,5.242224
123,3.251076,3.358937
124,3.823641,4.002912
125,4.450260,4.647826
126,4.743653,4.450565
127,6.264775,5.345819
128,6.056480,6.051556
129,3.830927,3.833037
130,4.684170,4.590050
131,5.310206,5.321977
132,3.312365,3.364898
133,4.161211,4.052542
134,4.677614,4.625065
135,4.807542,4.369126
136,6.466660,5.236997
137,6.055147,6.020062
138,3.902751,3.793317
139,4.388741,4.498789
140,5.135660,5.221216
141,3.281615,3.363323
142,3.821245,3.968936
143,4.478202,4.683821
144,4.861012,4.488087
145,6.329728,5.331427
146,6.062011,6.184442
147,3.926796,3.878301
148,4.641879,4.625348
149,5.300260,5.359369
150,3.355164,3.392981
151,4.121459,4.081123
152,4.692722,4.646290
153,5.047657,4.408515
154,6.408298,5.309731
155,6.087613,6.125017
156,3.963080,3.815495
157,4.445333,4.567789
158,5.117085,5.215419
159,3.250722,3.355308
160,3.798551,4.006025
161,4.483121,4.725673
162,4.718338,4.466558
163,6.484285,5.363278
164,6.046406,6.087765
165,3.913492,3.833026
166,4.665485,4.615380
167,5.309670,5.315888
168,3.341085,3.376704
169,4.071344,4.048121
170,4.723548,4.282091
171,4.863931,4.490148
172,6.457793,5.286910
173,6.074513,6.032537
174,3.916382,3.805427
175,4.515039,4.513865
176,5.099764,5.213810
177,3.288608,3.361808
178,3.835185,3.933146
179,4.472194,4.665311
180,4.890215,5.033738
181,6.317252,5.719156
182,6.127789,6.501012
183,3.948529,4.172869
184,4.698820,4.732310
185,5.338300,5.319095
186,3.402268,3.514906
187,4.106032,3.944550
188,4.708592,4.423594
189,4.922831,5.015043
190,6.441390,5.618849
191,6.131238,6.396879
192,3.951946,4.119501
193,4.460303,4.626225
194,5.169261,5.196922
195,3.254653,3.479524
196,3.871303,3.871151
197,4.516313,4.459291
198,4.992087,5.313317
199,6.428471,6.044281
200,6.181696,6.825582
201,3.983208,4.324167
202,4.842967,4.965245
203,5.373521,5.590952
204,3.386832,3.661940
205,4.140904,4.185785
206,4.712615,4.667088
207,5.096201,5.257310
208,6.530712,5.945893
209,6.170942,6.700290
210,3.951854,4.308641
211,4.608324,4.853190
212,5.184840,5.443818
213,3.283819,3.637941
214,3.822631,4.126348
215,4.501428,4.662868
216,4.927334,5.100993
217,6.356228,5.788044
218,6.145193,6.521506
219,3.974248,4.187428
220,4.703603,4.768725
221,5.333400,5.321936
222,3.371427,3.550416
223,4.091857,3.951318
224,4.692551,4.457039
225,4.926167,5.123833
226,6.527948,5.728398
227,6.204025,6.462092
228,4.028298,4.163743
229,4.604473,4.669910
230,5.144402,5.215846
231,3.294531,3.514844
232,3.915289,3.947461
233,4.486920,4.451306
234,5.052011,5.365654
235,6.476278,6.058777
236,6.219068,6.825353
237,3.967328,4.360651
238,4.744150,4.931480
239,5.372306,5.595076
240,3.386553,3.656257
241,4.153735,4.110750
242,4.741231,4.612491
243,4.985363,5.273226
244,6.629014,6.018790
245,6.134789,6.625422
246,3.937927,4.338608
247,4.516933,4.890422
248,5.165266,5.497732
249,3.316964,3.640307
250,3.885597,4.061623
251,4.508327,4.663074
252,4.855354,5.250534
253,6.312932,5.973707
254,6.182778,6.739225
255,3.976381,4.324979
256,4.810930,4.883584
257,5.341354,5.512635
258,3.327893,3.610572
259,4.155504,4.076932
260,4.711342,4.462641
261,4.938277,5.249425
262,6.509160,5.862035
263,6.182670,6.688580
264,3.869910,4.277736
265,4.446124,4.822308
266,5.167158,5.373899
267,3.273091,3.586765
268,3.833830,3.970136
269,4.488290,4.581481
270,4.994496,5.343025
271,6.628443,6.102937
272,6.143646,6.897686
273,4.005310,4.425315
274,4.738379,4.989634
275,5.377168,5.672345
276,3.389272,3.699133
277,4.059708,4.181430
278,4.708513,4.670791
279,5.017058,5.389266
280,6.629204,6.069967
281,6.233281,6.878815
282,4.093053,4.397217
283,4.576031,4.928347
284,5.157623,5.544665
285,3.332178,3.692825
286,3.904483,4.154600
287,4.475874,4.651445
288,4.895038,5.362979
289,6.334577,6.054532
290,6.131412,6.984527
291,4.003574,4.335598
292,4.712641,4.951725
293,5.341899,5.659550
294,3.386408,3.609565
295,4.104353,4.146850
296,4.689807,4.734709
297,5.109155,5.308567
298,6.492066,6.000857
299,6.182670,6.872809
300,3.974304,4.316706
301,4.497962,4.902772
302,5.171968,5.545553
303,3.239571,3.590185
304,3.886355,4.117942
305,4.518899,4.764763
306,4.969136,5.316682
307,6.413463,6.165761
308,6.175857,6.856061
309,4.059023,4.364710
310,4.797658,4.916632
311,5.373852,5.616769
312,3.356355,3.609745
313,4.103541,4.172729
314,4.718639,4.716407
315,5.012079,5.291158
316,6.764738,6.033935
317,6.175847,6.821831
318,4.064967,4.303096
319,4.488431,4.874803
320,5.159129,5.548406
321,3.298993,3.603216
322,3.869040,4.121633
323,4.508586,4.707078
324,4.844569,5.380538
325,6.315884,6.151355
326,6.176351,7.016188
327,3.917642,4.365230
328,4.783431,4.991251
329,5.306561,5.579441
330,3.349699,3.635534
331,4.151114,4.173147
332,4.718946,4.756069
333,4.889952,5.265924
334,6.483739,6.057695
335,6.172297,6.923104
336,3.983897,4.342080
337,4.543286,4.925576
338,5.142704,5.530268
339,3.237022,3.612951
340,3.816459,4.148551
341,4.501772,4.744303
342,4.942753,5.347608
343,6.402047,6.219541
344,6.120844,6.905816
345,3.917127,4.307794
346,4.706757,4.969591
347,5.368555,5.532172
348,3.362666,3.599642
349,4.077051,4.132228
350,4.699188,4.673911
351,5.042999,5.287531
352,6.532623,6.215950
353,6.176980,6.872019
354,3.942438,4.300195
355,4.557262,4.887875
356,5.113039,5.545360
357,3.364305,3.575240
358,3.880851,4.134305
359,4.473819,4.705803
360,5.109640,5.072834
361,6.409812,5.753544
362,6.090498,6.540382
363,3.956063,4.196030
364,4.684748,4.688750
365,5.340263,5.329348
366,3.321131,3.544014
367,4.113415,3.961534
368,4.683196,4.472766
369,5.115317,5.052553
370,6.486290,5.610435
371,6.180167,6.420033
372,3.945004,4.134683
373,4.458911,4.648894
374,5.144701,5.205735
375,3.211437,3.474157
376,3.852874,3.932067
377,4.497469,4.405443
378,4.971078,5.333904
379,6.580490,6.045187
380,6.143646,6.803398
381,3.916040,4.325586
382,4.732623,4.929956
383,5.369327,5.562056
384,3.347412,3.656562
385,4.079674,4.186102
386,4.708322,4.664384
387,5.216515,5.306757
388,6.460565,5.987602
389,6.236336,6.743305
390,3.944750,4.312165
391,4.568192,4.887408
392,5.162749,5.478903
393,3.349699,3.647162
394,3.888909,4.114873
395,4.521061,4.633398
396,4.864017,5.160615
397,6.429909,5.866521
398,6.103075,6.576299
399,4.006432,4.285065
400,4.805960,4.741388
401,5.335358,5.380684
402,3.329677,3.543056
403,4.087760,4.008665
404,4.714380,4.480165
405,4.914907,5.152136
406,6.627476,5.779055
407,6.146161,6.465933
408,3.892477,4.205300
409,4.548245,4.685639
410,5.136223,5.248348
411,3.273349,3.540924
412,3.808126,3.908730
413,4.489575,4.489706
414,4.942593,5.349381
415,6.385446,6.116633
416,6.130524,6.841133
417,4.026589,4.388753
418,4.734653,4.935493
419,5.373631,5.615039
420,3.322755,3.681026
421,4.115592,4.139861
422,4.689937,4.630618
423,5.060383,5.338853
424,6.785066,6.092879
425,6.180382,6.811114
426,4.073242,4.295439
427,4.501058,4.891153
428,5.152607,5.502635
429,3.284340,3.664262
430,3.858677,4.086747
431,4.502547,4.629115
432,4.990306,5.224989
433,6.586632,6.034866
434,6.144565,6.775755
435,3.941778,4.307069
436,4.774476,4.881180
437,5.341136,5.480105
438,3.333072,3.629436
439,4.069702,4.066962
440,4.686782,4.588708
441,5.086346,5.238353
442,6.696753,6.140662
443,6.124175,6.655398
444,3.901242,4.321208
445,4.457023,4.776098
446,5.109664,5.388272
447,3.236683,3.631502
448,3.822962,4.030800
449,4.498760,4.611281
450,5.120808,5.408741
451,6.539712,6.206316
452,6.122979,6.929114
453,3.988405,4.461812
454,4.747664,4.992696
455,5.374846,5.644883
456,3.379869,3.721463
457,4.151527,4.164646
458,4.673631,4.637495
459,4.976040,5.356955
460,6.638672,6.291693
461,6.191368,6.840825
462,3.931432,4.298797
463,4.582321,4.974346
464,5.125886,5.549980
465,3.291651,3.689725
466,3.822154,4.141837
467,4.482049,4.669044
468,4.937297,5.346107
469,6.338786,6.111925
470,6.100081,6.941980
471,3.857908,4.354506
472,4.729355,4.978545
473,5.342009,5.643241
474,3.368593,3.612881
475,4.059641,4.134023
476,4.637585,4.714900
477,5.002679,5.311200
478,6.483611,6.100791
479,6.122195,6.913582
480,3.899666,4.322580
481,4.450478,4.893126
482,5.131844,5.516404
483,3.233483,3.585992
484,3.825390,4.051305
485,4.472023,4.678980
486,5.166207,5.374938
487,6.348577,6.178142
488,6.135312,6.927345
489,4.076245,4.347827
490,4.789092,4.952310
491,5.376947,5.628531
492,3.360062,3.590335
493,4.110571,4.046464
494,4.714430,4.673846
495,5.242849,5.391743
496,6.676384,6.114635
497,6.189850,6.865408
498,3.960701,4.292706
499,4.486619,4.882867
500,5.161844,5.522015
501,3.305314,3.505106
502,3.919726,4.104125
503,4.485831,4.674639
504,4.968709,5.314256
505,6.351443,6.227067
506,6.103075,6.971048
507,3.987994,4.346497
508,4.662944,4.987507
509,5.338845,5.563920
510,3.322035,3.601702
511,4.060565,4.158636
512,4.692456,4.700479
513,5.017146,5.345111
514,6.516511,6.057011
515,6.136825,6.898406
516,3.909821,4.348397
517,4.479986,4.916254
518,5.132441,5.546471
519,3.227207,3.605944
520,3.828875,4.145131
521,4.470741,4.710905
522,4.966227,5.381639
523,6.398470,6.119125
524,6.165349,6.769872
525,4.005842,4.344578
526,4.722297,4.949123
527,5.334352,5.581275
528,3.323565,3.588150
529,4.159698,4.126015
530,4.678833,4.673566
531,5.064580,5.339507
532,6.645814,6.263718
533,6.177484,6.805199
534,3.981110,4.310296
535,4.485009,4.898747
536,5.131784,5.532417
537,3.292796,3.584419
538,3.869957,4.116565
539,4.477159,4.696789
540,5.000688,5.061064
541,6.324430,5.774706
542,6.138670,6.490455
543,3.931192,4.169942
544,4.715661,4.695896
545,5.342555,5.309749
546,3.347713,3.525030
547,4.053099,3.954887
548,4.686594,4.416329
549,4.887217,5.023362
550,6.460866,5.708370
551,6.180042,6.378271
552,3.965676,4.214670
553,4.483802,4.665878
554,5.132639,5.202029
555,3.213815,3.503519
556,3.858948,3.888107
557,4.490260,4.424006
558,5.155391,5.334999
559,6.424317,6.074940
560,6.126875,6.840595
561,4.052495,4.345298
562,4.680011,4.925830
563,5.375731,5.553444
564,3.336129,3.664876
565,4.103204,4.150311
566,4.654392,4.624842
567,4.967873,5.311512
568,6.596792,6.016987
569,6.132912,6.727661
570,4.047053,4.329093
571,4.489741,4.882696
572,5.156619,5.470647
573,3.284561,3.657631
574,3.873153,4.021160
575,4.502978,4.630346
576,5.039510,5.192942
577,6.423416,5.759248
578,6.128163,6.519552
579,4.007205,4.247233
580,4.659311,4.733007
581,5.334379,5.347719
582,3.334958,3.549629
583,4.092137,3.956322
584,4.695962,4.447403
585,4.921502,5.163270
586,6.638070,5.748955
587,6.083784,6.508831
588,3.952174,4.242767
589,4.499671,4.686057
590,5.134032,5.228096
591,3.223406,3.538222
592,3.800874,3.938783
593,4.486493,4.450908
594,5.155739,5.332910
595,6.374959,6.199625
596,6.135059,6.857348
597,4.036013,4.382747
598,4.736685,4.943015
599,5.371865,5.566998
600,3.353175,3.672640
601,4.102261,4.130433
602,4.717299,4.594517
603,5.037176,5.368329
604,6.533182,6.063882
605,6.184923,6.804250
606,3.972460,4.381049
607,4.488633,4.894046
608,5.164360,5.465815
609,3.254280,3.655697
610,3.824910,4.055796
611,4.503840,4.629278
612,4.983085,5.274444
613,6.610026,6.026790
614,6.175470,6.822089
615,3.846741,4.331297
616,4.717340,4.891560
617,5.336992,5.529599
618,3.354675,3.648980
619,4.132604,4.077506
620,4.721041,4.567958
621,4.934764,5.231245
622,6.551849,5.965186
623,6.179542,6.719929
624,4.054888,4.323360
625,4.449686,4.811007
626,5.136322,5.388990
627,3.222405,3.627553
628,3.902934,4.017315
629,4.506514,4.573624
630,4.913580,5.460389
631,6.374603,6.171104
632,6.172815,6.930009
633,4.011157,4.446669
634,4.838514,5.025914
635,5.373521,5.631846
636,3.394748,3.734150
637,4.190384,4.179391
638,4.689429,4.657491
639,5.168830,5.400777
640,6.600785,6.133378
641,6.241180,6.862293
642,3.971876,4.380294
643,4.497212,4.964355
644,5.156819,5.516281
645,3.301975,3.711028
646,3.912598,4.160023
647,4.520627,4.285895
648,4.864481,5.327502
649,6.363267,6.171919
650,6.198206,6.983079
651,3.895394,4.333908
652,4.702490,4.919361
653,5.237245,5.524544
654,3.325577,3.603111
655,4.071527,4.165261
656,4.721612,4.714155
657,4.904802,5.375706
658,6.466478,6.082074
659,6.191445,6.865249
660,4.001247,4.301350
661,4.560724,4.903623
662,5.126382,5.517324
663,3.218478,3.591918
664,3.905701,4.107273
665,4.491803,4.690833
666,5.002023,5.387925
667,6.428645,6.160140
668,6.161654,6.937766
669,4.023565,4.322503
670,4.855429,4.921588
671,5.377721,5.554712
672,3.380326,3.606227
673,4.095675,4.126050
674,4.711565,4.656324
675,5.221420,5.269897
676,6.594323,6.122487
677,6.133913,6.858857
678,4.021675,4.314886
679,4.503194,4.877539
680,5.159833,5.516995
681,3.239123,3.554518
682,3.891444,4.037207
683,4.502720,4.685210
684,5.111847,5.347299
685,6.355878,6.208570
686,6.204044,6.979841
687,3.989699,4.354760
688,4.750502,4.981412
689,5.340372,5.622454
690,3.294377,3.600265
691,4.074409,4.152926
692,4.689807,4.658148
693,4.966065,5.338625
694,6.499443,6.101759
695,6.175043,6.911402
696,3.933607,4.327015
697,4.421062,4.865400
698,5.178698,5.549274
699,3.225015,3.584777
700,3.852308,4.113186
701,4.492918,4.680094
702,4.909918,5.386255
703,6.377795,6.177818
704,6.123230,6.768725
705,3.969543,4.361824
706,4.736910,4.945722
707,5.338628,5.583992
708,3.380618,3.588241
709,4.100378,4.011981
710,4.711565,4.688766
711,5.009924,5.354386
712,6.568787,6.076305
713,6.135665,6.880253
714,4.033523,4.305384
715,4.485612,4.879493
716,5.163252,5.523274
717,3.332625,3.594324
718,3.928401,4.113041
719,4.511526,4.648189
720,4.721235,4.173316
721,6.547982,4.966493
722,6.020509,5.333202
723,3.839087,3.612566
724,4.719319,4.283905
725,5.301327,4.680587
726,3.359301,2.995657
727,4.120432,3.813523
728,4.686987,4.288217
729,4.752872,4.206209
730,6.430297,4.980321
731,6.051799,5.308023
732,3.881664,3.599601
733,4.408537,4.310211
734,5.120230,4.529890
735,3.188900,3.189093
736,3.822762,3.837009
737,4.457510,4.182901
738,4.922289,4.277079
739,6.377659,5.167088
740,6.013895,5.449171
741,3.848795,3.665048
742,4.693954,4.429138
743,5.299726,4.800675
744,3.309541,2.973543
745,4.095796,3.876105
746,4.702628,4.361596
747,4.929545,4.340249
748,6.515511,5.112491
749,5.886560,5.475714
750,4.041106,3.669080
751,4.494180,4.362468
752,5.067251,4.649661
753,3.146016,3.286879
754,3.797531,3.889998
755,4.451859,4.044878
756,4.687784,4.285771
757,6.490417,5.138110
758,6.115806,5.417452
759,3.912382,3.650642
760,4.727685,4.334521
761,5.299512,4.878273
762,3.327388,3.003464
763,4.139703,3.855799
764,4.698284,4.371337
765,4.916783,4.290207
766,6.581151,5.067631
767,6.042458,5.603781
768,3.852607,3.665646
769,4.413368,4.364965
770,5.116693,4.798355
771,3.198013,3.270856
772,3.804793,3.832961
773,4.454303,4.428148
774,4.913329,4.369163
775,5.712676,5.306148
776,5.953740,5.578815
777,4.029301,3.799530
778,4.683313,4.407810
779,5.298766,4.876298
780,3.328540,3.075473
781,4.106685,3.957100
782,4.694794,4.375513
783,4.767119,4.447626
784,6.422155,5.273834
785,6.024456,5.711706
786,3.851854,3.693366
787,4.403716,4.351298
788,5.096158,4.849092
789,3.269513,3.090966
790,3.823002,3.890947
791,4.448829,4.561815
792,4.748924,4.285649
793,6.280973,5.403182
794,6.116778,5.505450
795,3.979545,3.703842
796,4.614887,4.389585
797,5.304854,4.845409
798,3.343299,3.285028
799,4.053905,3.871832
800,4.691499,4.354084
801,4.762449,4.326794
802,6.417565,5.100865
803,6.093520,5.605581
804,3.916580,3.711886
805,4.537273,4.314560
806,5.125445,4.779318
807,3.187182,3.040818
808,3.845505,3.860721
809,4.460721,4.497346
810,4.685626,4.429392
811,6.203974,5.249145
812,5.999412,5.590259
813,3.827502,3.737603
814,4.728580,4.413836
815,5.301754,4.858378
816,3.318378,3.012417
817,4.068137,3.902750
818,4.691404,4.329399
819,5.033739,4.402087
820,6.578917,5.263517
821,5.932809,5.631128
822,3.987945,3.744862
823,4.399001,4.405376
824,5.097230,4.806232
825,3.245470,3.290160
826,3.820846,3.496113
827,4.448408,4.357516
828,4.708663,4.395352
829,6.374488,5.285551
830,6.065624,5.801530
831,3.943527,3.722620
832,4.748112,4.463495
833,5.304319,5.022686
834,3.353497,3.291953
835,4.073914,3.911197
836,4.694794,4.418765
837,4.822461,4.361636
838,6.432413,5.233917
839,6.050840,6.080974
840,3.900654,3.714049
841,4.505713,4.439353
842,5.106112,5.199744
843,3.287225,3.295251
844,3.904772,3.869638
845,4.482697,4.593976
846,4.727037,4.378360
847,6.413820,5.270126
848,6.050720,5.739159
849,3.906750,3.747919
850,4.628558,4.428676
851,5.302289,4.929697
852,3.302238,3.048594
853,4.117633,3.911271
854,4.688866,4.424328
855,4.773678,4.321653
856,6.407267,5.192374
857,6.065293,5.975550
858,3.859074,3.720752
859,4.420997,4.422130
860,5.093141,5.174724
861,3.238930,3.061178
862,3.892723,3.896734
863,4.471941,4.557443
864,4.845870,4.388708
865,6.505486,5.224290
866,6.084964,5.936083
867,3.920946,3.753353
868,4.631559,4.430902
869,5.235749,5.018397
870,3.296805,3.044352
871,4.091226,3.615143
872,4.699038,4.476934
873,4.774569,4.362972
874,6.447509,5.202379
875,6.043893,6.107302
876,3.850418,3.736155
877,4.413368,4.460045
878,5.107676,5.188477
879,3.187346,3.284139
880,3.821644,3.702362
881,4.465123,4.657169
882,4.965502,4.434798
883,6.203807,5.193150
884,6.011671,5.730569
885,3.835862,3.754545
886,4.742033,4.418515
887,5.298339,4.952365
888,3.326238,3.310020
889,4.143154,3.941277
890,4.714274,4.425170
891,4.785708,4.382996
892,6.383128,5.472488
893,6.082920,5.938996
894,3.884506,3.719609
895,4.402079,4.423433
896,5.099179,5.160799
897,3.193409,3.049107
898,3.816860,3.527080
899,4.447063,4.507520
900,4.902124,4.934625
901,6.333898,5.694809
902,6.156640,6.383541
903,3.902657,4.055591
904,4.727685,4.626500
905,5.337864,5.196494
906,3.354675,3.228439
907,4.120712,3.827150
908,4.706508,4.407495
909,4.899914,4.997189
910,6.461952,5.573837
911,6.173045,6.354235
912,3.979384,4.038009
913,4.464584,4.542384
914,5.188169,5.056058
915,3.264489,3.419542
916,3.889741,3.790261
917,4.467326,4.344921
918,5.033225,5.209871
919,6.554499,6.030828
920,6.128259,6.711037
921,3.981354,4.240607
922,4.765429,4.792007
923,5.372858,5.464608
924,3.358131,3.551508
925,4.122753,4.011279
926,4.705083,4.591588
927,4.995640,5.166407
928,6.565643,5.913584
929,6.180004,6.556557
930,4.037678,3.941105
931,4.592317,4.761831
932,5.123692,5.070624
933,3.313778,3.369815
934,3.888019,3.988096
935,4.515769,4.522235
936,4.893482,5.021788
937,6.375193,5.751211
938,6.123672,6.419596
939,3.953806,4.128111
940,4.697931,4.636995
941,5.342991,5.241992
942,3.319711,3.197829
943,4.073486,3.854942
944,4.686971,4.439514
945,4.911271,5.049223
946,6.535521,5.653297
947,6.168805,6.393282
948,3.885650,4.079595
949,4.460204,4.558025
950,5.141007,5.088020
951,3.248355,3.202145
952,3.914883,3.725861
953,4.489489,4.372484
954,5.000385,5.216500
955,6.437319,6.061787
956,6.136573,6.736576
957,4.003367,4.269864
958,4.715077,4.819078
959,5.371644,5.504951
960,3.370926,3.290570
961,4.142910,4.036173
962,4.708036,4.610346
963,5.180055,5.237470
964,6.586820,5.925783
965,6.132287,6.732447
966,3.965214,4.091433
967,4.483903,4.781103
968,5.157522,5.020284
969,3.277759,3.584383
970,3.800362,3.956637
971,4.511439,4.151454
972,5.050760,5.118041
973,6.312924,5.934247
974,6.139923,6.664492
975,3.932209,4.229538
976,4.712081,4.779078
977,5.342773,5.418254
978,3.343029,3.556301
979,4.115664,3.968530
980,4.711342,4.560797
981,5.061395,5.106128
982,6.443368,5.840613
983,6.117622,6.605014
984,4.051291,4.185373
985,4.465382,4.686778
986,5.181817,5.283163
987,3.293221,3.532372
988,3.824257,3.952477
989,4.502634,4.095425
990,5.083471,5.271677
991,6.542933,6.115364
992,6.177505,6.814550
993,3.913671,4.070429
994,4.800085,4.868079
995,5.369548,5.549777
996,3.389642,3.336746
997,4.118311,3.754844
998,4.704893,4.590430
999,5.265098,5.322429
1000,6.636067,6.067200
1001,6.192000,6.768445
1002,4.050213,4.253757
1003,4.517338,4.813993
1004,5.185243,5.239535
1005,3.362384,3.362520
1006,3.888999,4.016995
1007,4.482736,4.570762
1008,4.875492,5.202467
1009,6.372200,6.090813
1010,6.182525,6.896131
1011,4.004159,4.192356
1012,4.729810,4.869372
1013,5.377153,5.566091
1014,3.347527,3.547233
1015,4.130766,4.036490
1016,4.713905,4.680448
1017,4.998088,5.178107
1018,6.498528,5.994728
1019,6.182294,6.802393
1020,3.933245,4.171572
1021,4.487236,4.785280
1022,5.168860,5.422048
1023,3.300591,3.297231
1024,3.895383,4.006066
1025,4.548142,4.493850
1026,5.004591,5.240189
1027,6.491216,6.099390
1028,6.226352,6.831795
1029,4.026167,4.256269
1030,4.876651,4.806808
1031,5.372747,5.502160
1032,3.397336,3.470946
1033,4.234515,4.010706
1034,4.736814,4.600762
1035,5.009080,5.200346
1036,6.518168,5.978158
1037,6.200362,6.642682
1038,4.086338,4.223925
1039,4.524647,4.771911
1040,5.230213,5.326338
1041,3.296805,3.517258
1042,3.888717,4.032753
1043,4.561736,4.604941
1044,4.873948,5.219943
1045,6.384049,6.108016
1046,6.137292,6.917197
1047,3.946708,4.239598
1048,4.722216,4.852407
1049,5.405253,5.555587
1050,3.392038,3.317802
1051,4.153186,4.078423
1052,4.720850,4.682934
1053,5.031434,5.215626
1054,6.638259,5.984945
1055,6.092782,6.841503
1056,4.044353,4.194812
1057,4.514235,4.826879
1058,5.203248,5.439472
1059,3.257811,3.509937
1060,3.958726,4.009274
1061,4.548142,4.640143
1062,5.067230,5.248545
1063,6.529418,6.069945
1064,6.174589,6.883569
1065,4.022856,4.252696
1066,4.774181,4.886357
1067,5.408094,5.483359
1068,3.395724,3.510705
1069,4.183960,4.043884
1070,4.773378,4.408297
1071,5.229022,5.213899
1072,6.604729,6.021569
1073,6.136667,6.746930
1074,4.059900,4.213955
1075,4.528820,4.785293
1076,5.195851,5.434200
1077,3.372909,3.249817
1078,3.873681,4.029751
1079,4.537438,4.469507
1080,4.923234,4.934890
1081,6.400833,5.693704
1082,6.137918,6.452140
1083,3.931192,4.063384
1084,4.716203,4.624726
1085,5.376934,5.214011
1086,3.356876,3.440545
1087,4.149129,3.842614
1088,4.751784,4.355448
1089,4.934605,4.995717
1090,6.732814,5.591541
1091,6.132851,6.389350
1092,4.046385,4.046022
1093,4.481842,4.531482
1094,5.211834,5.092661
1095,3.208666,3.416453
1096,3.854612,3.803124
1097,4.552926,4.362405
1098,5.144496,5.199015
1099,6.422745,6.048172
1100,6.174842,6.749222
1101,4.054049,4.220024
1102,4.760205,4.830522
1103,5.406539,5.491586
1104,3.420066,3.298551
1105,4.154514,4.064631
1106,4.731354,4.596807
1107,5.048669,5.165907
1108,6.628043,5.967353
1109,6.171948,6.689163
1110,4.017312,4.201996
1111,4.526376,4.713970
1112,5.236130,5.300595
1113,3.340638,3.266757
1114,3.873252,3.972911
1115,4.570844,4.504577
1116,4.912230,5.081533
1117,6.455465,5.730433
1118,6.151980,6.455699
1119,4.010255,4.163589
1120,4.726680,4.662522
1121,5.304286,5.296708
1122,3.373910,3.451274
1123,4.143022,3.862752
1124,4.743737,4.404557
1125,4.910323,5.070925
1126,6.548720,5.665408
1127,6.147283,6.368865
1128,4.011956,4.087118
1129,4.573019,4.611330
1130,5.167057,5.136302
1131,3.299807,3.466486
1132,3.893241,3.847089
1133,4.544149,4.377779
1134,5.050926,5.273207
1135,6.701771,6.246274
1136,6.177125,6.746190
1137,4.058733,4.202477
1138,4.757600,4.851378
1139,5.406539,5.462727
1140,3.395724,3.540302
1141,4.194094,4.005232
1142,4.732407,4.608613
1143,5.143061,5.257682
1144,6.721139,5.982677
1145,6.186691,6.697098
1146,4.037202,4.238480
1147,4.526275,4.772672
1148,5.194738,5.394675
1149,3.334756,3.534480
1150,3.893137,4.022129
1151,4.554058,4.145338
1152,4.948413,5.098660
1153,6.420533,5.921326
1154,6.137292,6.671193
1155,3.967397,4.205835
1156,4.730257,4.776343
1157,5.374299,5.428483
1158,3.339656,3.527296
1159,4.157935,3.989732
1160,4.750825,4.521132
1161,4.967105,5.177104
1162,6.708150,5.806051
1163,6.129502,6.597939
1164,3.926988,4.232216
1165,4.537870,4.705890
1166,5.169461,5.271312
1167,3.261575,3.309645
1168,3.959748,3.943473
1169,4.575289,4.443716
1170,4.986263,5.352094
1171,6.475915,6.108897
1172,6.173702,6.825038
1173,3.990217,4.233346
1174,4.732736,4.886112
1175,5.405984,5.538648
1176,3.394157,3.367542
1177,4.193321,4.081757
1178,4.798313,4.639184
1179,5.034020,5.296254
1180,6.621438,6.031264
1181,6.181643,6.615503
1182,3.995517,4.284019
1183,4.525461,4.526933
1184,5.195648,5.286084
1185,3.391210,3.353724
1186,3.963724,3.746385
1187,4.528757,4.094265
1188,4.901433,5.218412
1189,6.388609,6.101381
1190,6.180382,6.930681
1191,3.986561,4.291723
1192,4.848116,4.893886
1193,5.374299,5.556813
1194,3.369272,3.398053
1195,4.187119,4.050907
1196,4.776043,4.697084
1197,5.120013,5.194465
1198,6.559618,5.983857
1199,6.128263,6.793614
1200,4.047102,4.237997
1201,4.539204,4.807390
1202,5.175079,5.425714
1203,3.303121,3.323458
1204,3.960856,4.061772
1205,4.549967,4.639362
1206,5.060229,5.221158
1207,6.480461,6.083812
1208,6.239043,6.847642
1209,4.082928,4.251495
1210,4.769741,4.855739
1211,5.408873,5.527015
1212,3.400033,3.463972
1213,4.208852,4.041900
1214,4.732024,4.636415
1215,4.989631,5.193216
1216,6.582686,5.981779
1217,6.176728,6.739953
1218,4.034841,4.217494
1219,4.521193,4.827579
1220,5.185444,5.240755
1221,3.296805,3.460741
1222,3.892156,3.949946
1223,4.529190,4.652599
1224,5.068398,5.210087
1225,6.363941,6.103758
1226,6.131912,6.958775
1227,3.934805,4.196465
1228,4.793521,4.874677
1229,5.382432,5.590156
1230,3.332715,3.516802
1231,4.143532,4.035784
1232,4.710678,4.706889
1233,5.010296,5.240971
1234,6.743161,6.006524
1235,6.133844,6.853224
1236,3.914492,4.250479
1237,4.582911,4.814218
1238,5.190289,5.196929
1239,3.343229,3.305553
1240,3.850122,3.708750
1241,4.553883,4.612280
1242,5.039014,5.203121
1243,6.574247,6.042171
1244,6.170156,6.841091
1245,4.037321,4.270885
1246,4.879934,4.862554
1247,5.407761,5.496820
1248,3.392222,3.259658
1249,4.145020,3.869893
1250,4.742577,4.646410
1251,5.178766,5.289968
1252,6.628610,6.013276
1253,6.175596,6.790483
1254,4.129203,4.237225
1255,4.582314,4.817608
1256,5.154812,5.073129
1257,3.304693,3.510237
1258,3.969680,3.700721
1259,4.530924,4.398817
1260,4.941313,4.939042
1261,6.398704,5.720191
1262,6.134038,6.447009
1263,3.943479,4.078804
1264,4.765763,4.634229
1265,5.343537,5.255044
1266,3.319091,3.414785
1267,4.133735,3.886986
1268,4.694919,4.436985
1269,4.925690,4.974764
1270,6.522273,5.548656
1271,6.125660,6.383270
1272,3.941436,4.063062
1273,4.479848,4.511536
1274,5.169261,5.090954
1275,3.277495,3.427847
1276,3.862068,3.816235
1277,4.521489,4.235641
1278,5.039504,5.183909
1279,6.407242,6.041271
1280,6.182458,6.734599
1281,4.079766,4.229945
1282,4.726205,4.873353
1283,5.371534,5.514555
1284,3.393902,3.305858
1285,4.146542,4.041098
1286,4.704988,4.590631
1287,5.050005,5.231678
1288,6.658406,5.892404
1289,6.198586,6.702279
1290,4.022974,4.209812
1291,4.523021,4.765709
1292,5.159129,5.350574
1293,3.350784,3.525898
1294,3.909528,4.011495
1295,4.530750,4.590821
1296,4.849802,5.013214
1297,6.583062,5.759030
1298,6.142056,6.492621
1299,3.973612,4.093658
1300,4.756130,4.657305
1301,5.372324,5.300496
1302,3.348977,3.218720
1303,4.099977,3.892763
1304,4.689994,4.390153
1305,4.916490,5.076425
1306,6.546831,5.635152
1307,6.184173,6.398595
1308,3.974996,4.102118
1309,4.485137,4.589467
1310,5.165856,4.885990
1311,3.230279,3.220614
1312,3.919762,3.844037
1313,4.532919,4.375367
1314,5.046667,5.259465
1315,6.422388,6.071662
1316,6.174209,6.759686
1317,4.058944,4.275467
1318,4.744490,4.852545
1319,5.371423,5.512319
1320,3.379039,3.288284
1321,4.133833,3.658502
1322,4.702514,4.634058
1323,5.019385,5.273215
1324,6.618177,5.973828
1325,6.232390,6.716077
1326,3.986592,4.017612
1327,4.521716,4.745869
1328,5.163655,5.123157
1329,3.309276,3.559245
1330,3.855422,3.702976
1331,4.527890,4.333457
1332,4.884160,5.115232
1333,6.298340,5.924623
1334,6.202774,6.658414
1335,3.898519,4.253415
1336,4.794093,4.815966
1337,5.235426,5.466561
1338,3.347713,3.517095
1339,4.122329,3.981920
1340,4.738483,4.562660
1341,4.945796,5.138546
1342,6.440311,5.821052
1343,6.183421,6.602348
1344,3.951832,4.191352
1345,4.506116,4.738580
1346,5.136223,5.098639
1347,3.230111,3.517889
1348,3.935434,3.923095
1349,4.516743,4.492033
1350,4.954302,5.253684
1351,6.432979,6.140985
1352,6.228399,6.820033
1353,4.010138,4.193635
1354,4.736910,4.906221
1355,5.378163,5.574423
1356,3.388533,3.362527
1357,4.159522,4.046893
1358,4.744405,4.635582
1359,5.011582,5.290356
1360,6.707376,6.024799
1361,6.178113,6.777846
1362,4.048896,4.188950
1363,4.499235,4.685407
1364,5.198586,5.421660
1365,3.280091,3.328069
1366,3.967700,3.971371
1367,4.543797,4.161094
1368,5.049103,5.226743
1369,6.566951,6.079422
1370,6.182021,6.914713
1371,3.979499,4.233380
1372,4.746760,4.905096
1373,5.339827,5.559683
1374,3.339524,3.523016
1375,4.142966,4.032203
1376,4.720469,4.653300
1377,5.094153,5.188182
1378,6.533855,5.957955
1379,6.174293,6.839971
1380,4.023565,4.257368
1381,4.467324,4.822492
1382,5.169662,5.458379
1383,3.262600,3.551237
1384,3.883467,4.045355
1385,4.511578,4.697817
1386,5.036179,5.268940
1387,6.432257,6.196321
1388,6.184112,6.829088
1389,4.040656,4.265809
1390,4.808270,4.885479
1391,5.371423,5.528288
1392,3.358847,3.306702
1393,4.126470,4.046103
1394,4.715100,4.642496
1395,5.111378,5.186429
1396,6.524065,5.969959
1397,6.181643,6.769640
1398,4.099545,4.236490
1399,4.542717,4.807838
1400,5.189279,5.460899
1401,3.307753,3.533243
1402,3.955944,4.050241
1403,4.529710,4.427843
1404,4.843801,5.222635
1405,6.393351,6.090033
1406,6.185428,6.921743
1407,3.968202,4.284471
1408,4.714542,4.887865
1409,5.376055,5.547434
1410,3.314839,3.380561
1411,4.143404,4.031842
1412,4.714096,4.705112
1413,4.914749,5.248898
1414,6.504939,6.003754
1415,6.132479,6.844393
1416,3.999717,4.245219
1417,4.489037,4.795979
1418,5.175079,5.126457
1419,3.261575,3.321027
1420,3.931965,3.803500
1421,4.515107,4.615203
1422,5.099140,5.236542
1423,6.659430,6.074656
1424,6.176618,6.844255
1425,3.978424,4.278775
1426,4.766115,4.866621
1427,5.371202,5.505543
1428,3.397336,3.250520
1429,4.127318,3.992308
1430,4.705654,4.608232
1431,4.997696,5.221180
1432,6.640459,5.989229
1433,6.235827,6.763855
1434,4.001719,4.209564
1435,4.497515,4.806253
1436,5.185545,5.458170
1437,3.312629,3.439581
1438,3.911412,4.038100
1439,4.544058,4.637194
1440,4.893591,4.225939
1441,6.197476,5.046732
1442,6.046526,5.567956
1443,3.841456,3.683530
1444,4.685596,4.373509
1445,5.323887,4.938572
1446,3.401175,3.287482
1447,4.042746,3.930702
1448,4.694615,4.277101
1449,4.924653,4.230513
1450,6.409739,4.968128
1451,5.995121,5.493557
1452,3.903966,3.645222
1453,4.400172,4.327280
1454,5.089739,4.694108
1455,3.180338,3.238191
1456,3.861008,3.837172
1457,4.472954,4.310115
1458,4.702762,4.394976
1459,6.184190,5.245737
1460,6.035888,5.754902
1461,3.951612,3.755311
1462,4.774652,4.608356
1463,5.291095,5.072654
1464,3.352375,3.354753
1465,4.118285,4.060785
1466,4.709462,4.431839
1467,4.876574,4.362786
1468,6.443660,5.480082
1469,5.990651,5.611301
1470,3.932572,3.769493
1471,4.492815,4.503067
1472,5.115613,4.873855
1473,3.236832,3.338071
1474,3.848145,3.917127
1475,4.495586,4.425228
1476,4.693293,4.314301
1477,6.149746,5.130838
1478,6.029333,5.754910
1479,3.860803,3.786053
1480,4.673334,4.442451
1481,5.289712,5.027986
1482,3.332178,3.316556
1483,4.079568,3.920093
1484,4.724497,4.408614
1485,4.777412,4.346769
1486,6.471993,5.064348
1487,6.050742,5.682860
1488,3.923288,3.754223
1489,4.503423,4.372851
1490,5.093238,4.996662
1491,3.273108,3.319642
1492,3.850399,3.848989
1493,4.497454,4.562046
1494,4.737914,4.475669
1495,6.234647,5.313910
1496,5.979288,5.837897
1497,3.824937,3.832664
1498,4.625668,4.595189
1499,5.289500,5.152467
1500,3.360125,3.406685
1501,4.112841,4.042100
1502,4.693099,4.445521
1503,4.768649,4.414806
1504,6.440805,5.271152
1505,6.008451,5.827595
1506,3.940549,3.816360
1507,4.539283,4.468695
1508,5.086050,5.066406
1509,3.262430,3.358626
1510,3.874994,3.989528
1511,4.474815,4.636029
1512,4.958067,4.343345
1513,6.488787,5.188121
1514,5.988150,5.784657
1515,3.911383,3.786526
1516,4.703380,4.567863
1517,5.291095,5.076389
1518,3.434255,3.379687
1519,4.115210,3.980767
1520,4.704377,4.450722
1521,4.740730,4.340088
1522,6.393527,5.112480
1523,6.065293,5.740543
1524,3.843287,3.765935
1525,4.459923,4.438757
1526,5.088282,4.996361
1527,3.292593,3.324308
1528,3.814154,3.894418
1529,4.472025,4.611640
1530,4.712269,4.474562
1531,6.261035,5.249575
1532,6.081116,5.798388
1533,3.953765,3.804474
1534,4.630594,4.523450
1535,5.283553,5.086843
1536,3.409394,3.373395
1537,4.124825,3.999014
1538,4.725256,4.415043
1539,4.843448,4.392490
1540,6.477221,5.220421
1541,6.044442,5.754932
1542,3.855515,3.769138
1543,4.392283,4.440004
1544,5.101325,5.018044
1545,3.259537,3.350304
1546,3.830367,3.947371
1547,4.474392,4.582708
1548,4.781163,4.359576
1549,6.260820,5.319595
1550,6.037440,6.061515
1551,3.914936,3.801443
1552,4.618191,4.606709
1553,5.325921,5.298814
1554,3.344661,3.375828
1555,4.113396,4.092456
1556,4.728105,4.655186
1557,4.666887,4.342494
1558,6.382297,5.260195
1559,6.055624,5.966353
1560,3.897348,3.790036
1561,4.440418,4.487788
1562,5.091487,5.190404
1563,3.206279,3.346476
1564,3.809785,3.963031
1565,4.497624,4.712412
1566,4.789434,4.388927
1567,6.370409,5.311646
1568,5.994191,6.005892
1569,3.899992,3.800430
1570,4.705138,4.512740
1571,5.327528,5.238155
1572,3.316442,3.360239
1573,4.095926,4.034071
1574,4.716920,4.271832
1575,4.730488,4.401906
1576,6.408326,5.262752
1577,6.010226,5.964737
1578,3.872292,3.772984
1579,4.426693,4.478016
1580,5.085274,5.143289
1581,3.208172,3.339118
1582,3.827896,3.929062
1583,4.482018,4.655684
1584,4.726791,4.419662
1585,6.294372,5.312809
1586,5.999412,6.054816
1587,3.904746,3.826814
1588,4.647488,4.594907
1589,5.320038,5.321722
1590,3.327893,3.382386
1591,4.132259,4.058847
1592,4.716352,4.657116
1593,4.738416,4.394497
1594,6.425070,5.257244
1595,6.052646,6.011416
1596,3.851639,3.789918
1597,4.437547,4.543744
1598,5.121747,5.202006
1599,3.205293,3.355798
1600,3.818683,3.917818
1601,4.499069,4.684768
1602,4.784556,4.415289
1603,6.247306,5.231507
1604,6.024456,5.969850
1605,3.931563,3.773164
1606,4.630166,4.534508
1607,5.328385,5.232608
1608,3.310644,3.350663
1609,4.106965,4.077346
1610,4.711631,4.538869
1611,4.711547,4.364083
1612,6.427632,5.217451
1613,6.015317,5.923217
1614,3.993256,3.755944
1615,4.452334,4.472414
1616,5.121161,5.132618
1617,3.298240,3.334173
1618,3.882890,3.944578
1619,4.494737,4.658903
1620,4.911917,4.969767
1621,6.598120,5.725683
1622,6.113713,6.450071
1623,3.920391,4.122791
1624,4.713979,4.680354
1625,5.353308,5.317107
1626,3.382035,3.486966
1627,4.159742,3.905787
1628,4.734193,4.366632
1629,4.951280,4.965045
1630,6.669824,5.625848
1631,6.104067,6.325660
1632,3.999276,4.114941
1633,4.617127,4.617265
1634,5.151088,5.160022
1635,3.316969,3.475739
1636,3.920841,3.902361
1637,4.542502,4.436639
1638,4.978518,5.279561
1639,6.340510,6.015635
1640,6.120093,6.811888
1641,4.032718,4.337066
1642,4.711314,4.949180
1643,5.393368,5.594458
1644,3.367132,3.653842
1645,4.119322,4.236079
1646,4.716376,4.696558
1647,4.870930,5.243855
1648,6.629177,5.933313
1649,6.093266,6.739944
1650,4.099177,4.291531
1651,4.475467,4.850327
1652,5.157464,5.436470
1653,3.249800,3.627929
1654,3.865087,3.901834
1655,4.505051,4.626789
1656,4.876883,5.100586
1657,6.429545,5.668169
1658,6.086493,6.432788
1659,3.984833,4.218613
1660,4.702784,4.734683
1661,5.352545,5.303088
1662,3.369598,3.524057
1663,4.224150,3.931637
1664,4.698755,4.461530
1665,4.862622,5.075494
1666,6.522774,5.664060
1667,6.140274,6.332203
1668,4.029839,4.164464
1669,4.565687,4.626496
1670,5.121624,5.186278
1671,3.356155,3.489032
1672,3.939247,3.877236
1673,4.533852,4.415479
1674,4.976102,5.389375
1675,5.826035,6.077226
1676,6.021227,6.784810
1677,3.908088,4.360689
1678,4.809658,4.949815
1679,5.356577,5.573710
1680,3.457528,3.642138
1681,4.113415,4.117610
1682,4.748524,4.595579
1683,5.022564,5.313779
1684,6.639313,6.014439
1685,6.092531,6.702399
1686,3.976381,4.325789
1687,4.541897,4.839180
1688,5.151884,5.455675
1689,3.313541,3.637945
1690,3.834694,4.116596
1691,4.533938,4.625872
1692,4.988216,5.210244
1693,6.441570,5.879487
1694,6.084457,6.717178
1695,3.829930,4.258227
1696,4.652245,4.793855
1697,5.316966,5.464771
1698,3.361751,3.608240
1699,4.081766,4.012571
1700,4.696771,4.549405
1701,5.100831,5.159216
1702,6.454000,6.017036
1703,6.161116,6.542125
1704,3.966385,4.246046
1705,4.464522,4.773766
1706,5.106814,5.315499
1707,3.226839,3.579734
1708,3.864872,3.954088
1709,4.509085,4.514578
1710,4.904714,5.423514
1711,5.748966,6.036722
1712,6.008929,6.675288
1713,3.965560,4.392195
1714,4.704112,4.978179
1715,5.359740,5.639838
1716,3.381338,3.705220
1717,4.124398,4.161928
1718,4.722852,4.627600
1719,4.889320,5.354228
1720,6.668907,6.039165
1721,6.033864,6.748427
1722,4.119889,4.339352
1723,4.551946,4.871851
1724,5.154971,5.502957
1725,3.294849,3.661149
1726,3.932219,4.070436
1727,4.501281,4.651011
1728,4.821856,5.193317
1729,6.221201,6.040239
1730,6.089592,6.862552
1731,3.852150,4.313314
1732,4.647273,4.900400
1733,5.327946,5.633740
1734,3.290430,3.570963
1735,4.105175,4.134435
1736,4.668372,4.718382
1737,4.873799,5.224094
1738,6.477762,6.079036
1739,6.161980,6.772288
1740,3.935602,4.279686
1741,4.441113,4.829623
1742,5.141355,5.466065
1743,3.227472,3.554134
1744,3.837679,4.132552
1745,4.446098,4.717871
1746,4.889748,5.235104
1747,5.792400,6.062906
1748,5.962685,6.806513
1749,4.061933,4.255315
1750,4.708541,4.933798
1751,5.354070,5.594411
1752,3.370878,3.585557
1753,4.090974,4.143503
1754,4.715426,4.642184
1755,5.155184,5.188498
1756,6.611541,5.976798
1757,6.087146,6.732790
1758,4.088045,4.289149
1759,4.575025,4.820220
1760,5.148105,5.483749
1761,3.306004,3.552379
1762,3.905272,4.110409
1763,4.513384,4.661355
1764,4.924968,5.221924
1765,6.339814,6.035571
1766,6.128881,6.781562
1767,4.038148,4.277844
1768,4.827310,4.926059
1769,5.354723,5.597255
1770,3.358847,3.605000
1771,4.160694,4.095298
1772,4.716376,4.694297
1773,4.898978,5.147463
1774,6.558180,5.913316
1775,6.098171,6.788497
1776,4.070311,4.245577
1777,4.519368,4.845705
1778,5.192479,5.495700
1779,3.256104,3.570729
1780,3.861497,4.104358
1781,4.524774,4.692165
1782,5.017323,5.222493
1783,5.572391,5.979547
1784,6.011909,6.781610
1785,3.971423,4.317317
1786,4.740188,4.899410
1787,5.391722,5.568393
1788,3.393972,3.585095
1789,4.176126,4.091165
1790,4.775561,4.636283
1791,4.942849,5.195465
1792,6.673118,5.965467
1793,6.182161,6.718672
1794,4.118943,4.268556
1795,4.528405,4.854909
1796,5.148403,5.487060
1797,3.379441,3.561410
1798,3.991405,4.119216
1799,4.631101,4.694129
1800,4.954740,5.069588
1801,6.393527,5.643749
1802,6.122443,6.390796
1803,3.994065,4.118792
1804,4.886778,4.651630
1805,5.382191,5.297023
1806,3.378261,3.505288
1807,4.171649,3.925209
1808,4.651722,4.395867
1809,4.946980,5.006515
1810,6.567027,5.607672
1811,6.179181,6.400426
1812,4.056079,4.100214
1813,4.541203,4.600369
1814,5.218479,5.177130
1815,3.237073,3.473158
1816,3.884977,3.889406
1817,4.597055,4.376558
1818,5.122878,5.247820
1819,6.589169,6.030160
1820,6.149548,6.753106
1821,4.019204,4.334560
1822,4.843438,4.927969
1823,5.395455,5.590698
1824,3.362565,3.651803
1825,4.268398,4.156404
1826,4.778647,4.644944
1827,4.935237,5.238680
1828,6.670438,5.887537
1829,6.196977,6.736971
1830,4.043594,4.293217
1831,4.559826,4.856685
1832,5.219387,5.372030
1833,3.296369,3.622611
1834,3.964657,4.066185
1835,4.596179,4.608095
1836,4.976049,5.158895
1837,6.419647,5.714365
1838,6.171672,6.480196
1839,3.982992,4.193585
1840,4.779935,4.690486
1841,5.400956,5.283775
1842,3.364616,3.538235
1843,4.173733,3.910883
1844,4.754266,4.456932
1845,4.958780,5.115985
1846,6.769344,5.656220
1847,6.190494,6.365114
1848,3.980464,4.169801
1849,4.615856,4.601632
1850,5.186460,5.190885
1851,3.343420,3.480554
1852,3.904554,3.920418
1853,4.619364,4.411047
1854,4.935554,5.334061
1855,5.788913,6.029418
1856,6.012744,6.773522
1857,3.946073,4.374650
1858,4.743381,4.916433
1859,5.393917,5.583633
1860,3.405716,3.666156
1861,4.262538,4.118059
1862,4.776333,4.597696
1863,4.900027,5.323514
1864,6.627665,5.984241
1865,6.139656,6.715254
1866,4.099234,4.316442
1867,4.514281,4.895392
1868,5.185058,5.448042
1869,3.255591,3.640492
1870,3.856206,4.071914
1871,4.542762,4.601422
1872,4.974493,5.174272
1873,6.098464,5.889111
1874,6.058050,6.661126
1875,3.869142,4.281308
1876,4.745952,4.847283
1877,5.355207,5.483279
1878,3.397939,3.597351
1879,4.141896,4.043337
1880,4.705600,4.574562
1881,4.983410,5.163596
1882,6.556659,5.776531
1883,6.096331,6.571547
1884,3.914348,4.242988
1885,4.498162,4.727988
1886,5.183656,5.309587
1887,3.238930,3.579150
1888,3.921779,3.988161
1889,4.556142,4.535844
1890,4.860550,5.346834
1891,5.639687,6.055552
1892,6.006547,6.805740
1893,4.041343,4.393443
1894,4.746400,4.931824
1895,5.354397,5.599331
1896,3.379292,3.675338
1897,4.167848,4.145509
1898,4.750058,4.644311
1899,5.155875,5.346944
1900,6.617608,6.084862
1901,6.089470,6.737207
1902,4.077823,4.376117
1903,4.556489,4.870517
1904,5.154572,5.462703
1905,3.276282,3.667805
1906,3.910821,4.105849
1907,4.534543,4.623382
1908,4.812806,5.278721
1909,6.305170,6.118390
1910,6.056464,6.853997
1911,3.905403,4.288210
1912,4.848466,4.913542
1913,5.361711,5.583952
1914,3.304169,3.513965
1915,4.133798,4.109400
1916,4.697709,4.722594
1917,4.978679,5.259096
1918,6.554257,5.904953
1919,6.137928,6.783669
1920,3.906201,4.249958
1921,4.498658,4.856070
1922,5.186160,5.469046
1923,3.244646,3.557905
1924,3.879767,4.078558
1925,4.513557,4.713961
1926,4.852119,5.256869
1927,5.769664,6.032361
1928,5.954304,6.776585
1929,3.999624,4.230636
1930,4.721101,4.886448
1931,5.393807,5.589566
1932,3.394341,3.580501
1933,4.194993,4.134888
1934,4.746991,4.644580
1935,5.134024,5.263362
1936,6.634922,5.976562
1937,6.116264,6.766442
1938,3.952744,4.284119
1939,4.475367,4.880102
1940,5.113913,5.507924
1941,3.311083,3.592851
1942,3.857913,4.113073
1943,4.534370,4.689083
1944,4.913015,5.238253
1945,6.435462,6.003386
1946,6.122567,6.863515
1947,3.911994,4.283600
1948,4.745841,4.909604
1949,5.393148,5.604080
1950,3.387717,3.539862
1951,4.264344,4.110333
1952,4.776236,4.697563
1953,4.906536,5.247550
1954,6.621249,5.944185
1955,6.146206,6.786363
1956,3.954570,4.298104
1957,4.525593,4.840750
1958,5.168860,5.496367
1959,3.308979,3.574253
1960,3.886828,4.110775
1961,4.585810,4.706267
1962,4.881371,5.249628
1963,5.790358,6.030988
1964,6.012032,6.837478
1965,3.996379,4.277067
1966,4.812771,4.907611
1967,5.357231,5.566181
1968,3.362384,3.585266
1969,4.156672,4.124961
1970,4.721422,4.667790
1971,4.916015,5.280220
1972,6.648697,5.980109
1973,6.100749,6.791039
1974,3.947050,4.293056
1975,4.475864,4.858944
1976,5.154871,5.497760
1977,3.347527,3.565633
1978,3.927660,4.123124
1979,4.502995,4.665732
1980,4.852119,5.078444
1981,6.373432,5.727916
1982,6.103044,6.433487
1983,3.915013,4.096535
1984,4.737243,4.675724
1985,5.355159,5.300258
1986,3.342669,3.493885
1987,4.094731,3.931933
1988,4.730861,4.355771
1989,4.934764,4.960306
1990,6.551291,5.600748
1991,6.098416,6.406008
1992,3.984373,4.151482
1993,4.506217,4.643238
1994,5.149496,5.188110
1995,3.253175,3.461210
1996,3.857344,3.904635
1997,4.534370,4.405230
1998,4.869474,5.236581
1999,6.334593,6.029126
2000,6.112193,6.830625
2001,3.927923,4.326958
2002,4.778958,4.875854
2003,5.358867,5.561154
2004,3.393809,3.673359
2005,4.224204,4.199762
2006,4.712481,4.644722
2007,4.956065,5.213969
2008,6.553524,5.982956
2009,6.098661,6.721934
2010,4.001937,4.275507
2011,4.472484,4.876379
2012,5.149198,5.465887
2013,3.255591,3.626109
2014,3.942473,4.086753
2015,4.505823,4.659977
2016,4.994356,5.102893
2017,6.375721,5.735828
2018,6.095869,6.501482
2019,3.895952,4.204973
2020,4.724446,4.718140
2021,5.349934,5.319457
2022,3.346721,3.534440
2023,4.156985,3.969758
2024,4.744311,4.434386
2025,5.103007,5.124069
2026,6.578173,5.697500
2027,6.079575,6.464337
2028,3.996611,4.196460
2029,4.502303,4.634871
2030,5.152183,5.208323
2031,3.348872,3.507485
2032,3.862965,3.898097
2033,4.534629,4.457498
2034,4.863009,5.371450
2035,5.802888,6.075881
2036,5.976457,6.786424
2037,3.899078,4.359529
2038,4.785491,4.907489
2039,5.355596,5.585828
2040,3.354264,3.667429
2041,4.151195,4.110723
2042,4.756011,4.611060
2043,5.088889,5.328076
2044,6.665276,5.990591
2045,6.099644,6.770974
2046,4.055969,4.367232
2047,4.485837,4.857888
2048,5.154971,5.437480
2049,3.268145,3.627909
2050,3.862720,4.082833
2051,4.553883,4.608520
2052,4.886487,5.216761
2053,6.315178,5.927558
2054,6.082259,6.665931
2055,3.870654,4.208345
2056,4.648785,4.815113
2057,5.316751,5.459920
2058,3.303819,3.628973
2059,4.068340,4.047165
2060,4.672382,4.564324
2061,4.987480,5.171567
2062,6.444196,5.814283
2063,6.029387,6.637114
2064,3.899111,4.232487
2065,4.510989,4.785579
2066,5.154673,5.328801
2067,3.248272,3.565687
2068,3.900192,4.004964
2069,4.549533,4.560527
2070,4.870245,5.463480
2071,5.897402,6.085680
2072,6.003929,6.833338
2073,4.015576,4.427559
2074,4.761778,4.903199
2075,5.351021,5.609331
2076,3.365644,3.706659
2077,4.137215,4.037275
2078,4.738006,4.643780
2079,4.912061,5.339856
2080,6.559857,6.116332
2081,6.103575,6.806554
2082,4.002638,4.352239
2083,4.570936,4.887883
2084,5.152083,5.467142
2085,3.285583,3.599568
2086,3.912957,4.132368
2087,4.536271,4.646936
2088,4.806490,5.266793
2089,6.299835,6.133742
2090,6.095717,6.726527
2091,3.915603,4.304683
2092,4.740700,4.911097
2093,5.313208,5.586981
2094,3.316530,3.579712
2095,4.096355,4.147504
2096,4.699773,4.722986
2097,4.916626,5.236340
2098,6.544297,5.947257
2099,6.120948,6.804825
2100,3.968667,4.296430
2101,4.563674,4.854516
2102,5.146813,5.495268
2103,3.223893,3.552224
2104,3.866983,4.093061
2105,4.537568,4.688048
2106,4.869936,5.301857
2107,5.846699,6.088449
2108,6.010710,6.831777
2109,3.982992,4.300503
2110,4.841239,4.907084
2111,5.358322,5.583284
2112,3.374816,3.599674
2113,4.166708,4.145959
2114,4.737338,4.654018
2115,4.918513,5.225223
2116,6.631444,5.969605
2117,6.095717,6.780018
2118,3.948301,4.268308
2119,4.526095,4.837970
2120,5.201635,5.500325
2121,3.277313,3.588244
2122,3.892747,4.144062
2123,4.585072,4.708344
2124,4.995449,5.274412
2125,6.469653,5.972872
2126,6.056830,6.900906
2127,4.045700,4.320433
2128,4.882638,4.898088
2129,5.394027,5.581364
2130,3.365009,3.569165
2131,4.203089,4.119282
2132,4.770268,4.687255
2133,4.945549,5.247242
2134,6.640345,6.157669
2135,6.194731,6.850266
2136,3.991522,4.281859
2137,4.536861,4.843933
2138,5.193885,5.510005
2139,3.272765,3.580281
2140,3.908922,4.053032
2141,4.557529,4.683774
2142,4.872404,5.249138
2143,5.710311,6.007177
2144,6.017999,6.832362
2145,3.916132,4.317801
2146,4.794777,4.925307
2147,5.391722,5.576644
2148,3.376827,3.585307
2149,4.172124,4.126331
2150,4.779226,4.661841
2151,4.928755,5.252837
2152,6.605639,5.975604
2153,6.094491,6.781001
2154,4.061214,4.277131
2155,4.541809,4.855034
2156,5.151784,5.508656
2157,3.275510,3.585258
2158,3.912060,4.106657
2159,4.584636,4.661426
2160,4.789582,4.187639
2161,6.392648,4.969397
2162,6.082438,5.310739
2163,3.892179,3.602810
2164,4.705486,4.283525
2165,5.326564,4.719460
2166,3.355461,3.205361
2167,4.250061,3.835071
2168,4.737803,4.319587
2169,4.721090,4.155930
2170,6.535287,5.354741
2171,6.068882,5.313332
2172,3.889900,3.609057
2173,4.453598,4.309642
2174,5.196784,4.550164
2175,3.254043,3.234183
2176,3.927325,3.843241
2177,4.580091,4.145220
2178,4.769836,4.328657
2179,6.360303,5.204279
2180,6.081717,5.450570
2181,3.992552,3.662798
2182,4.717669,4.391272
2183,5.324636,4.816766
2184,3.368851,3.060883
2185,4.175351,3.906864
2186,4.760096,4.404649
2187,4.849811,4.332611
2188,6.439022,5.138433
2189,6.057889,5.440716
2190,3.922639,3.648833
2191,4.477749,4.380036
2192,5.205036,4.223646
2193,3.277551,3.240728
2194,3.917922,3.909946
2195,4.555943,3.979013
2196,4.736322,4.251834
2197,6.315173,5.085072
2198,6.137961,5.444434
2199,3.967438,3.678503
2200,4.732616,4.330195
2201,5.430276,4.819132
2202,3.386726,3.279300
2203,4.163991,3.884274
2204,4.828064,4.321584
2205,4.909508,4.261552
2206,6.434389,5.067939
2207,6.100766,5.523395
2208,3.998068,3.708094
2209,4.477847,4.299582
2210,5.207426,4.727632
2211,3.243454,3.038198
2212,3.904948,3.809427
2213,4.602801,4.511217
2214,4.757772,4.349109
2215,6.279754,5.266823
2216,6.123416,5.565300
2217,3.984991,3.730670
2218,4.792479,4.409651
2219,5.355505,4.869113
2220,3.395083,3.038101
2221,4.272572,3.899087
2222,4.809851,4.384754
2223,4.809491,4.378026
2224,6.526552,5.209035
2225,6.107736,5.661678
2226,4.020818,3.714911
2227,4.572299,4.360547
2228,5.194900,4.836789
2229,3.281714,3.049695
2230,3.976754,3.891507
2231,4.636289,4.503814
2232,4.773616,4.261855
2233,6.308204,5.095162
2234,6.127772,5.527984
2235,3.913047,3.734186
2236,4.790959,4.370127
2237,5.428858,4.840209
2238,3.353351,3.313492
2239,4.242273,3.885483
2240,4.849067,4.358494
2241,4.843460,4.307062
2242,6.516209,5.123939
2243,6.130680,5.539093
2244,3.917439,3.730620
2245,4.508828,4.359175
2246,5.194503,4.782104
2247,3.361171,3.040069
2248,3.904298,3.843459
2249,4.642604,4.504217
2250,4.902862,4.380235
2251,6.286546,5.282034
2252,6.126682,5.539462
2253,3.968677,3.768059
2254,4.839593,4.361253
2255,5.425262,4.861798
2256,3.421020,3.320427
2257,4.232792,3.905535
2258,4.859175,3.950546
2259,4.822978,4.512954
2260,6.551546,5.178857
2261,6.104970,5.589371
2262,3.936174,3.741670
2263,4.536184,4.361138
2264,5.205036,4.835092
2265,3.352330,3.122471
2266,3.934178,3.869196
2267,4.644537,4.476694
2268,4.849726,4.330989
2269,6.246502,5.230443
2270,6.132256,5.742158
2271,3.906271,3.751145
2272,4.889553,4.468548
2273,5.434535,4.993783
2274,3.395812,3.171992
2275,4.184598,3.920645
2276,4.838035,4.456952
2277,4.922345,4.332282
2278,6.492922,5.195493
2279,6.097887,5.990834
2280,4.019085,3.728105
2281,4.536382,4.470638
2282,5.234078,5.132298
2283,3.297626,3.288830
2284,3.910856,3.950339
2285,4.662882,4.690185
2286,4.980082,4.393548
2287,6.254670,5.164618
2288,6.175523,5.645912
2289,3.929390,3.744930
2290,4.790824,4.465846
2291,5.468645,4.916892
2292,3.399404,3.315842
2293,4.274854,3.932976
2294,4.890666,4.406876
2295,4.848419,4.291347
2296,6.525643,5.172014
2297,6.156908,5.860120
2298,3.935099,3.709726
2299,4.637170,4.384968
2300,5.226889,5.142486
2301,3.271123,3.275926
2302,3.917349,3.906048
2303,4.615431,4.608038
2304,4.836916,4.332691
2305,6.303453,5.259342
2306,6.126198,5.745149
2307,4.018277,3.729148
2308,4.726409,4.486852
2309,5.434862,4.992269
2310,3.402658,3.330607
2311,4.226442,3.926297
2312,4.791953,4.481572
2313,4.883265,4.318587
2314,6.501748,5.193247
2315,6.098846,6.000776
2316,3.883049,3.736790
2317,4.506176,4.451565
2318,5.206629,5.161791
2319,3.192733,3.302797
2320,3.863555,3.885150
2321,4.578448,4.623712
2322,4.735020,4.356047
2323,6.263855,5.260502
2324,6.081476,5.619237
2325,3.972668,3.730306
2326,4.732767,4.414702
2327,5.325171,4.944243
2328,3.354417,3.054197
2329,4.185449,3.918346
2330,4.768390,4.395854
2331,5.010301,4.267150
2332,6.459637,5.131765
2333,6.063142,5.839187
2334,3.900387,3.486163
2335,4.535670,4.428109
2336,5.201851,5.144590
2337,3.340695,3.285058
2338,3.858266,3.914004
2339,4.550266,4.597758
2340,5.062561,4.888429
2341,6.469472,5.856757
2342,6.146784,6.319911
2343,3.934255,4.030294
2344,4.732789,4.584840
2345,5.388541,5.221643
2346,3.391670,3.423794
2347,4.198870,3.843581
2348,4.735813,4.418900
2349,4.963580,4.952370
2350,6.658025,5.510911
2351,6.193858,6.308305
2352,4.065358,4.058940
2353,4.582911,4.519754
2354,5.186561,5.100617
2355,3.276705,3.275670
2356,3.961435,3.843639
2357,4.560307,4.229956
2358,5.001251,5.161056
2359,6.389135,6.004314
2360,6.122195,6.673426
2361,4.074050,4.210534
2362,4.860823,4.823383
2363,5.364001,5.468486
2364,3.368273,3.258509
2365,4.147718,4.029567
2366,4.776429,4.582680
2367,4.951120,5.173825
2368,6.741331,5.829407
2369,6.186014,6.602059
2370,3.946481,4.190406
2371,4.536055,4.728670
2372,5.185058,5.345098
2373,3.332790,3.312929
2374,3.949185,4.016081
2375,4.606723,4.083123
2376,4.871016,5.012694
2377,6.575755,5.694208
2378,6.146909,6.389109
2379,3.964789,4.060337
2380,4.749871,4.661865
2381,5.391831,5.214337
2382,3.357147,3.211731
2383,4.141802,3.889733
2384,4.757133,4.422693
2385,4.921659,5.035387
2386,6.644518,5.600919
2387,6.153266,6.335556
2388,4.046560,4.088602
2389,4.524891,4.548553
2390,5.202139,5.102651
2391,3.279807,3.438453
2392,3.947081,3.867808
2393,4.564739,4.387564
2394,4.869474,5.219933
2395,5.871643,6.029741
2396,5.993598,6.691335
2397,3.929275,4.234004
2398,4.787708,4.808232
2399,5.390405,5.473332
2400,3.489184,3.557584
2401,4.174450,4.044652
2402,4.775851,4.127207
2403,4.903775,5.219992
2404,6.644138,5.926092
2405,6.144722,6.624604
2406,4.098382,4.238427
2407,4.545001,4.697381
2408,5.183356,5.338908
2409,3.235241,3.589347
2410,3.907850,3.965710
2411,4.555709,4.506624
2412,4.825183,5.098060
2413,6.317598,5.810940
2414,6.090939,6.586399
2415,3.962169,4.180669
2416,4.658855,4.735811
2417,5.352718,5.368334
2418,3.327654,3.515140
2419,4.103062,3.916533
2420,4.741599,4.520729
2421,4.905808,5.031036
2422,6.442768,5.732472
2423,6.178064,6.518703
2424,3.958527,4.178915
2425,4.586207,4.633703
2426,5.189167,5.221555
2427,3.242998,3.490474
2428,3.889383,3.641511
2429,4.557356,4.396316
2430,4.933339,5.221965
2431,5.850666,6.030001
2432,6.033576,6.737000
2433,3.920166,4.264925
2434,4.883621,4.868769
2435,5.351240,5.514374
2436,3.385515,3.302998
2437,4.255102,4.072235
2438,4.774984,4.620409
2439,5.177739,5.225160
2440,6.672734,6.141429
2441,6.149053,6.665418
2442,4.016278,4.199423
2443,4.498008,4.773337
2444,5.150093,5.301309
2445,3.356516,3.320951
2446,3.902652,4.001219
2447,4.530832,4.479310
2448,4.890041,5.094516
2449,6.441210,5.987918
2450,6.090327,6.778603
2451,3.959656,4.218642
2452,4.650622,4.849418
2453,5.355098,5.506200
2454,3.338675,3.472277
2455,4.093605,4.078987
2456,4.694147,4.219411
2457,4.948095,5.138946
2458,6.488969,5.905550
2459,6.199599,6.739082
2460,3.897458,4.221056
2461,4.511188,4.776504
2462,5.159060,5.404998
2463,3.177140,3.519911
2464,3.866659,4.024354
2465,4.556749,4.576386
2466,4.879049,5.189119
2467,5.775403,5.944254
2468,6.004762,6.727793
2469,3.994875,4.242034
2470,4.748975,4.812280
2471,5.355378,5.485349
2472,3.398586,3.285011
2473,4.144099,4.045995
2474,4.748620,4.601677
2475,4.953830,5.170784
2476,6.719974,5.881711
2477,6.096699,6.662532
2478,4.110473,4.210681
2479,4.491131,4.781228
2480,5.150093,5.343879
2481,3.250975,3.532837
2482,3.882728,3.922297
2483,4.511664,4.595324
2484,4.887419,5.133486
2485,6.334836,5.967546
2486,6.113550,6.778144
2487,4.021430,4.234563
2488,4.744387,4.828640
2489,5.394137,5.560063
2490,3.403305,3.498847
2491,4.201737,4.083784
2492,4.737243,4.684827
2493,4.971921,5.130941
2494,6.642810,5.885892
2495,6.150539,6.763068
2496,3.966134,4.168886
2497,4.508211,4.755301
2498,5.156367,5.412035
2499,3.275255,3.516300
2500,3.897733,4.047354
2501,4.536357,4.679240
2502,4.890059,5.218784
2503,5.779135,5.981359
2504,5.983684,6.737411
2505,4.052028,4.237595
2506,4.800722,4.818972
2507,5.389527,5.458818
2508,3.354984,3.271102
2509,4.182810,4.047878
2510,4.717613,4.559709
2511,5.137281,5.172674
2512,6.606765,5.853673
2513,6.141509,6.629804
2514,3.953201,4.213502
2515,4.504405,4.733234
2516,5.152183,5.165405
2517,3.254869,3.241390
2518,3.981278,4.071502
2519,4.570574,4.616912
2520,4.935871,4.852830
2521,6.635797,5.633647
2522,6.150153,6.362954
2523,3.928204,4.024498
2524,4.737131,4.603531
2525,5.389747,5.182411
2526,3.388636,3.314066
2527,4.144054,3.845116
2528,4.730386,4.390167
2529,5.113716,4.928874
2530,6.635039,5.541903
2531,6.195355,6.284392
2532,4.073088,4.037673
2533,4.528003,4.517885
2534,5.156168,5.082335
2535,3.359854,3.406307
2536,3.969501,3.809694
2537,4.528333,4.371535
2538,5.025731,5.156024
2539,6.315869,5.977535
2540,6.115400,6.698665
2541,4.009274,4.166786
2542,4.734903,4.840356
2543,5.357885,5.466876
2544,3.481894,3.547999
2545,4.184820,4.085316
2546,4.750921,4.608896
2547,4.907060,5.176649
2548,6.596458,5.904457
2549,6.134352,6.656992
2550,4.010789,4.198828
2551,4.636744,4.748122
2552,5.162256,5.351276
2553,3.381120,3.545630
2554,3.998644,3.971473
2555,4.559612,4.477054
2556,4.929861,4.945296
2557,6.562765,5.679995
2558,6.130866,6.399486
2559,4.036848,4.105701
2560,4.709982,4.600930
2561,5.389308,5.227746
2562,3.342067,3.277326
2563,4.145327,3.863130
2564,4.743259,4.434756
2565,4.895038,5.037611
2566,6.562096,5.588863
2567,6.207980,6.337674
2568,3.942392,4.057659
2569,4.552447,4.552329
2570,5.144231,5.093292
2571,3.264475,3.428173
2572,3.878637,3.800774
2573,4.541029,4.128247
2574,4.917255,5.233089
2575,5.818609,6.034294
2576,6.029134,6.692202
2577,4.018970,4.248023
2578,4.763919,4.792140
2579,5.402387,5.445189
2580,3.364919,3.289788
2581,4.162726,4.002109
2582,4.781350,4.581655
2583,4.951757,5.266777
2584,6.707956,5.887115
2585,5.996534,6.620723
2586,3.944208,4.224588
2587,4.527903,4.763732
2588,5.195897,4.948457
2589,3.273708,3.561384
2590,3.973254,3.978302
2591,4.533766,4.544555
2592,4.836712,5.112558
2593,6.319848,5.865649
2594,6.065701,6.595626
2595,3.906067,4.205220
2596,4.697125,4.747393
2597,5.354558,5.371356
2598,3.323761,3.264658
2599,4.115312,4.008540
2600,4.731173,4.456510
2601,5.091083,5.136108
2602,6.495312,5.767148
2603,6.133736,6.537439
2604,3.959656,4.160394
2605,4.517379,4.663807
2606,5.198815,5.247201
2607,3.185119,3.531442
2608,3.920176,3.576496
2609,4.560219,4.364322
2610,4.881526,5.266728
2611,5.894562,6.065986
2612,5.989096,6.758438
2613,4.018852,4.282345
2614,4.767755,4.847722
2615,5.390295,5.501271
2616,3.384874,3.584934
2617,4.174791,4.026093
2618,4.749962,4.597456
2619,4.910954,5.291439
2620,6.611273,5.943100
2621,6.092776,6.675778
2622,3.953429,4.263697
2623,4.609306,4.788274
2624,5.189970,5.355297
2625,3.273880,3.584799
2626,3.971282,4.033561
2627,4.540336,4.532759
2628,4.789880,5.140094
2629,6.529047,5.977197
2630,6.093021,6.806705
2631,3.835003,4.237616
2632,4.747299,4.809117
2633,5.351096,5.511494
2634,3.362023,3.299911
2635,4.117377,4.086358
2636,4.723148,4.693439
2637,5.051092,5.182031
2638,6.545218,5.875525
2639,6.125492,6.743954
2640,3.877953,4.191288
2641,4.544899,4.766632
2642,5.220092,5.405460
2643,3.328116,3.356066
2644,3.926799,3.976330
2645,4.555622,4.622836
2646,5.000037,5.213581
2647,5.805100,5.966417
2648,6.014415,6.785018
2649,4.008574,4.246631
2650,4.740142,4.858223
2651,5.391283,5.491453
2652,3.392222,3.523346
2653,4.180707,4.071831
2654,4.715141,4.580950
2655,4.946504,5.188848
2656,6.682129,5.911792
2657,6.090816,6.704964
2658,4.118820,4.208578
2659,4.630326,4.811935
2660,5.201030,5.269122
2661,3.364616,3.529113
2662,3.905542,3.658727
2663,4.567350,4.131298
2664,5.017159,5.166603
2665,6.354395,5.953362
2666,6.118981,6.840599
2667,3.940774,4.232604
2668,4.818761,4.850842
2669,5.355487,5.535846
2670,3.386708,3.527282
2671,4.170223,4.075479
2672,4.774406,4.624801
2673,4.897687,5.122374
2674,6.621215,5.874809
2675,6.144845,6.744262
2676,3.976842,4.139751
2677,4.539485,4.681314
2678,5.186460,5.361163
2679,3.262941,3.522191
2680,3.957963,4.005438
2681,4.540250,4.571686
2682,4.868703,5.160657
2683,5.534393,5.988439
2684,6.020749,6.581475
2685,4.002990,4.260240
2686,4.784335,4.835080
2687,5.391831,5.467059
2688,3.362656,3.480201
2689,4.165095,4.054414
2690,4.805539,4.605889
2691,5.141745,5.074407
2692,6.642430,5.887955
2693,6.095350,6.690873
2694,4.001639,4.213873
2695,4.523186,4.768064
2696,5.151983,5.424527
2697,3.281873,3.518721
2698,3.891101,3.703183
2699,4.535666,4.636982
2700,5.066896,4.892510
2701,6.436348,5.617877
2702,6.137074,6.364334
2703,3.908646,4.030846
2704,4.697151,4.607259
2705,5.383284,5.201190
2706,3.358049,3.407208
2707,4.162442,3.829016
2708,4.761248,4.380415
2709,4.936979,4.951256
2710,6.624079,5.512899
2711,6.134969,6.318217
2712,3.962283,4.023529
2713,4.536256,4.513678
2714,5.175861,5.066769
2715,3.278946,3.392744
2716,3.894045,3.795361
2717,4.565086,4.389497
2718,4.847838,5.188048
2719,6.501823,5.967636
2720,6.136328,6.718226
2721,4.049767,4.183211
2722,4.702453,4.806465
2723,5.393917,5.469516
2724,3.408967,3.525892
2725,4.253420,4.047084
2726,4.779805,4.545198
2727,4.964540,5.167753
2728,6.643000,5.896122
2729,6.143362,6.649788
2730,3.936532,4.177238
2731,4.556893,4.743169
2732,5.203550,5.327983
2733,3.276969,3.254094
2734,3.935087,4.029056
2735,4.587953,4.542876
2736,4.905965,4.917879
2737,6.350456,5.724231
2738,6.173331,6.386918
2739,3.978856,4.062441
2740,4.742822,4.613983
2741,5.353743,5.225449
2742,3.396739,3.218652
2743,4.225614,3.895301
2744,4.764122,4.395460
2745,5.107605,5.038378
2746,6.564247,5.563808
2747,6.132997,6.306678
2748,4.060856,4.060881
2749,4.534039,4.521878
2750,5.147210,5.097129
2751,3.298588,3.444836
2752,3.959322,3.819542
2753,4.533506,4.094259
2754,4.910663,5.239622
2755,5.587385,6.025575
2756,6.031894,6.716425
2757,3.926347,4.234280
2758,4.707987,4.805653
2759,5.356141,5.489231
2760,3.401453,3.582057
2761,4.248481,4.017540
2762,4.716376,4.537268
2763,4.997277,5.188002
2764,6.694247,5.902513
2765,6.137928,6.512095
2766,4.059422,4.258102
2767,4.531220,4.742484
2768,5.182255,5.339618
2769,3.290420,3.560549
2770,3.927825,4.025658
2771,4.587865,4.550663
2772,4.859783,5.036134
2773,6.381422,5.852928
2774,6.125614,6.605134
2775,3.874704,4.192708
2776,4.753934,4.709477
2777,5.313960,5.355814
2778,3.330935,3.251061
2779,4.139326,3.945912
2780,4.733065,4.516869
2781,4.914427,5.093616
2782,6.623116,5.963840
2783,6.175336,6.548522
2784,3.900103,4.126643
2785,4.505511,4.663754
2786,5.209527,5.266466
2787,3.226556,3.474467
2788,3.913797,3.585006
2789,4.594163,4.510216
2790,5.020360,5.265615
2791,5.733399,6.057597
2792,6.100407,6.742991
2793,3.950141,4.105708
2794,4.773969,4.846418
2795,5.387664,5.497957
2796,3.403858,3.310941
2797,4.223634,4.065386
2798,4.775754,4.595075
2799,4.951120,5.237146
2800,6.692321,5.949627
2801,6.087636,6.647378
2802,4.048104,4.237748
2803,4.536055,4.753391
2804,5.195394,5.298466
2805,3.258688,3.294439
2806,3.909912,3.969289
2807,4.588564,4.071657
2808,4.792118,5.101505
2809,6.506033,5.949782
2810,6.089837,6.819609
2811,3.896027,4.222601
2812,4.713578,4.863605
2813,5.357265,5.540324
2814,3.329614,3.491313
2815,4.152693,4.032110
2816,4.749556,4.589762
2817,4.906434,5.145336
2818,6.431542,5.865582
2819,6.170754,6.751627
2820,4.006246,4.166334
2821,4.542316,4.764349
2822,5.245471,5.414574
2823,3.268495,3.272246
2824,3.919468,4.039123
2825,4.592762,4.614217
2826,4.900087,5.099881
2827,5.853022,5.977936
2828,6.096056,6.744658
2829,3.996727,4.199547
2830,4.783206,4.863953
2831,5.388650,5.473613
2832,3.390006,3.516263
2833,4.245809,4.087894
2834,4.798856,4.632048
2835,4.985940,5.211282
2836,6.729499,5.863412
2837,6.199849,6.681790
2838,4.051790,4.223352
2839,4.530617,4.786092
2840,5.191576,5.378378
2841,3.419848,3.516020
2842,3.905954,4.001391
2843,4.586905,4.559268
2844,4.890658,5.200684
2845,6.551856,5.990499
2846,6.206602,6.837421
2847,4.026596,4.235129
2848,4.770373,4.860659
2849,5.387226,5.506838
2850,3.378624,3.472138
2851,4.221116,4.033549
2852,4.798953,4.660031
2853,5.154214,5.192577
2854,6.660122,5.890987
2855,6.215378,6.759862
2856,4.113661,4.185116
2857,4.665640,4.773965
2858,5.257736,5.405231
2859,3.315929,3.307135
2860,3.986678,4.019377
2861,4.619100,4.639825
2862,5.134074,5.174014
2863,5.829840,5.958823
2864,6.112040,6.747954
2865,3.930515,4.158758
2866,4.768690,4.834017
2867,5.387883,5.425124
2868,3.385991,3.259421
2869,4.225657,4.072881
2870,4.799727,4.610096
2871,4.948253,5.186028
2872,6.660694,5.884717
2873,6.190494,6.670542
2874,4.043120,4.178473
2875,4.526196,4.751695
2876,5.217472,5.406172
2877,3.298819,3.224078
2878,3.916528,3.964326
2879,4.583066,4.211041
0,4.896510,4.374910
1,6.354554,5.228635
2,6.012386,5.945534
3,3.948106,3.780951
4,4.672897,4.595234
5,5.299832,5.181133
6,3.343676,3.321149
7,4.104063,4.088757
8,4.730005,4.496984
9,4.956543,4.224495
10,6.384541,5.056799
11,6.058884,5.670454
12,3.949439,3.685534
13,4.421995,4.459947
14,5.108263,5.003426
15,3.224159,3.296929
16,3.827001,3.842054
17,4.465038,4.434583
18,4.719931,4.407938
19,6.442946,5.196397
20,6.016977,5.909706
21,3.927981,3.726435
22,4.758506,4.579379
23,5.262120,5.171438
24,3.445615,3.296950
25,4.086627,4.089171
26,4.700077,4.500508
27,4.721272,4.244527
28,6.658277,5.155225
29,6.018044,5.665061
30,4.017665,3.662071
31,4.443171,4.404315
32,5.099277,4.958866
33,3.268526,3.282825
34,3.822124,3.930970
35,4.476338,4.390771
36,4.691719,4.323271
37,6.183045,5.194178
38,6.017759,5.960362
39,3.857900,3.762859
40,4.610496,4.596589
41,5.305175,5.254550
42,3.341410,3.340184
43,4.053814,4.072707
44,4.676133,4.472744
45,4.873021,4.277466
46,6.460666,5.092758
47,6.055279,5.798392
48,3.971066,3.718766
49,4.405739,4.463784
50,5.116496,5.119378
51,3.211074,3.324457
52,3.853281,3.931281
53,4.480745,4.572735
54,4.688792,4.362121
55,5.772550,5.189088
56,5.976929,5.951426
57,3.840917,3.725283
58,4.638434,4.587251
59,5.304213,5.216320
60,3.362575,3.333833
61,4.187912,4.050465
62,4.716187,4.514890
63,4.958141,4.313809
64,6.531451,5.131415
65,6.028738,5.780020
66,3.830469,3.734152
67,4.412208,4.416478
68,5.104156,5.104117
69,3.249454,3.310802
70,3.819330,3.861286
71,4.491373,4.527333
72,4.704831,4.336852
73,6.180711,5.246903
74,6.070810,5.975481
75,3.905293,3.787370
76,4.700021,4.645860
77,5.270501,5.274323
78,3.343748,3.356534
79,4.104913,4.082877
80,4.693287,4.449347
81,4.786899,4.279175
82,6.409209,5.123499
83,6.084844,5.845671
84,3.907173,3.751524
85,4.543528,4.456370
86,5.109633,5.139113
87,3.190538,3.330438
88,3.838646,3.893878
89,4.478795,4.584854
90,4.773384,4.379271
91,6.279777,5.213314
92,6.050480,5.903636
93,3.907838,3.790085
94,4.606007,4.594987
95,5.302075,5.215365
96,3.316875,3.336174
97,4.081399,4.060800
98,4.686987,4.505080
99,4.985293,4.337427
100,6.352204,5.173068
101,6.022079,5.798609
102,3.880632,3.708307
103,4.460494,4.463837
104,5.090710,5.098581
105,3.188491,3.333690
106,3.864842,3.947647
107,4.474815,4.672609
108,4.693866,4.309335
109,6.214500,5.246295
110,6.066950,6.150660
111,3.903744,3.751630
112,4.750030,4.599905
113,5.309349,5.343802
114,3.298030,3.315195
115,4.115116,4.071839
116,4.689900,4.539848
117,4.795853,4.259143
118,6.513018,5.102729
119,6.047364,5.992798
120,3.850634,3.696515
121,4.484870,4.456292
122,5.119542,5.182157
123,3.251076,3.286772
124,3.823641,3.855513
125,4.450260,4.558423
126,4.743653,4.311602
127,6.264775,5.213673
128,6.056480,6.032991
129,3.830927,3.730687
130,4.684170,4.571092
131,5.310206,5.320495
132,3.312365,3.280289
133,4.161211,4.035232
134,4.677614,4.561976
135,4.807542,4.238599
136,6.466660,5.094861
137,6.055147,5.903198
138,3.902751,3.677180
139,4.388741,4.392600
140,5.135660,5.130008
141,3.281615,3.264451
142,3.821245,3.856155
143,4.478202,4.617201
144,4.861012,4.340504
145,6.329728,5.203221
146,6.062011,6.149038
147,3.926796,3.805676
148,4.641879,4.598572
149,5.300260,5.366012
150,3.355164,3.317260
151,4.121459,4.092381
152,4.692722,4.532667
153,5.047657,4.264647
154,6.408298,5.137597
155,6.087613,5.997010
156,3.963080,3.719486
157,4.445333,4.470243
158,5.117085,5.148700
159,3.250722,3.289929
160,3.798551,3.948412
161,4.483121,4.688163
162,4.718338,4.336483
163,6.484285,5.247501
164,6.046406,6.078948
165,3.913492,3.751523
166,4.665485,4.590310
167,5.309670,5.329881
168,3.341085,3.290162
169,4.071344,4.050080
170,4.723548,4.534804
171,4.863931,4.249002
172,6.457793,5.127800
173,6.074513,5.913052
174,3.916382,3.687593
175,4.515039,4.418598
176,5.099764,5.149218
177,3.288608,3.268366
178,3.835185,3.820322
179,4.472194,4.592971
180,4.890215,4.921903
181,6.317252,5.692313
182,6.127789,6.572040
183,3.948529,4.139197
184,4.698820,4.833138
185,5.338300,5.516232
186,3.402268,3.522693
187,4.106032,4.062188
188,4.708592,4.551080
189,4.922831,4.864252
190,6.441390,5.589512
191,6.131238,6.439916
192,3.951946,4.059733
193,4.460303,4.689201
194,5.169261,5.345899
195,3.254653,3.489884
196,3.871303,3.962313
197,4.516313,4.692370
198,4.992087,5.003932
199,6.428471,5.784946
200,6.181696,6.652642
201,3.983208,4.142834
202,4.842967,4.904459
203,5.373521,5.584794
204,3.386832,3.546108
205,4.140904,4.210572
206,4.712615,4.675778
207,5.096201,4.923252
208,6.530712,5.653685
209,6.170942,6.447417
210,3.951854,4.106003
211,4.608324,4.713180
212,5.184840,5.372610
213,3.283819,3.525895
214,3.822631,4.076041
215,4.501428,4.691855
216,4.927334,4.949350
217,6.356228,5.765910
218,6.145193,6.606805
219,3.974248,4.188839
220,4.703603,4.854676
221,5.333400,5.509181
222,3.371427,3.549753
223,4.091857,4.042770
224,4.692551,4.568434
225,4.926167,4.943799
226,6.527948,5.664296
227,6.204025,6.503572
228,4.028298,4.112444
229,4.604473,4.725933
230,5.144402,5.393091
231,3.294531,3.516367
232,3.915289,4.067500
233,4.486920,4.667482
234,5.052011,5.027531
235,6.476278,5.779134
236,6.219068,6.577806
237,3.967328,4.173489
238,4.744150,4.823273
239,5.372306,5.531672
240,3.386553,3.532158
241,4.153735,4.009624
242,4.741231,4.537210
243,4.985363,4.942240
244,6.629014,5.862241
245,6.134789,6.498167
246,3.937927,4.110914
247,4.516933,4.706927
248,5.165266,5.372663
249,3.316964,3.510028
250,3.885597,3.962254
251,4.508327,4.692073
252,4.855354,5.035355
253,6.312932,5.868008
254,6.182778,6.719924
255,3.976381,4.219530
256,4.810930,4.922536
257,5.341354,5.630870
258,3.327893,3.578886
259,4.155504,4.133808
260,4.711342,4.654038
261,4.938277,5.021185
262,6.509160,5.722684
263,6.182670,6.570377
264,3.869910,4.156358
265,4.446124,4.817762
266,5.167158,5.477136
267,3.273091,3.556616
268,3.833830,4.119892
269,4.488290,4.761493
270,4.994496,5.024761
271,6.628443,5.828730
272,6.143646,6.684996
273,4.005310,4.226619
274,4.738379,4.889817
275,5.377168,5.626740
276,3.389272,3.569171
277,4.059708,4.138525
278,4.708513,4.612710
279,5.017058,5.027236
280,6.629204,5.747944
281,6.233281,6.602684
282,4.093053,4.170257
283,4.576031,4.746956
284,5.157623,5.474450
285,3.332178,3.555169
286,3.904483,4.109282
287,4.475874,4.639628
288,4.895038,5.033278
289,6.334577,5.767087
290,6.131412,6.725882
291,4.003574,4.146057
292,4.712641,4.848009
293,5.341899,5.603868
294,3.386408,3.508625
295,4.104353,4.026335
296,4.689807,4.702613
297,5.109155,4.969840
298,6.492066,5.677646
299,6.182670,6.596572
300,3.974304,4.097622
301,4.497962,4.759430
302,5.171968,5.456427
303,3.239571,3.481411
304,3.886355,4.035173
305,4.518899,4.766052
306,4.969136,4.989982
307,6.413463,5.835668
308,6.175857,6.599786
309,4.059023,4.151475
310,4.797658,4.806669
311,5.373852,5.523191
312,3.356355,3.475538
313,4.103541,4.072763
314,4.718639,4.635849
315,5.012079,4.964177
316,6.764738,5.692927
317,6.175847,6.512675
318,4.064967,4.068279
319,4.488431,4.694279
320,5.159129,5.399462
321,3.298993,3.467142
322,3.869040,3.996049
323,4.508586,4.679061
324,4.844569,5.046123
325,6.315884,5.867778
326,6.176351,6.757466
327,3.917642,4.165462
328,4.783431,4.868778
329,5.306561,5.572821
330,3.349699,3.534270
331,4.151114,4.064960
332,4.718946,4.685391
333,4.889952,4.934915
334,6.483739,5.754873
335,6.172297,6.644326
336,3.983897,4.134213
337,4.543286,4.773407
338,5.142704,5.396830
339,3.237022,3.503748
340,3.816459,4.096919
341,4.501772,4.736218
342,4.942753,5.023949
343,6.402047,5.826964
344,6.120844,6.648392
345,3.917127,4.071804
346,4.706757,4.822890
347,5.368555,5.532696
348,3.362666,3.473801
349,4.077051,3.998144
350,4.699188,4.630014
351,5.042999,4.964146
352,6.532623,5.732524
353,6.176980,6.587266
354,3.942438,4.071867
355,4.557262,4.703966
356,5.113039,5.416718
357,3.364305,3.444583
358,3.880851,4.034253
359,4.473819,4.671055
360,5.109640,4.925768
361,6.409812,5.723851
362,6.090498,6.610494
363,3.956063,4.148421
364,4.684748,4.795482
365,5.340263,5.530461
366,3.321131,3.559404
367,4.113415,4.093780
368,4.683196,4.669460
369,5.115317,4.902472
370,6.486290,5.569098
371,6.180167,6.466425
372,3.945004,4.113064
373,4.458911,4.714706
374,5.144701,5.390286
375,3.211437,3.486322
376,3.852874,4.060661
377,4.497469,4.577888
378,4.971078,5.022149
379,6.580490,5.763533
380,6.143646,6.651602
381,3.916040,4.152608
382,4.732623,4.882763
383,5.369327,5.564572
384,3.347412,3.548827
385,4.079674,4.181864
386,4.708322,4.676377
387,5.216515,4.966547
388,6.460565,5.700690
389,6.236336,6.493440
390,3.944750,4.113243
391,4.568192,4.757175
392,5.162749,5.404934
393,3.349699,3.515844
394,3.888909,4.072951
395,4.521061,4.678886
396,4.864017,4.981955
397,6.429909,5.913322
398,6.103075,6.637980
399,4.006432,4.212698
400,4.805960,4.855964
401,5.335358,5.571018
402,3.329677,3.543787
403,4.087760,4.102845
404,4.714380,4.670753
405,4.914907,4.957151
406,6.627476,5.692170
407,6.146161,6.504892
408,3.892477,4.130578
409,4.548245,4.742156
410,5.136223,5.411942
411,3.273349,3.536114
412,3.808126,3.980421
413,4.489575,4.713726
414,4.942593,4.998384
415,6.385446,5.922171
416,6.130524,6.610736
417,4.026589,4.184050
418,4.734653,4.828612
419,5.373631,5.565167
420,3.322755,3.548538
421,4.115592,4.081825
422,4.689937,4.630050
423,5.060383,4.991283
424,6.785066,5.756643
425,6.180382,6.498287
426,4.073242,4.122651
427,4.501058,4.735511
428,5.152607,5.429390
429,3.284340,3.532862
430,3.858677,4.035894
431,4.502547,4.649280
432,4.990306,5.019291
433,6.586632,5.902783
434,6.144565,6.723932
435,3.941778,4.212157
436,4.774476,4.911438
437,5.341136,5.655758
438,3.333072,3.599680
439,4.069702,4.150367
440,4.686782,4.637154
441,5.086346,5.004614
442,6.696753,5.751378
443,6.124175,6.586103
444,3.901242,4.202377
445,4.457023,4.726849
446,5.109664,5.484541
447,3.236683,3.588857
448,3.822962,4.121875
449,4.498760,4.778577
450,5.120808,5.073963
451,6.539712,5.920009
452,6.122979,6.695573
453,3.988405,4.256052
454,4.747664,4.884680
455,5.374846,5.593007
456,3.379869,3.595984
457,4.151527,4.098934
458,4.673631,4.567681
459,4.976040,5.014074
460,6.638672,5.797961
461,6.191368,6.559480
462,3.931432,4.160466
463,4.582321,4.816947
464,5.125886,5.472475
465,3.291651,3.560934
466,3.822154,4.111840
467,4.482049,4.716064
468,4.937297,5.018895
469,6.338786,5.839323
470,6.100081,6.703715
471,3.857908,4.157087
472,4.729355,4.873256
473,5.342009,5.582787
474,3.368593,3.513907
475,4.059641,4.088429
476,4.637585,4.614905
477,5.002679,4.973763
478,6.483611,5.773489
479,6.122195,6.574785
480,3.899666,4.105187
481,4.450478,4.764415
482,5.131844,5.364429
483,3.233483,3.478651
484,3.825390,3.972397
485,4.472023,4.620514
486,5.166207,5.032195
487,6.348577,5.849953
488,6.135312,6.585405
489,4.076245,4.130787
490,4.789092,4.804367
491,5.376947,5.558503
492,3.360062,3.465029
493,4.110571,3.991698
494,4.714430,4.550112
495,5.242849,5.020998
496,6.676384,5.754117
497,6.189850,6.562822
498,3.960701,4.056461
499,4.486619,4.693779
500,5.161844,5.315424
501,3.305314,3.449863
502,3.919726,4.012364
503,4.485831,4.566139
504,4.968709,4.979360
505,6.351443,5.859768
506,6.103075,6.735095
507,3.987994,4.163302
508,4.662944,4.886933
509,5.338845,5.598628
510,3.322035,3.510412
511,4.060565,4.066058
512,4.692456,4.606005
513,5.017146,5.019060
514,6.516511,5.743110
515,6.136825,6.614838
516,3.909821,4.139709
517,4.479986,4.778255
518,5.132441,5.464462
519,3.227207,3.506672
520,3.828875,4.091840
521,4.470741,4.742593
522,4.966227,5.051300
523,6.398470,5.818155
524,6.165349,6.681337
525,4.005842,4.139871
526,4.722297,4.816499
527,5.334352,5.521185
528,3.323565,3.471998
529,4.159698,4.053451
530,4.678833,4.633440
531,5.064580,4.994022
532,6.645814,5.778272
533,6.177484,6.481961
534,3.981110,4.082689
535,4.485009,4.720049
536,5.131784,5.407986
537,3.292796,3.455425
538,3.869957,3.984623
539,4.477159,4.672252
540,5.000688,4.915771
541,6.324430,5.745759
542,6.138670,6.563641
543,3.931192,4.143634
544,4.715661,4.808014
545,5.342555,5.534504
546,3.347713,3.540679
547,4.053099,4.086408
548,4.686594,4.544137
549,4.887217,4.877487
550,6.460866,5.655841
551,6.180042,6.461988
552,3.965676,4.136697
553,4.483802,4.726328
554,5.132639,5.391583
555,3.213815,3.513226
556,3.858948,4.052952
557,4.490260,4.671591
558,5.155391,5.032269
559,6.424317,5.805344
560,6.126875,6.700545
561,4.052495,4.168774
562,4.680011,4.840723
563,5.375731,5.553020
564,3.336129,3.521678
565,4.103204,4.188292
566,4.654392,4.646351
567,4.967873,4.984074
568,6.596792,5.724718
569,6.132912,6.469312
570,4.047053,4.121509
571,4.489741,4.750480
572,5.156619,5.405534
573,3.284561,3.537760
574,3.873153,4.050630
575,4.502978,4.671810
576,5.039510,5.023294
577,6.423416,5.728524
578,6.128163,6.593863
579,4.007205,4.184126
580,4.659311,4.838135
581,5.334379,5.550947
582,3.334958,3.553242
583,4.092137,4.029356
584,4.695962,4.572853
585,4.921502,4.967515
586,6.638070,5.676132
587,6.083784,6.550643
588,3.952174,4.153302
589,4.499671,4.743985
590,5.134032,5.410630
591,3.223406,3.533049
592,3.800874,4.065114
593,4.486493,4.611756
594,5.155739,5.018100
595,6.374959,5.824296
596,6.135059,6.633221
597,4.036013,4.184217
598,4.736685,4.833002
599,5.371865,5.537355
600,3.353175,3.543051
601,4.102261,4.091059
602,4.717299,4.552055
603,5.037176,5.017876
604,6.533182,5.724343
605,6.184923,6.538055
606,3.972460,4.146620
607,4.488633,4.746982
608,5.164360,5.398728
609,3.254280,3.529711
610,3.824910,3.944236
611,4.503840,4.626298
612,4.983085,5.059366
613,6.610026,5.901166
614,6.175470,6.785841
615,3.846741,4.239533
616,4.717340,4.927210
617,5.336992,5.645420
618,3.354675,3.611329
619,4.132604,4.106209
620,4.721041,4.703673
621,4.934764,5.003800
622,6.551849,5.777704
623,6.179542,6.648705
624,4.054888,4.201602
625,4.449686,4.756942
626,5.136322,5.466543
627,3.222405,3.530229
628,3.902934,4.102396
629,4.506514,4.748065
630,4.913580,5.117126
631,6.374603,5.899355
632,6.172815,6.695598
633,4.011157,4.227815
634,4.838514,4.914268
635,5.373521,5.583045
636,3.394748,3.601534
637,4.190384,4.131163
638,4.689429,4.663406
639,5.168830,5.055051
640,6.600785,5.783840
641,6.241180,6.594697
642,3.971876,4.159609
643,4.497212,4.800977
644,5.156819,5.450079
645,3.301975,3.582479
646,3.912598,4.109110
647,4.520627,4.587481
648,4.864481,5.009518
649,6.363267,5.878302
650,6.198206,6.747211
651,3.895394,4.142542
652,4.702490,4.841262
653,5.237245,5.575749
654,3.325577,3.502849
655,4.071527,4.113482
656,4.721612,4.683090
657,4.904802,5.009046
658,6.466478,5.754506
659,6.191445,6.537157
660,4.001247,4.095124
661,4.560724,4.755430
662,5.126382,5.437127
663,3.218478,3.484151
664,3.905701,4.002947
665,4.491803,4.716941
666,5.002023,5.051411
667,6.428645,5.848201
668,6.161654,6.677097
669,4.023565,4.121330
670,4.855429,4.788799
671,5.377721,5.477563
672,3.380326,3.476572
673,4.095675,4.049003
674,4.711565,4.542063
675,5.221420,4.931366
676,6.594323,5.772861
677,6.133913,6.494046
678,4.021675,4.074242
679,4.503194,4.692955
680,5.159833,5.385724
681,3.239123,3.445313
682,3.891444,4.024270
683,4.502720,4.576479
684,5.111847,5.004955
685,6.355878,5.913858
686,6.204044,6.724281
687,3.989699,4.188509
688,4.750502,4.869996
689,5.340372,5.586023
690,3.294377,3.504356
691,4.074409,4.115793
692,4.689807,4.578799
693,4.966065,4.992032
694,6.499443,5.773375
695,6.175043,6.626872
696,3.933607,4.123693
697,4.421062,4.740939
698,5.178698,5.466963
699,3.225015,3.483629
700,3.852308,4.036341
701,4.492918,4.726165
702,4.909918,5.051269
703,6.377795,5.862851
704,6.123230,6.692642
705,3.969543,4.147592
706,4.736910,4.807482
707,5.338628,5.516745
708,3.380618,3.469200
709,4.100378,3.978231
710,4.711565,4.537265
711,5.009924,5.019251
712,6.568787,5.750316
713,6.135665,6.588954
714,4.033523,4.081161
715,4.485612,4.709844
716,5.163252,5.404666
717,3.332625,3.466798
718,3.928401,4.040289
719,4.511526,4.577858
720,4.721235,4.173849
721,6.547982,5.099965
722,6.020509,5.688694
723,3.839087,3.704506
724,4.719319,4.469624
725,5.301327,4.938282
726,3.359301,3.262476
727,4.120432,3.949943
728,4.686987,4.531758
729,4.752872,4.188150
730,6.430297,5.060877
731,6.051799,5.687815
732,3.881664,3.677560
733,4.408537,4.444061
734,5.120230,4.903220
735,3.188900,3.284174
736,3.822762,3.889028
737,4.457510,4.397287
738,4.922289,4.203098
739,6.377659,5.140951
740,6.013895,5.660814
741,3.848795,3.685824
742,4.693954,4.433695
743,5.299726,4.952539
744,3.309541,3.211023
745,4.095796,3.892946
746,4.702628,4.494447
747,4.929545,4.212801
748,6.515511,5.080688
749,5.886560,5.653533
750,4.041106,3.668638
751,4.494180,4.417001
752,5.067251,4.916758
753,3.146016,3.285436
754,3.797531,3.936388
755,4.451859,4.358685
756,4.687784,4.243599
757,6.490417,5.213042
758,6.115806,5.719387
759,3.912382,3.727032
760,4.727685,4.478057
761,5.299512,5.041866
762,3.327388,3.282492
763,4.139703,3.904079
764,4.698284,4.515631
765,4.916783,4.238203
766,6.581151,5.102810
767,6.042458,5.827267
768,3.852607,3.714823
769,4.413368,4.460397
770,5.116693,5.036348
771,3.198013,3.312835
772,3.804793,3.912397
773,4.454303,4.580146
774,4.913329,4.277489
775,5.712676,5.270788
776,5.953740,5.762862
777,4.029301,3.737183
778,4.683313,4.472453
779,5.298766,5.014409
780,3.328540,3.295663
781,4.106685,3.968595
782,4.694794,4.494125
783,4.767119,4.315552
784,6.422155,5.201050
785,6.024456,5.821471
786,3.851854,3.702941
787,4.403716,4.409718
788,5.096158,5.032000
789,3.269513,3.295096
790,3.823002,3.930410
791,4.448829,4.649054
792,4.748924,4.315842
793,6.280973,5.196362
794,6.116778,5.780866
795,3.979545,3.743740
796,4.614887,4.511121
797,5.304854,5.065229
798,3.343299,3.322817
799,4.053905,3.973320
800,4.691499,4.533510
801,4.762449,4.260221
802,6.417565,5.105841
803,6.093520,5.818283
804,3.916580,3.729982
805,4.537273,4.424568
806,5.125445,5.058467
807,3.187182,3.321465
808,3.845505,3.898898
809,4.460721,4.579278
810,4.685626,4.310123
811,6.203974,5.234521
812,5.999412,5.801891
813,3.827502,3.753936
814,4.728580,4.499877
815,5.301754,5.022968
816,3.318378,3.298528
817,4.068137,3.884333
818,4.691404,4.489669
819,5.033739,4.295907
820,6.578917,5.196087
821,5.932809,5.775728
822,3.987945,3.730872
823,4.399001,4.444039
824,5.097230,5.031929
825,3.245470,3.312825
826,3.820846,3.857330
827,4.448408,4.533423
828,4.708663,4.277586
829,6.374488,5.219450
830,6.065624,5.893814
831,3.943527,3.728401
832,4.748112,4.493681
833,5.304319,5.072500
834,3.353497,3.269554
835,4.073914,3.861505
836,4.694794,4.518751
837,4.822461,4.220953
838,6.432413,5.123577
839,6.050840,6.011921
840,3.900654,3.697509
841,4.505713,4.433631
842,5.106112,5.222200
843,3.287225,3.268319
844,3.904772,3.844222
845,4.482697,4.624429
846,4.727037,4.279074
847,6.413820,5.225653
848,6.050720,5.856566
849,3.906750,3.707655
850,4.628558,4.435136
851,5.302289,4.993544
852,3.302238,3.246235
853,4.117633,3.893858
854,4.688866,4.495306
855,4.773678,4.235085
856,6.407267,5.129014
857,6.065293,5.970997
858,3.859074,3.666392
859,4.420997,4.392643
860,5.093141,5.171448
861,3.238930,3.243410
862,3.892723,3.818544
863,4.471941,4.562044
864,4.845870,4.258364
865,6.505486,5.194283
866,6.084964,5.988642
867,3.920946,3.734291
868,4.631559,4.467214
869,5.235749,5.079870
870,3.296805,3.274400
871,4.091226,3.840672
872,4.699038,4.538862
873,4.774569,4.228055
874,6.447509,5.130085
875,6.043893,6.048338
876,3.850418,3.689478
877,4.413368,4.466376
878,5.107676,5.226165
879,3.187346,3.267797
880,3.821644,3.830134
881,4.465123,4.657943
882,4.965502,4.321902
883,6.203807,5.200568
884,6.011671,5.863865
885,3.835862,3.720726
886,4.742033,4.430958
887,5.298339,5.034690
888,3.326238,3.250455
889,4.143154,3.823242
890,4.714274,4.447331
891,4.785708,4.265023
892,6.383128,5.138939
893,6.082920,5.952635
894,3.884506,3.673670
895,4.402079,4.396081
896,5.099179,5.176276
897,3.193409,3.253481
898,3.816860,3.844631
899,4.447063,4.551492
900,4.902124,4.846059
901,6.333898,5.762213
902,6.156640,6.574471
903,3.902657,4.094297
904,4.727685,4.809531
905,5.337864,5.435305
906,3.354675,3.484791
907,4.120712,3.952818
908,4.706508,4.616366
909,4.899914,4.872762
910,6.461952,5.625773
911,6.173045,6.520836
912,3.979384,4.049628
913,4.464584,4.697897
914,5.188169,5.376332
915,3.264489,3.489184
916,3.889741,3.988236
917,4.467326,4.569488
918,5.033225,4.927976
919,6.554499,5.863714
920,6.128259,6.603821
921,3.981354,4.131729
922,4.765429,4.801332
923,5.372858,5.450634
924,3.358131,3.505658
925,4.122753,3.992468
926,4.705083,4.642005
927,4.995640,4.902410
928,6.565643,5.735942
929,6.180004,6.559851
930,4.037678,4.086607
931,4.592317,4.708400
932,5.123692,5.417694
933,3.313778,3.501666
934,3.888019,4.052745
935,4.515769,4.565665
936,4.893482,4.903021
937,6.375193,5.790630
938,6.123672,6.612361
939,3.953806,4.158147
940,4.697931,4.826946
941,5.342991,5.471636
942,3.319711,3.497564
943,4.073486,4.056643
944,4.686971,4.686936
945,4.911271,4.907211
946,6.535521,5.676807
947,6.168805,6.545643
948,3.885650,4.099361
949,4.460204,4.731649
950,5.141007,5.368210
951,3.248355,3.504751
952,3.914883,4.032136
953,4.489489,4.702880
954,5.000385,4.942612
955,6.437319,5.882766
956,6.136573,6.642539
957,4.003367,4.157063
958,4.715077,4.829827
959,5.371644,5.503041
960,3.370926,3.513416
961,4.142910,4.074618
962,4.708036,4.678159
963,5.180055,4.954179
964,6.586820,5.735663
965,6.132287,6.596616
966,3.965214,4.114753
967,4.483903,4.741530
968,5.157522,5.435654
969,3.277759,3.515034
970,3.800362,3.954699
971,4.511439,4.688607
972,5.050760,4.958726
973,6.312924,5.894452
974,6.139923,6.749518
975,3.932209,4.203144
976,4.712081,4.907001
977,5.342773,5.548607
978,3.343029,3.569349
979,4.115664,4.048348
980,4.711342,4.752255
981,5.061395,4.929173
982,6.443368,5.774259
983,6.117622,6.651634
984,4.051291,4.164371
985,4.465382,4.798573
986,5.181817,5.500926
987,3.293221,3.559865
988,3.824257,4.096202
989,4.502634,4.668897
990,5.083471,5.003623
991,6.542933,5.944279
992,6.177505,6.725051
993,3.913671,4.185516
994,4.800085,4.864103
995,5.369548,5.536031
996,3.389642,3.554043
997,4.118311,4.113005
998,4.704893,4.715595
999,5.265098,5.019237
1000,6.636067,5.832400
1001,6.192000,6.651374
1002,4.050213,4.132943
1003,4.517338,4.800649
1004,5.185243,5.484937
1005,3.362384,3.555922
1006,3.888999,4.075598
1007,4.482736,4.623801
1008,4.875492,4.934566
1009,6.372200,5.898198
1010,6.182525,6.758071
1011,4.004159,4.144584
1012,4.729810,4.848836
1013,5.377153,5.529459
1014,3.347527,3.486387
1015,4.130766,3.988334
1016,4.713905,4.726019
1017,4.998088,4.874738
1018,6.498528,5.766339
1019,6.182294,6.645102
1020,3.933245,4.087989
1021,4.487236,4.736744
1022,5.168860,5.403941
1023,3.300591,3.491922
1024,3.895383,4.038256
1025,4.548142,4.685059
1026,5.004591,4.962981
1027,6.491216,5.899624
1028,6.226352,6.690646
1029,4.026167,4.118382
1030,4.876651,4.763313
1031,5.372747,5.457506
1032,3.397336,3.444248
1033,4.234515,3.930546
1034,4.736814,4.660878
1035,5.009080,4.908147
1036,6.518168,5.767838
1037,6.200362,6.606416
1038,4.086338,4.076975
1039,4.524647,4.694601
1040,5.230213,5.376026
1041,3.296805,3.439606
1042,3.888717,4.007897
1043,4.561736,4.669418
1044,4.873948,4.951947
1045,6.384049,5.983269
1046,6.137292,6.775574
1047,3.946708,4.161283
1048,4.722216,4.841934
1049,5.405253,5.525693
1050,3.392038,3.505152
1051,4.153186,4.096282
1052,4.720850,4.726915
1053,5.031434,4.919480
1054,6.638259,5.770188
1055,6.092782,6.680518
1056,4.044353,4.089236
1057,4.514235,4.767696
1058,5.203248,5.471160
1059,3.257811,3.467449
1060,3.958726,3.960101
1061,4.548142,4.745514
1062,5.067230,4.978162
1063,6.529418,5.878966
1064,6.174589,6.736531
1065,4.022856,4.120623
1066,4.774181,4.807866
1067,5.408094,5.437059
1068,3.395724,3.453721
1069,4.183960,3.991070
1070,4.773378,4.685634
1071,5.229022,4.951821
1072,6.604729,5.788429
1073,6.136667,6.628583
1074,4.059900,4.063247
1075,4.528820,4.723673
1076,5.195851,5.409542
1077,3.372909,3.459207
1078,3.873681,3.954468
1079,4.537438,4.644965
1080,4.923234,4.845981
1081,6.400833,5.764037
1082,6.137918,6.626474
1083,3.931192,4.101154
1084,4.716203,4.803097
1085,5.376934,5.416735
1086,3.356876,3.492999
1087,4.149129,3.977052
1088,4.751784,4.665980
1089,4.934605,4.860757
1090,6.732814,5.650701
1091,6.132851,6.550313
1092,4.046385,4.061109
1093,4.481842,4.708835
1094,5.211834,5.401565
1095,3.208666,3.487403
1096,3.854612,3.941750
1097,4.552926,4.688309
1098,5.144496,4.945122
1099,6.422745,5.869776
1100,6.174842,6.644284
1101,4.054049,4.138566
1102,4.760205,4.832712
1103,5.406539,5.478629
1104,3.420066,3.504054
1105,4.154514,4.086146
1106,4.731354,4.665112
1107,5.048669,4.923344
1108,6.628043,5.758468
1109,6.171948,6.576367
1110,4.017312,4.100040
1111,4.526376,4.707999
1112,5.236130,5.430845
1113,3.340638,3.507233
1114,3.873252,3.980541
1115,4.570844,4.678372
1116,4.912230,4.937788
1117,6.455465,5.802397
1118,6.151980,6.627612
1119,4.010255,4.184804
1120,4.726680,4.850732
1121,5.304286,5.515018
1122,3.373910,3.504839
1123,4.143022,4.008450
1124,4.743737,4.679165
1125,4.910323,4.921715
1126,6.548720,5.681857
1127,6.147283,6.539516
1128,4.011956,4.097390
1129,4.573019,4.765282
1130,5.167057,5.424508
1131,3.299807,3.524078
1132,3.893241,4.059469
1133,4.544149,4.594066
1134,5.050926,4.986667
1135,6.701771,5.881768
1136,6.177125,6.635516
1137,4.058733,4.156820
1138,4.757600,4.838723
1139,5.406539,5.454904
1140,3.395724,3.513845
1141,4.194094,4.058413
1142,4.732407,4.662494
1143,5.143061,4.977346
1144,6.721139,5.761612
1145,6.186691,6.570839
1146,4.037202,4.118426
1147,4.526275,4.767750
1148,5.194738,5.458153
1149,3.334756,3.519395
1150,3.893137,4.067985
1151,4.554058,4.643018
1152,4.948413,4.935853
1153,6.420533,5.996344
1154,6.137292,6.728967
1155,3.967397,4.192749
1156,4.730257,4.900674
1157,5.374299,5.573969
1158,3.339656,3.553930
1159,4.157935,4.146800
1160,4.750825,4.742886
1161,4.967105,4.982417
1162,6.708150,5.771930
1163,6.129502,6.653509
1164,3.926988,4.156511
1165,4.537870,4.796490
1166,5.169461,5.466059
1167,3.261575,3.587907
1168,3.959748,4.097792
1169,4.575289,4.712649
1170,4.986263,5.061879
1171,6.475915,5.940145
1172,6.173702,6.723829
1173,3.990217,4.204654
1174,4.732736,4.881948
1175,5.405984,5.525808
1176,3.394157,3.566169
1177,4.193321,4.037070
1178,4.798313,4.695058
1179,5.034020,5.012622
1180,6.621438,5.955255
1181,6.181643,6.614666
1182,3.995517,4.164400
1183,4.525461,4.814976
1184,5.195648,5.451756
1185,3.391210,3.554619
1186,3.963724,4.111541
1187,4.528757,4.752303
1188,4.901433,4.937983
1189,6.388609,5.880749
1190,6.180382,6.776236
1191,3.986561,4.174419
1192,4.848116,4.871158
1193,5.374299,5.519733
1194,3.369272,3.493970
1195,4.187119,4.025620
1196,4.776043,4.735352
1197,5.120013,4.886706
1198,6.559618,5.748284
1199,6.128263,6.636305
1200,4.047102,4.100780
1201,4.539204,4.758078
1202,5.175079,5.457559
1203,3.303121,3.489937
1204,3.960856,4.074183
1205,4.549967,4.686975
1206,5.060229,4.944996
1207,6.480461,5.875270
1208,6.239043,6.697912
1209,4.082928,4.126670
1210,4.769741,4.800565
1211,5.408873,5.469588
1212,3.400033,3.443325
1213,4.208852,3.986213
1214,4.732024,4.671877
1215,4.989631,4.924221
1216,6.582686,5.771792
1217,6.176728,6.544150
1218,4.034841,4.061216
1219,4.521193,4.725546
1220,5.185444,5.433767
1221,3.296805,3.451713
1222,3.892156,3.926931
1223,4.529190,4.687806
1224,5.068398,4.938944
1225,6.363941,5.906851
1226,6.131912,6.806342
1227,3.934805,4.155576
1228,4.793521,4.865964
1229,5.382432,5.559909
1230,3.332715,3.468558
1231,4.143532,4.003603
1232,4.710678,4.744905
1233,5.010296,4.967632
1234,6.743161,5.771419
1235,6.133844,6.692399
1236,3.914492,4.115106
1237,4.582911,4.780939
1238,5.190289,5.469112
1239,3.343229,3.504433
1240,3.850122,4.070410
1241,4.553883,4.622045
1242,5.039014,4.948394
1243,6.574247,5.848576
1244,6.170156,6.718453
1245,4.037321,4.134355
1246,4.879934,4.810879
1247,5.407761,5.463697
1248,3.392222,3.455823
1249,4.145020,4.067390
1250,4.742577,4.675735
1251,5.178766,4.954733
1252,6.628610,5.783462
1253,6.175596,6.638670
1254,4.129203,4.077589
1255,4.582314,4.737651
1256,5.154812,5.453821
1257,3.304693,3.439584
1258,3.969680,4.057359
1259,4.530924,4.710879
1260,4.941313,4.843296
1261,6.398704,5.775624
1262,6.134038,6.630260
1263,3.943479,4.087908
1264,4.765763,4.832259
1265,5.343537,5.475719
1266,3.319091,3.482562
1267,4.133735,4.048284
1268,4.694919,4.697592
1269,4.925690,4.860969
1270,6.522273,5.603682
1271,6.125660,6.538378
1272,3.941436,4.092949
1273,4.479848,4.713257
1274,5.169261,5.385232
1275,3.277495,3.497513
1276,3.862068,4.034871
1277,4.521489,4.677716
1278,5.039504,4.911885
1279,6.407242,5.851481
1280,6.182458,6.632042
1281,4.079766,4.168068
1282,4.726205,4.854392
1283,5.371534,5.507942
1284,3.393902,3.521544
1285,4.146542,4.083431
1286,4.704988,4.681675
1287,5.050005,4.961133
1288,6.658406,5.878354
1289,6.198586,6.573653
1290,4.022974,4.124243
1291,4.523021,4.769885
1292,5.159129,5.459403
1293,3.350784,3.517198
1294,3.909528,4.062849
1295,4.530750,4.721141
1296,4.849802,4.893657
1297,6.583062,5.819148
1298,6.142056,6.682648
1299,3.973612,4.138780
1300,4.756130,4.825897
1301,5.372324,5.509891
1302,3.348977,3.531447
1303,4.099977,4.085325
1304,4.689994,4.716589
1305,4.916490,4.933464
1306,6.546831,5.671824
1307,6.184173,6.576891
1308,3.974996,4.115316
1309,4.485137,4.762467
1310,5.165856,5.486581
1311,3.230279,3.528234
1312,3.919762,4.030955
1313,4.532919,4.574721
1314,5.046667,4.988267
1315,6.422388,5.886338
1316,6.174209,6.646633
1317,4.058944,4.181555
1318,4.744490,4.853957
1319,5.371423,5.493631
1320,3.379039,3.542314
1321,4.133833,4.001276
1322,4.702514,4.658965
1323,5.019385,4.983606
1324,6.618177,5.780554
1325,6.232390,6.586885
1326,3.986592,4.150148
1327,4.521716,4.740626
1328,5.163655,5.502853
1329,3.309276,3.509021
1330,3.855422,4.092921
1331,4.527890,4.595625
1332,4.884160,4.950424
1333,6.298340,5.978638
1334,6.202774,6.739477
1335,3.898519,4.233489
1336,4.794093,4.926113
1337,5.235426,5.594315
1338,3.347713,3.546542
1339,4.122329,4.085215
1340,4.738483,4.772825
1341,4.945796,4.943263
1342,6.440311,5.769478
1343,6.183421,6.669412
1344,3.951832,4.167641
1345,4.506116,4.828842
1346,5.136223,5.522480
1347,3.230111,3.547937
1348,3.935434,4.088673
1349,4.516743,4.726068
1350,4.954302,4.990108
1351,6.432979,5.952661
1352,6.228399,6.713650
1353,4.010138,4.222654
1354,4.736910,4.908809
1355,5.378163,5.553406
1356,3.388533,3.588822
1357,4.159522,4.035147
1358,4.744405,4.733397
1359,5.011582,5.005725
1360,6.707376,5.829754
1361,6.178113,6.591251
1362,4.048896,4.185458
1363,4.499235,4.837993
1364,5.198586,5.504959
1365,3.280091,3.576092
1366,3.967700,4.004779
1367,4.543797,4.647708
1368,5.049103,4.924651
1369,6.566951,5.887977
1370,6.182021,6.766069
1371,3.979499,4.175550
1372,4.746760,4.881269
1373,5.339827,5.484418
1374,3.339524,3.468773
1375,4.142966,3.976818
1376,4.720469,4.668964
1377,5.094153,4.895547
1378,6.533855,5.742829
1379,6.174293,6.664356
1380,4.023565,4.115263
1381,4.467324,4.773645
1382,5.169662,5.473130
1383,3.262600,3.490286
1384,3.883467,4.034709
1385,4.511578,4.760488
1386,5.036179,4.973489
1387,6.432257,5.880875
1388,6.184112,6.698392
1389,4.040656,4.120468
1390,4.808270,4.821214
1391,5.371423,5.466746
1392,3.358847,3.428383
1393,4.126470,3.991095
1394,4.715100,4.673797
1395,5.111378,4.911139
1396,6.524065,5.768678
1397,6.181643,6.609547
1398,4.099545,4.078264
1399,4.542717,4.712885
1400,5.189279,5.432403
1401,3.307753,3.461306
1402,3.955944,4.030224
1403,4.529710,4.590564
1404,4.843801,4.954225
1405,6.393351,5.981982
1406,6.185428,6.780756
1407,3.968202,4.180365
1408,4.714542,4.871195
1409,5.376055,5.520267
1410,3.314839,3.499071
1411,4.143404,3.989607
1412,4.714096,4.750288
1413,4.914749,4.950830
1414,6.504939,5.778220
1415,6.132479,6.684329
1416,3.999717,4.122672
1417,4.489037,4.767941
1418,5.175079,5.508818
1419,3.261575,3.506948
1420,3.931965,4.110309
1421,4.515107,4.617517
1422,5.099140,4.974304
1423,6.659430,5.871326
1424,6.176618,6.727573
1425,3.978424,4.137613
1426,4.766115,4.821848
1427,5.371202,5.462136
1428,3.397336,3.445179
1429,4.127318,3.931439
1430,4.705654,4.591918
1431,4.997696,4.940765
1432,6.640459,5.772444
1433,6.235827,6.634130
1434,4.001719,4.085674
1435,4.497515,4.742212
1436,5.185545,5.443412
1437,3.312629,3.450603
1438,3.911412,4.024185
1439,4.544058,4.666096
1440,4.893591,4.215209
1441,6.197476,5.100115
1442,6.046526,5.848477
1443,3.841456,3.687377
1444,4.685596,4.501334
1445,5.323887,5.186236
1446,3.401175,3.295628
1447,4.042746,4.049757
1448,4.694615,4.374927
1449,4.924653,4.190402
1450,6.409739,4.998694
1451,5.995121,5.693792
1452,3.903966,3.651714
1453,4.400172,4.375470
1454,5.089739,4.851264
1455,3.180338,3.252108
1456,3.861008,3.837215
1457,4.472954,4.442758
1458,4.702762,4.278017
1459,6.184190,5.142091
1460,6.035888,5.881089
1461,3.951612,3.706744
1462,4.774652,4.613019
1463,5.291095,5.185720
1464,3.352375,3.294453
1465,4.118285,4.091223
1466,4.709462,4.521848
1467,4.876574,4.244337
1468,6.443660,5.054980
1469,5.990651,5.648140
1470,3.932572,3.680520
1471,4.492815,4.412719
1472,5.115613,4.945477
1473,3.236832,3.268677
1474,3.848145,3.814736
1475,4.495586,4.463411
1476,4.693293,4.270794
1477,6.149746,5.151911
1478,6.029333,5.976023
1479,3.860803,3.763260
1480,4.673334,4.565296
1481,5.289712,5.236262
1482,3.332178,3.314351
1483,4.079568,4.028288
1484,4.724497,4.485689
1485,4.777412,4.284511
1486,6.471993,5.285580
1487,6.050742,5.835770
1488,3.923288,3.721373
1489,4.503423,4.378932
1490,5.093238,5.107266
1491,3.273108,3.287930
1492,3.850399,3.847623
1493,4.497454,4.630966
1494,4.737914,4.342455
1495,6.234647,5.224368
1496,5.979288,5.922359
1497,3.824937,3.734243
1498,4.625668,4.605227
1499,5.289500,5.241590
1500,3.360125,3.332397
1501,4.112841,4.065724
1502,4.693099,4.405332
1503,4.768649,4.274386
1504,6.440805,5.105546
1505,6.008451,5.793305
1506,3.940549,3.692457
1507,4.539283,4.401895
1508,5.086050,5.081989
1509,3.262430,3.285069
1510,3.874994,3.939384
1511,4.474815,4.609253
1512,4.958067,4.289563
1513,6.488787,5.155713
1514,5.988150,5.990027
1515,3.911383,3.766804
1516,4.703380,4.637757
1517,5.291095,5.258347
1518,3.434255,3.368671
1519,4.115210,4.070525
1520,4.704377,4.543452
1521,4.740730,4.340429
1522,6.393527,5.062905
1523,6.065293,5.833178
1524,3.843287,3.712287
1525,4.459923,4.445696
1526,5.088282,5.099510
1527,3.292593,3.305219
1528,3.814154,3.870538
1529,4.472025,4.604259
1530,4.712269,4.354884
1531,6.261035,5.185188
1532,6.081116,5.946707
1533,3.953765,3.739899
1534,4.630594,4.557874
1535,5.283553,5.208012
1536,3.409394,3.325389
1537,4.124825,4.048531
1538,4.725256,4.396432
1539,4.843448,4.270622
1540,6.477221,5.314479
1541,6.044442,5.765997
1542,3.855515,3.689336
1543,4.392283,4.421178
1544,5.101325,5.061692
1545,3.259537,3.291954
1546,3.830367,3.909057
1547,4.474392,4.546897
1548,4.781163,4.234085
1549,6.260820,5.192937
1550,6.037440,6.024695
1551,3.914936,3.708380
1552,4.618191,4.589118
1553,5.325921,5.296637
1554,3.344661,3.294667
1555,4.113396,4.075422
1556,4.728105,4.595440
1557,4.666887,4.186054
1558,6.382297,5.083760
1559,6.055624,5.843977
1560,3.897348,3.683649
1561,4.440418,4.389748
1562,5.091487,5.126481
1563,3.206279,3.264948
1564,3.809785,3.859869
1565,4.497624,4.683921
1566,4.789434,4.258070
1567,6.370409,5.196630
1568,5.994191,6.005326
1569,3.899992,3.719263
1570,4.705138,4.489228
1571,5.327528,5.252020
1572,3.316442,3.267344
1573,4.095926,4.028411
1574,4.716920,4.530118
1575,4.730488,4.261935
1576,6.408326,5.100205
1577,6.010226,5.867565
1578,3.872292,3.644093
1579,4.426693,4.379055
1580,5.085274,5.073318
1581,3.208172,3.243373
1582,3.827896,3.805809
1583,4.482018,4.605061
1584,4.726791,4.289856
1585,6.294372,5.182724
1586,5.999412,6.039266
1587,3.904746,3.736587
1588,4.647488,4.587041
1589,5.320038,5.330916
1590,3.327893,3.310014
1591,4.132259,4.057552
1592,4.716352,4.589634
1593,4.738416,4.254496
1594,6.425070,5.088895
1595,6.052646,5.890252
1596,3.851639,3.680722
1597,4.437547,4.454566
1598,5.121747,5.142529
1599,3.205293,3.281232
1600,3.818683,3.843450
1601,4.499069,4.552286
1602,4.784556,4.302100
1603,6.247306,5.145849
1604,6.024456,6.004600
1605,3.931563,3.676189
1606,4.630166,4.522725
1607,5.328385,5.264688
1608,3.310644,3.278444
1609,4.106965,4.058621
1610,4.711631,4.457247
1611,4.711547,4.257758
1612,6.427632,5.075720
1613,6.015317,5.847329
1614,3.993256,3.650886
1615,4.452334,4.385626
1616,5.121161,5.080236
1617,3.298240,3.256187
1618,3.882890,3.906180
1619,4.494737,4.605841
1620,4.911917,4.838097
1621,6.598120,5.711867
1622,6.113713,6.523073
1623,3.920391,4.083090
1624,4.713979,4.787116
1625,5.353308,5.515507
1626,3.382035,3.499644
1627,4.159742,3.986378
1628,4.734193,4.479364
1629,4.951280,4.825363
1630,6.669824,5.575814
1631,6.104067,6.381367
1632,3.999276,4.055595
1633,4.617127,4.688528
1634,5.151088,5.348550
1635,3.316969,3.485905
1636,3.920841,4.027909
1637,4.542502,4.663200
1638,4.978518,4.971307
1639,6.340510,5.733227
1640,6.120093,6.635984
1641,4.032718,4.159643
1642,4.711314,4.876151
1643,5.393368,5.547347
1644,3.367132,3.539345
1645,4.119322,4.230437
1646,4.716376,4.686787
1647,4.870930,4.908939
1648,6.629177,5.631788
1649,6.093266,6.482022
1650,4.099177,4.091149
1651,4.475467,4.718895
1652,5.157464,5.325007
1653,3.249800,3.511104
1654,3.865087,4.046824
1655,4.505051,4.593532
1656,4.876883,4.937617
1657,6.429545,5.658372
1658,6.086493,6.509072
1659,3.984833,4.163408
1660,4.702784,4.830830
1661,5.352545,5.497991
1662,3.369598,3.529816
1663,4.224150,4.009305
1664,4.698755,4.654957
1665,4.862622,4.903485
1666,6.522774,5.595323
1667,6.140274,6.392757
1668,4.029839,4.089663
1669,4.565687,4.688289
1670,5.121624,5.368781
1671,3.356155,3.491844
1672,3.939247,3.925177
1673,4.533852,4.567974
1674,4.976102,5.020355
1675,5.826035,5.790414
1676,6.021227,6.548183
1677,3.908088,4.148892
1678,4.809658,4.831616
1679,5.356577,5.524174
1680,3.457528,3.520735
1681,4.113415,4.074153
1682,4.748524,4.511343
1683,5.022564,4.962302
1684,6.639313,5.677526
1685,6.092531,6.447921
1686,3.976381,4.096499
1687,4.541897,4.699015
1688,5.151884,5.377785
1689,3.313541,3.515278
1690,3.834694,4.056529
1691,4.533938,4.621255
1692,4.988216,5.007527
1693,6.441570,5.771463
1694,6.084457,6.677646
1695,3.829930,4.172174
1696,4.652245,4.836665
1697,5.316966,5.574565
1698,3.361751,3.576814
1699,4.081766,4.091296
1700,4.696771,4.605939
1701,5.100831,4.936562
1702,6.454000,5.683420
1703,6.161116,6.486318
1704,3.966385,4.123139
1705,4.464522,4.782964
1706,5.106814,5.383187
1707,3.226839,3.549645
1708,3.864872,3.976585
1709,4.509085,4.606137
1710,4.904714,5.061004
1711,5.748966,5.752575
1712,6.008929,6.682800
1713,3.965560,4.180465
1714,4.704112,4.878809
1715,5.359740,5.594951
1716,3.381338,3.572758
1717,4.124398,4.117103
1718,4.722852,4.551466
1719,4.889320,5.022549
1720,6.668907,5.715502
1721,6.033864,6.495921
1722,4.119889,4.126038
1723,4.551946,4.731823
1724,5.154971,5.435231
1725,3.294849,3.533103
1726,3.932219,3.984983
1727,4.501281,4.661781
1728,4.821856,4.904936
1729,6.221201,5.760189
1730,6.089592,6.634983
1731,3.852150,4.130280
1732,4.647273,4.809082
1733,5.327946,5.580812
1734,3.290430,3.445594
1735,4.105175,4.031524
1736,4.668372,4.583533
1737,4.873799,4.898400
1738,6.477762,5.599852
1739,6.161980,6.503810
1740,3.935602,4.067213
1741,4.441113,4.693017
1742,5.141355,5.383217
1743,3.227472,3.453433
1744,3.837679,4.077024
1745,4.446098,4.705775
1746,4.889748,4.933766
1747,5.792400,5.762489
1748,5.962685,6.554142
1749,4.061933,4.107379
1750,4.708541,4.794801
1751,5.354070,5.514392
1752,3.370878,3.458976
1753,4.090974,4.050696
1754,4.715426,4.611241
1755,5.155184,4.860121
1756,6.611541,5.662990
1757,6.087146,6.445801
1758,4.088045,4.049550
1759,4.575025,4.653353
1760,5.148105,5.357073
1761,3.306004,3.427952
1762,3.905272,3.982557
1763,4.513384,4.543921
1764,4.924968,4.920826
1765,6.339814,5.767366
1766,6.128881,6.561427
1767,4.038148,4.096750
1768,4.827310,4.821393
1769,5.354723,5.533257
1770,3.358847,3.501983
1771,4.160694,4.011761
1772,4.716376,4.607680
1773,4.898978,4.851726
1774,6.558180,5.610513
1775,6.098171,6.513316
1776,4.070311,4.059824
1777,4.519368,4.713137
1778,5.192479,5.419828
1779,3.256104,3.430864
1780,3.861497,4.055428
1781,4.524774,4.658098
1782,5.017323,4.917583
1783,5.572391,5.713778
1784,6.011909,6.535853
1785,3.971423,4.114472
1786,4.740188,4.773351
1787,5.391722,5.480829
1788,3.393972,3.458856
1789,4.176126,3.962368
1790,4.775561,4.508988
1791,4.942849,4.912506
1792,6.673118,5.634163
1793,6.182161,6.434725
1794,4.118943,4.042543
1795,4.528405,4.667318
1796,5.148403,5.376905
1797,3.379441,3.426823
1798,3.991405,4.025895
1799,4.631101,4.650722
1800,4.954740,4.912089
1801,6.393527,5.629911
1802,6.122443,6.467456
1803,3.994065,4.097735
1804,4.886778,4.759315
1805,5.382191,5.501421
1806,3.378261,3.518298
1807,4.171649,4.056395
1808,4.651722,4.516768
1809,4.946980,4.863719
1810,6.567027,5.570010
1811,6.179181,6.449833
1812,4.056079,4.057018
1813,4.541203,4.673288
1814,5.218479,5.367601
1815,3.237073,3.484328
1816,3.884977,4.026992
1817,4.597055,4.541695
1818,5.122878,4.946869
1819,6.589169,5.776845
1820,6.149548,6.593250
1821,4.019204,4.149727
1822,4.843438,4.864749
1823,5.395455,5.582437
1824,3.362565,3.550755
1825,4.268398,4.187384
1826,4.778647,4.658681
1827,4.935237,4.909702
1828,6.670438,5.597322
1829,6.196977,6.482406
1830,4.043594,4.100365
1831,4.559826,4.710421
1832,5.219387,5.365737
1833,3.296369,3.515814
1834,3.964657,3.969376
1835,4.596179,4.587722
1836,4.976049,4.987388
1837,6.419647,5.697026
1838,6.171672,6.571242
1839,3.982992,4.133458
1840,4.779935,4.792020
1841,5.400956,5.495171
1842,3.364616,3.544341
1843,4.173733,3.982774
1844,4.754266,4.648680
1845,4.958780,4.933300
1846,6.769344,5.582859
1847,6.190494,6.418378
1848,3.980464,4.102870
1849,4.615856,4.679350
1850,5.186460,5.382012
1851,3.343420,3.466870
1852,3.904554,4.050156
1853,4.619364,4.584016
1854,4.935554,4.999168
1855,5.788913,5.753499
1856,6.012744,6.560640
1857,3.946073,4.163176
1858,4.743381,4.807042
1859,5.393917,5.532787
1860,3.405716,3.537701
1861,4.262538,4.063487
1862,4.776333,4.525270
1863,4.900027,4.974363
1864,6.627665,5.666522
1865,6.139656,6.452464
1866,4.099234,4.096741
1867,4.514281,4.744705
1868,5.185058,5.371390
1869,3.255591,3.509490
1870,3.856206,4.031009
1871,4.542762,4.554154
1872,4.974493,4.998983
1873,6.098464,5.792747
1874,6.058050,6.621924
1875,3.869142,4.188547
1876,4.745952,4.879258
1877,5.355207,5.596854
1878,3.397939,3.579114
1879,4.141896,4.129988
1880,4.705600,4.700507
1881,4.983410,4.955131
1882,6.556659,5.627584
1883,6.096331,6.508907
1884,3.914348,4.138082
1885,4.498162,4.738760
1886,5.183656,5.418723
1887,3.238930,3.545428
1888,3.921779,3.985743
1889,4.556142,4.628104
1890,4.860550,5.009982
1891,5.639687,5.788597
1892,6.006547,6.579219
1893,4.041343,4.187592
1894,4.746400,4.829512
1895,5.354397,5.560195
1896,3.379292,3.565646
1897,4.167848,4.118864
1898,4.750058,4.626710
1899,5.155875,5.036653
1900,6.617608,5.769949
1901,6.089470,6.492962
1902,4.077823,4.147528
1903,4.556489,4.696536
1904,5.154572,5.407627
1905,3.276282,3.535637
1906,3.910821,4.071182
1907,4.534543,4.585107
1908,4.812806,4.952459
1909,6.305170,5.753368
1910,6.056464,6.622494
1911,3.905403,4.071973
1912,4.848466,4.812339
1913,5.361711,5.546299
1914,3.304169,3.485556
1915,4.133798,4.080466
1916,4.697709,4.649742
1917,4.978679,4.929419
1918,6.554257,5.615179
1919,6.137928,6.512924
1920,3.906201,4.054163
1921,4.498658,4.713342
1922,5.186160,5.387728
1923,3.244646,3.423178
1924,3.879767,4.040195
1925,4.513557,4.710152
1926,4.852119,4.944800
1927,5.769664,5.729764
1928,5.954304,6.516405
1929,3.999624,4.094349
1930,4.721101,4.754644
1931,5.393807,5.508533
1932,3.394341,3.454929
1933,4.194993,4.005403
1934,4.746991,4.618230
1935,5.134024,4.935003
1936,6.634922,5.654333
1937,6.116264,6.469484
1938,3.952744,4.044261
1939,4.475367,4.695907
1940,5.113913,5.368102
1941,3.311083,3.452366
1942,3.857913,3.998240
1943,4.534370,4.597542
1944,4.913015,4.940744
1945,6.435462,5.751336
1946,6.122567,6.614572
1947,3.911994,4.110916
1948,4.745841,4.810879
1949,5.393148,5.539590
1950,3.387717,3.494421
1951,4.264344,4.010421
1952,4.776236,4.601519
1953,4.906536,4.921773
1954,6.621249,5.624300
1955,6.146206,6.533929
1956,3.954570,4.094357
1957,4.525593,4.707819
1958,5.168860,5.376307
1959,3.308979,3.474300
1960,3.886828,4.066439
1961,4.585810,4.725845
1962,4.881371,4.930312
1963,5.790358,5.724844
1964,6.012032,6.502110
1965,3.996379,4.097485
1966,4.812771,4.772714
1967,5.357231,5.496841
1968,3.362384,3.463249
1969,4.156672,3.997251
1970,4.721422,4.622005
1971,4.916015,4.936624
1972,6.648697,5.634357
1973,6.100749,6.514320
1974,3.947050,4.076256
1975,4.475864,4.689938
1976,5.154871,5.376036
1977,3.347527,3.440128
1978,3.927660,4.038590
1979,4.502995,4.565567
1980,4.852119,4.937751
1981,6.373432,5.699735
1982,6.103044,6.530686
1983,3.915013,4.100694
1984,4.737243,4.780275
1985,5.355159,5.513846
1986,3.342669,3.514118
1987,4.094731,4.063621
1988,4.730861,4.542824
1989,4.934764,4.828689
1990,6.551291,5.560768
1991,6.098416,6.448423
1992,3.984373,4.084700
1993,4.506217,4.698752
1994,5.149496,5.370084
1995,3.253175,3.478142
1996,3.857344,4.040630
1997,4.534370,4.593585
1998,4.869474,4.942944
1999,6.334593,5.748024
2000,6.112193,6.576184
2001,3.927923,4.143184
2002,4.778958,4.861859
2003,5.358867,5.553916
2004,3.393809,3.559430
2005,4.224204,4.212592
2006,4.712481,4.629278
2007,4.956065,4.913700
2008,6.553524,5.684239
2009,6.098661,6.474288
2010,4.001937,4.073685
2011,4.472484,4.733211
2012,5.149198,5.355483
2013,3.255591,3.507290
2014,3.942473,4.028705
2015,4.505823,4.657376
2016,4.994356,4.934340
2017,6.375721,5.704986
2018,6.095869,6.578804
2019,3.895952,4.144681
2020,4.724446,4.820177
2021,5.349934,5.527974
2022,3.346721,3.537586
2023,4.156985,4.019095
2024,4.744311,4.617482
2025,5.103007,4.953413
2026,6.578173,5.636007
2027,6.079575,6.506181
2028,3.996611,4.098753
2029,4.502303,4.703751
2030,5.152183,5.381919
2031,3.348872,3.478639
2032,3.862965,3.979303
2033,4.534629,4.606053
2034,4.863009,5.008914
2035,5.802888,5.787364
2036,5.976457,6.577473
2037,3.899078,4.149664
2038,4.785491,4.821341
2039,5.355596,5.543285
2040,3.354264,3.501657
2041,4.151195,4.076342
2042,4.756011,4.527617
2043,5.088889,4.977068
2044,6.665276,5.674135
2045,6.099644,6.510049
2046,4.055969,4.135140
2047,4.485837,4.711125
2048,5.154971,5.372213
2049,3.268145,3.504704
2050,3.862720,3.956725
2051,4.553883,4.574254
2052,4.886487,5.003021
2053,6.315178,5.814839
2054,6.082259,6.625103
2055,3.870654,4.213097
2056,4.648785,4.857843
2057,5.316751,5.582391
2058,3.303819,3.588036
2059,4.068340,4.109269
2060,4.672382,4.661154
2061,4.987480,4.952694
2062,6.444196,5.674237
2063,6.029387,6.567762
2064,3.899111,4.127706
2065,4.510989,4.776577
2066,5.154673,5.421410
2067,3.248272,3.539060
2068,3.900192,4.086687
2069,4.549533,4.735862
2070,4.870245,5.085463
2071,5.897402,5.800408
2072,6.003929,6.610123
2073,4.015576,4.208927
2074,4.761778,4.854194
2075,5.351021,5.572839
2076,3.365644,3.575137
2077,4.137215,4.032486
2078,4.738006,4.565380
2079,4.912061,5.002273
2080,6.559857,5.793884
2081,6.103575,6.553123
2082,4.002638,4.139434
2083,4.570936,4.745677
2084,5.152083,5.410542
2085,3.285583,3.571652
2086,3.912957,4.094053
2087,4.536271,4.693182
2088,4.806490,4.941549
2089,6.299835,5.738035
2090,6.095717,6.652501
2091,3.915603,4.140964
2092,4.740700,4.807109
2093,5.313208,5.543098
2094,3.316530,3.490556
2095,4.096355,4.092948
2096,4.699773,4.672373
2097,4.916626,4.922075
2098,6.544297,5.644427
2099,6.120948,6.532440
2100,3.968667,4.096316
2101,4.563674,4.717812
2102,5.146813,5.416081
2103,3.223893,3.415595
2104,3.866983,4.000181
2105,4.537568,4.633027
2106,4.869936,4.978297
2107,5.846699,5.790686
2108,6.010710,6.579522
2109,3.982992,4.089970
2110,4.841239,4.771727
2111,5.358322,5.514201
2112,3.374816,3.470719
2113,4.166708,4.055908
2114,4.737338,4.536009
2115,4.918513,4.903872
2116,6.631444,5.643398
2117,6.095717,6.481161
2118,3.948301,4.027086
2119,4.526095,4.615225
2120,5.201635,5.368608
2121,3.277313,3.453320
2122,3.892747,4.019752
2123,4.585072,4.639968
2124,4.995449,4.964144
2125,6.469653,5.724075
2126,6.056830,6.669265
2127,4.045700,4.129248
2128,4.882638,4.804172
2129,5.394027,5.532925
2130,3.365009,3.478422
2131,4.203089,4.086845
2132,4.770268,4.609329
2133,4.945549,4.930656
2134,6.640345,5.647008
2135,6.194731,6.594585
2136,3.991522,4.081694
2137,4.536861,4.716202
2138,5.193885,5.430392
2139,3.272765,3.474354
2140,3.908922,4.065067
2141,4.557529,4.638617
2142,4.872404,4.933904
2143,5.710311,5.731338
2144,6.017999,6.594418
2145,3.916132,4.116249
2146,4.794777,4.786346
2147,5.391722,5.494310
2148,3.376827,3.466274
2149,4.172124,3.995421
2150,4.779226,4.570424
2151,4.928755,4.922417
2152,6.605639,5.662996
2153,6.094491,6.503543
2154,4.061214,4.049373
2155,4.541809,4.692900
2156,5.151784,5.389317
2157,3.275510,3.459641
2158,3.912060,4.029351
2159,4.584636,4.554701
2160,4.789582,4.204420
2161,6.392648,5.101078
2162,6.082438,5.664945
2163,3.892179,3.684327
2164,4.705486,4.463375
2165,5.326564,4.955320
2166,3.355461,3.287951
2167,4.250061,3.894464
2168,4.737803,4.521262
2169,4.721090,4.236995
2170,6.535287,5.052101
2171,6.068882,5.644125
2172,3.889900,3.670628
2173,4.453598,4.432984
2174,5.196784,4.918096
2175,3.254043,3.293388
2176,3.927325,3.976580
2177,4.580091,4.413250
2178,4.769836,4.243781
2179,6.360303,5.188931
2180,6.081717,5.670454
2181,3.992552,3.676115
2182,4.717669,4.468352
2183,5.324636,4.963072
2184,3.368851,3.253429
2185,4.175351,3.952779
2186,4.760096,4.502307
2187,4.849811,4.222256
2188,6.439022,5.293117
2189,6.057889,5.622678
2190,3.922639,3.677891
2191,4.477749,4.441045
2192,5.205036,4.866264
2193,3.277551,3.271029
2194,3.917922,3.944691
2195,4.555943,4.401875
2196,4.736322,4.229562
2197,6.315173,5.160666
2198,6.137961,5.738759
2199,3.967438,3.776672
2200,4.732616,4.484229
2201,5.430276,5.095249
2202,3.386726,3.324569
2203,4.163991,3.987378
2204,4.828064,4.468049
2205,4.909508,4.221560
2206,6.434389,5.099823
2207,6.100766,5.757075
2208,3.998068,3.734385
2209,4.477847,4.430456
2210,5.207426,5.020481
2211,3.243454,3.314459
2212,3.904948,3.878721
2213,4.602801,4.585361
2214,4.757772,4.240882
2215,6.279754,5.225017
2216,6.123416,5.738237
2217,3.984991,3.738269
2218,4.792479,4.488784
2219,5.355505,4.986713
2220,3.395083,3.289775
2221,4.272572,3.883598
2222,4.809851,4.505097
2223,4.809491,4.244787
2224,6.526552,5.130674
2225,6.107736,5.763630
2226,4.020818,3.712945
2227,4.572299,4.416643
2228,5.194900,5.008714
2229,3.281714,3.300221
2230,3.976754,3.929339
2231,4.636289,4.549976
2232,4.773616,4.209341
2233,6.308204,5.165464
2234,6.127772,5.788485
2235,3.913047,3.778556
2236,4.790959,4.507526
2237,5.428858,5.033620
2238,3.353351,3.336216
2239,4.242273,3.917446
2240,4.849067,4.540442
2241,4.843460,4.242745
2242,6.516209,5.115744
2243,6.130680,5.761720
2244,3.917439,3.718418
2245,4.508828,4.461133
2246,5.194503,5.041020
2247,3.361171,3.312217
2248,3.904298,3.907251
2249,4.642604,4.672895
2250,4.902862,4.270017
2251,6.286546,5.251125
2252,6.126682,5.748425
2253,3.968677,3.739550
2254,4.839593,4.477450
2255,5.425262,5.017315
2256,3.421020,3.332127
2257,4.232792,3.890577
2258,4.859175,4.495607
2259,4.822978,4.283513
2260,6.551546,5.137532
2261,6.104970,5.746346
2262,3.936174,3.723285
2263,4.536184,4.431191
2264,5.205036,5.054216
2265,3.352330,3.304533
2266,3.934178,3.863598
2267,4.644537,4.518678
2268,4.849726,4.204087
2269,6.246502,5.160840
2270,6.132256,5.824720
2271,3.906271,3.727235
2272,4.889553,4.504486
2273,5.434535,5.086985
2274,3.395812,3.273514
2275,4.184598,3.873521
2276,4.838035,4.485857
2277,4.922345,4.184378
2278,6.492922,5.085884
2279,6.097887,5.917306
2280,4.019085,3.701531
2281,4.536382,4.469547
2282,5.234078,5.123279
2283,3.297626,3.284676
2284,3.910856,3.951326
2285,4.662882,4.622112
2286,4.980082,4.275028
2287,6.254670,5.152759
2288,6.175523,5.779469
2289,3.929390,3.711955
2290,4.790824,4.459303
2291,5.468645,5.000834
2292,3.399404,3.277633
2293,4.274854,3.856210
2294,4.890666,4.480395
2295,4.848419,4.182559
2296,6.525643,5.117160
2297,6.156908,5.873013
2298,3.935099,3.653282
2299,4.637170,4.374485
2300,5.226889,5.129748
2301,3.271123,3.238818
2302,3.917349,3.831025
2303,4.615431,4.540697
2304,4.836916,4.208591
2305,6.303453,5.187296
2306,6.126198,5.838877
2307,4.018277,3.773976
2308,4.726409,4.513744
2309,5.434862,5.021123
2310,3.402658,3.296107
2311,4.226442,3.887337
2312,4.791953,4.483545
2313,4.883265,4.191082
2314,6.501748,5.101366
2315,6.098846,5.952319
2316,3.883049,3.703826
2317,4.506176,4.466045
2318,5.206629,5.200614
2319,3.192733,3.292691
2320,3.863555,3.899007
2321,4.578448,4.607124
2322,4.735020,4.246972
2323,6.263855,5.211966
2324,6.081476,5.779725
2325,3.972668,3.700502
2326,4.732767,4.446712
2327,5.325171,5.035694
2328,3.354417,3.267819
2329,4.185449,3.855851
2330,4.768390,4.433879
2331,5.010301,4.192325
2332,6.459637,5.098086
2333,6.063142,5.878462
2334,3.900387,3.655357
2335,4.535670,4.426618
2336,5.201851,5.164267
2337,3.340695,3.208376
2338,3.858266,3.896734
2339,4.550266,4.537505
2340,5.062561,4.788780
2341,6.469472,5.703542
2342,6.146784,6.517600
2343,3.934255,4.090970
2344,4.732789,4.778548
2345,5.388541,5.443708
2346,3.391670,3.493820
2347,4.198870,4.048603
2348,4.735813,4.673956
2349,4.963580,4.802713
2350,6.658025,5.559967
2351,6.193858,6.470434
2352,4.065358,4.083864
2353,4.582911,4.694414
2354,5.186561,5.397633
2355,3.276705,3.502018
2356,3.961435,4.044442
2357,4.560307,4.689506
2358,5.001251,4.898286
2359,6.389135,5.826064
2360,6.122195,6.572641
2361,4.074050,4.114449
2362,4.860823,4.826807
2363,5.364001,5.462641
2364,3.368273,3.499140
2365,4.147718,4.074418
2366,4.776429,4.592528
2367,4.951120,4.892382
2368,6.741331,5.652625
2369,6.186014,6.478894
2370,3.946481,4.089582
2371,4.536055,4.717266
2372,5.185058,5.382978
2373,3.332790,3.503737
2374,3.949185,4.063822
2375,4.606723,4.571245
2376,4.871016,4.893139
2377,6.575755,5.742250
2378,6.146909,6.578666
2379,3.964789,4.103448
2380,4.749871,4.800803
2381,5.391831,5.432982
2382,3.357147,3.519062
2383,4.141802,4.085205
2384,4.757133,4.672377
2385,4.921659,4.887522
2386,6.644518,5.625233
2387,6.153266,6.490499
2388,4.046560,4.090332
2389,4.524891,4.696513
2390,5.202139,5.395219
2391,3.279807,3.517566
2392,3.947081,4.057234
2393,4.564739,4.642617
2394,4.869474,4.937195
2395,5.871643,5.827851
2396,5.993598,6.591296
2397,3.929275,4.115781
2398,4.787708,4.809780
2399,5.390405,5.456667
2400,3.489184,3.516391
2401,4.174450,4.081271
2402,4.775851,4.565763
2403,4.903775,4.929421
2404,6.644138,5.718596
2405,6.144722,6.498090
2406,4.098382,4.108304
2407,4.545001,4.740854
2408,5.183356,5.412879
2409,3.235241,3.534728
2410,3.907850,3.966442
2411,4.555709,4.572254
2412,4.825183,4.936638
2413,6.317598,5.808317
2414,6.090939,6.661750
2415,3.962169,4.148693
2416,4.658855,4.858005
2417,5.352718,5.508217
2418,3.327654,3.530020
2419,4.103062,4.011286
2420,4.741599,4.732380
2421,4.905808,4.872917
2422,6.442768,5.689282
2423,6.178064,6.572295
2424,3.958527,4.157793
2425,4.586207,4.762887
2426,5.189167,5.435423
2427,3.242998,3.534271
2428,3.889383,4.083912
2429,4.557356,4.641187
2430,4.933339,4.952806
2431,5.850666,5.868129
2432,6.033576,6.652206
2433,3.920166,4.136950
2434,4.883621,4.864497
2435,5.351240,5.496099
2436,3.385515,3.533708
2437,4.255102,4.102034
2438,4.774984,4.618768
2439,5.177739,4.931898
2440,6.672734,5.758823
2441,6.149053,6.561766
2442,4.016278,4.144014
2443,4.498008,4.739798
2444,5.150093,5.451716
2445,3.356516,3.491059
2446,3.902652,4.019121
2447,4.530832,4.593701
2448,4.890041,4.830281
2449,6.441210,5.782592
2450,6.090327,6.657194
2451,3.959656,4.121281
2452,4.650622,4.835307
2453,5.355098,5.465831
2454,3.338675,3.465642
2455,4.093605,4.096981
2456,4.694147,4.669337
2457,4.948095,4.854051
2458,6.488969,5.688743
2459,6.199599,6.567229
2460,3.897458,4.083401
2461,4.511188,4.730456
2462,5.159060,5.430171
2463,3.177140,3.479686
2464,3.866659,4.066008
2465,4.556749,4.728352
2466,4.879049,4.915627
2467,5.775403,5.773132
2468,6.004762,6.600169
2469,3.994875,4.101191
2470,4.748975,4.755412
2471,5.355378,5.426516
2472,3.398586,3.451527
2473,4.144099,3.959837
2474,4.748620,4.559174
2475,4.953830,4.877502
2476,6.719974,5.671698
2477,6.096699,6.509655
2478,4.110473,4.054084
2479,4.491131,4.700264
2480,5.150093,5.405107
2481,3.250975,3.450556
2482,3.882728,3.973295
2483,4.511664,4.580341
2484,4.887419,4.873577
2485,6.334836,5.774286
2486,6.113550,6.665730
2487,4.021430,4.117933
2488,4.744387,4.817445
2489,5.394137,5.524553
2490,3.403305,3.474644
2491,4.201737,4.097142
2492,4.737243,4.721664
2493,4.971921,4.835064
2494,6.642810,5.675030
2495,6.150539,6.599878
2496,3.966134,4.057469
2497,4.508211,4.735473
2498,5.156367,5.452382
2499,3.275255,3.467131
2500,3.897733,4.062199
2501,4.536357,4.746419
2502,4.890059,4.943651
2503,5.779135,5.800787
2504,5.983684,6.621606
2505,4.052028,4.100259
2506,4.800722,4.767133
2507,5.389527,5.434294
2508,3.354984,3.462008
2509,4.182810,3.964283
2510,4.717613,4.625804
2511,5.137281,4.905776
2512,6.606765,5.664221
2513,6.141509,6.521129
2514,3.953201,4.058599
2515,4.504405,4.673697
2516,5.152183,5.406894
2517,3.254869,3.439711
2518,3.981278,4.045053
2519,4.570574,4.671098
2520,4.935871,4.772726
2521,6.635797,5.702639
2522,6.150153,6.550815
2523,3.928204,4.086328
2524,4.737131,4.782250
2525,5.389747,5.386917
2526,3.388636,3.496785
2527,4.144054,4.011274
2528,4.730386,4.659342
2529,5.113716,4.815665
2530,6.635039,5.748001
2531,6.195355,6.407097
2532,4.073088,4.059942
2533,4.528003,4.692745
2534,5.156168,5.383073
2535,3.359854,3.467782
2536,3.969501,4.019012
2537,4.528333,4.676782
2538,5.025731,4.927948
2539,6.315869,5.822344
2540,6.115400,6.596928
2541,4.009274,4.089517
2542,4.734903,4.838397
2543,5.357885,5.452244
2544,3.481894,3.493650
2545,4.184820,4.106767
2546,4.750921,4.666954
2547,4.907060,4.915511
2548,6.596458,5.724963
2549,6.134352,6.536389
2550,4.010789,4.108384
2551,4.636744,4.750978
2552,5.162256,5.424915
2553,3.381120,3.502172
2554,3.998644,3.974887
2555,4.559612,4.565934
2556,4.929861,4.849037
2557,6.562765,5.751271
2558,6.130866,6.591534
2559,4.036848,4.149491
2560,4.709982,4.799411
2561,5.389308,5.451032
2562,3.342067,3.513488
2563,4.145327,4.041950
2564,4.743259,4.686217
2565,4.895038,4.887703
2566,6.562096,5.626812
2567,6.207980,6.498879
2568,3.942392,4.089029
2569,4.552447,4.714743
2570,5.144231,5.390476
2571,3.264475,3.493426
2572,3.878637,3.947588
2573,4.541029,4.709075
2574,4.917255,4.935507
2575,5.818609,5.844083
2576,6.029134,6.590946
2577,4.018970,4.161560
2578,4.763919,4.802021
2579,5.402387,5.400654
2580,3.364919,3.472816
2581,4.162726,3.974409
2582,4.781350,4.674273
2583,4.951757,4.967185
2584,6.707956,5.696483
2585,5.996534,6.508123
2586,3.944208,4.120074
2587,4.527903,4.761942
2588,5.195897,5.354496
2589,3.273708,3.511719
2590,3.973254,3.954316
2591,4.533766,4.690220
2592,4.836712,4.946393
2593,6.319848,5.834313
2594,6.065701,6.677116
2595,3.906067,4.188146
2596,4.697125,4.867075
2597,5.354558,5.497080
2598,3.323761,3.561868
2599,4.115312,4.134176
2600,4.731173,4.704687
2601,5.091083,4.945449
2602,6.495312,5.713288
2603,6.133736,6.586700
2604,3.959656,4.128327
2605,4.517379,4.776955
2606,5.198815,5.460246
2607,3.185119,3.553732
2608,3.920176,4.041029
2609,4.560219,4.630661
2610,4.881526,4.983873
2611,5.894562,5.895844
2612,5.989096,6.656502
2613,4.018852,4.178052
2614,4.767755,4.862228
2615,5.390295,5.493668
2616,3.384874,3.533192
2617,4.174791,4.017395
2618,4.749962,4.697845
2619,4.910954,5.000851
2620,6.611273,5.756013
2621,6.092776,6.571698
2622,3.953429,4.143486
2623,4.609306,4.780709
2624,5.189970,5.436435
2625,3.273880,3.539502
2626,3.971282,4.085044
2627,4.540336,4.675919
2628,4.789880,4.871771
2629,6.529047,5.788879
2630,6.093021,6.680584
2631,3.835003,4.124464
2632,4.747299,4.791910
2633,5.351096,5.477017
2634,3.362023,3.485318
2635,4.117377,4.077736
2636,4.723148,4.698431
2637,5.051092,4.871340
2638,6.545218,5.666851
2639,6.125492,6.569878
2640,3.877953,4.074341
2641,4.544899,4.738506
2642,5.220092,5.435062
2643,3.328116,3.451445
2644,3.926799,3.959382
2645,4.555622,4.724075
2646,5.000037,4.951797
2647,5.805100,5.791166
2648,6.014415,6.653769
2649,4.008574,4.108607
2650,4.740142,4.787086
2651,5.391283,5.418767
2652,3.392222,3.443791
2653,4.180707,4.041680
2654,4.715141,4.659853
2655,4.946504,4.905480
2656,6.682129,5.691726
2657,6.090816,6.555427
2658,4.118820,4.047309
2659,4.630326,4.716447
2660,5.201030,5.409917
2661,3.364616,3.431231
2662,3.905542,4.023510
2663,4.567350,4.633193
2664,5.017159,4.927711
2665,6.354395,5.876973
2666,6.118981,6.713794
2667,3.940774,4.132405
2668,4.818761,4.837376
2669,5.355487,5.498334
2670,3.386708,3.479162
2671,4.170223,3.999122
2672,4.774406,4.622307
2673,4.897687,4.832371
2674,6.621215,5.669430
2675,6.144845,6.583503
2676,3.976842,4.064404
2677,4.539485,4.700703
2678,5.186460,5.454348
2679,3.262941,3.469155
2680,3.957963,4.055714
2681,4.540250,4.680224
2682,4.868703,4.897141
2683,5.534393,5.775381
2684,6.020749,6.636095
2685,4.002990,4.123399
2686,4.784335,4.789301
2687,5.391831,5.436614
2688,3.362656,3.457362
2689,4.165095,4.042701
2690,4.805539,4.578535
2691,5.141745,4.844913
2692,6.642430,5.709083
2693,6.095350,6.548964
2694,4.001639,4.061809
2695,4.523186,4.696646
2696,5.151983,5.415010
2697,3.281873,3.443933
2698,3.891101,4.025461
2699,4.535666,4.619342
2700,5.066896,4.807363
2701,6.436348,5.703601
2702,6.137074,6.558431
2703,3.908646,4.076341
2704,4.697151,4.791866
2705,5.383284,5.423294
2706,3.358049,3.473219
2707,4.162442,3.952541
2708,4.761248,4.586634
2709,4.936979,4.844578
2710,6.624079,5.571095
2711,6.134969,6.471844
2712,3.962283,4.049980
2713,4.536256,4.690234
2714,5.175861,5.329620
2715,3.278946,3.473655
2716,3.894045,3.962766
2717,4.565086,4.671015
2718,4.847838,4.927173
2719,6.501823,5.807682
2720,6.136328,6.610866
2721,4.049767,4.111163
2722,4.702453,4.823471
2723,5.393917,5.457614
2724,3.408967,3.495387
2725,4.253420,4.088241
2726,4.779805,4.594513
2727,4.964540,4.912477
2728,6.643000,5.712829
2729,6.143362,6.528301
2730,3.936532,4.087738
2731,4.556893,4.721944
2732,5.203550,5.395164
2733,3.276969,3.495823
2734,3.935087,4.064294
2735,4.587953,4.672284
2736,4.905965,4.823172
2737,6.350456,5.792697
2738,6.173331,6.579496
2739,3.978856,4.118414
2740,4.742822,4.809687
2741,5.353743,5.446133
2742,3.396739,3.484057
2743,4.225614,4.053339
2744,4.764122,4.672709
2745,5.107605,4.886537
2746,6.564247,5.598080
2747,6.132997,6.512483
2748,4.060856,4.088747
2749,4.534039,4.704755
2750,5.147210,5.382526
2751,3.298588,3.496408
2752,3.959322,4.036017
2753,4.533506,4.703818
2754,4.910663,4.954913
2755,5.587385,5.842406
2756,6.031894,6.620830
2757,3.926347,4.128139
2758,4.707987,4.799077
2759,5.356141,5.473598
2760,3.401453,3.518326
2761,4.248481,4.014747
2762,4.716376,4.589592
2763,4.997277,4.911457
2764,6.694247,5.711050
2765,6.137928,6.512536
2766,4.059422,4.135391
2767,4.531220,4.730481
2768,5.182255,5.419855
2769,3.290420,3.506207
2770,3.927825,4.063104
2771,4.587865,4.701568
2772,4.859783,4.893641
2773,6.381422,5.826965
2774,6.125614,6.678469
2775,3.874704,4.174804
2776,4.753934,4.841844
2777,5.313960,5.494951
2778,3.330935,3.536104
2779,4.139326,4.025611
2780,4.733065,4.725940
2781,4.914427,4.906838
2782,6.623116,5.688058
2783,6.175336,6.595016
2784,3.900103,4.089386
2785,4.505511,4.775075
2786,5.209527,5.471393
2787,3.226556,3.512897
2788,3.913797,4.097618
2789,4.594163,4.746523
2790,5.020360,4.979433
2791,5.733399,5.886020
2792,6.100407,6.660095
2793,3.950141,4.179324
2794,4.773969,4.844294
2795,5.387664,5.488486
2796,3.403858,3.499127
2797,4.223634,4.110328
2798,4.775754,4.695177
2799,4.951120,4.945473
2800,6.692321,5.761443
2801,6.087636,6.545488
2802,4.048104,4.148023
2803,4.536055,4.755207
2804,5.195394,5.412122
2805,3.258688,3.555993
2806,3.909912,3.974676
2807,4.588564,4.602646
2808,4.792118,4.839511
2809,6.506033,5.751365
2810,6.089837,6.678827
2811,3.896027,4.111808
2812,4.713578,4.827009
2813,5.357265,5.497315
2814,3.329614,3.453224
2815,4.152693,3.978748
2816,4.749556,4.612718
2817,4.906434,4.855753
2818,6.431542,5.659287
2819,6.170754,6.568490
2820,4.006246,4.053308
2821,4.542316,4.741873
2822,5.245471,5.408088
2823,3.268495,3.463622
2824,3.919468,4.050674
2825,4.592762,4.705657
2826,4.900087,4.878524
2827,5.853022,5.792242
2828,6.096056,6.621642
2829,3.996727,4.081264
2830,4.783206,4.795146
2831,5.388650,5.431167
2832,3.390006,3.438030
2833,4.245809,4.038835
2834,4.798856,4.661224
2835,4.985940,4.902255
2836,6.729499,5.667761
2837,6.199849,6.539066
2838,4.051790,4.051204
2839,4.530617,4.706359
2840,5.191576,5.401922
2841,3.419848,3.434403
2842,3.905954,3.926035
2843,4.586905,4.685487
2844,4.890658,4.921952
2845,6.551856,5.809456
2846,6.206602,6.704561
2847,4.026596,4.124108
2848,4.770373,4.832405
2849,5.387226,5.469189
2850,3.378624,3.449511
2851,4.221116,3.979383
2852,4.798953,4.683772
2853,5.154214,4.889148
2854,6.660122,5.665821
2855,6.215378,6.540739
2856,4.113661,4.059907
2857,4.665640,4.708299
2858,5.257736,5.433039
2859,3.315929,3.451807
2860,3.986678,4.041943
2861,4.619100,4.686545
2862,5.134074,4.910669
2863,5.829840,5.806007
2864,6.112040,6.652506
2865,3.930515,4.116345
2866,4.768690,4.788887
2867,5.387883,5.434147
2868,3.385991,3.434412
2869,4.225657,4.041364
2870,4.799727,4.644603
2871,4.948253,4.900229
2872,6.660694,5.698381
2873,6.190494,6.554604
2874,4.043120,4.044463
2875,4.526196,4.688093
2876,5.217472,5.414905
2877,3.298819,3.421038
2878,3.916528,4.023366
2879,4.583066,4.702625
0,4.896510,4.389547
1,6.354554,5.153217
2,6.012386,5.646688
3,3.948106,3.828360
4,4.672897,4.503824
5,5.299832,4.957127
6,3.343676,3.424705
7,4.104063,4.062772
8,4.730005,4.444966
9,4.956543,4.259393
10,6.384541,5.018542
11,6.058884,5.469280
12,3.949439,3.766132
13,4.421995,4.460258
14,5.108263,4.859448
15,3.224159,3.413927
16,3.827001,3.918988
17,4.465038,4.433801
18,4.719931,4.419363
19,6.442946,5.172058
20,6.016977,5.662680
21,3.927981,3.825233
22,4.758506,4.539348
23,5.262120,4.999413
24,3.445615,3.432749
25,4.086627,4.089075
26,4.700077,4.444474
27,4.721272,4.329212
28,6.658277,5.181266
29,6.018044,5.527184
30,4.017665,3.784221
31,4.443171,4.439979
32,5.099277,4.868985
33,3.268526,3.429396
34,3.822124,4.015670
35,4.476338,4.416471
36,4.691719,4.350208
37,6.183045,5.125097
38,6.017759,5.681795
39,3.857900,3.837044
40,4.610496,4.524899
41,5.305175,5.044912
42,3.341410,3.439012
43,4.053814,4.041187
44,4.676133,4.454283
45,4.873021,4.322439
46,6.460666,5.064108
47,6.055279,5.614779
48,3.971066,3.810349
49,4.405739,4.470232
50,5.116496,5.008500
51,3.211074,3.443278
52,3.853281,3.991285
53,4.480745,4.595955
54,4.688792,4.434708
55,5.772550,5.177876
56,5.976929,5.731578
57,3.840917,3.835163
58,4.638434,4.562388
59,5.304213,5.057050
60,3.362575,3.480431
61,4.187912,4.078423
62,4.716187,4.500143
63,4.958141,4.402151
64,6.531451,5.176842
65,6.028738,5.678687
66,3.830469,3.859387
67,4.412208,4.464299
68,5.104156,5.037433
69,3.249454,3.464233
70,3.819330,3.874866
71,4.491373,4.593032
72,4.704831,4.363050
73,6.180711,5.182072
74,6.070810,5.692734
75,3.905293,3.846013
76,4.700021,4.570002
77,5.270501,5.068394
78,3.343748,3.474430
79,4.104913,4.071554
80,4.693287,4.467269
81,4.786899,4.323957
82,6.409209,5.094440
83,6.084844,5.668546
84,3.907173,3.839988
85,4.543528,4.460803
86,5.109633,5.026976
87,3.190538,3.454378
88,3.838646,3.989451
89,4.478795,4.611944
90,4.773384,4.457253
91,6.279777,5.199041
92,6.050480,5.693893
93,3.907838,3.881579
94,4.606007,4.576038
95,5.302075,5.053190
96,3.316875,3.476823
97,4.081399,4.079545
98,4.686987,4.494217
99,4.985293,4.431671
100,6.352204,5.200833
101,6.022079,5.675331
102,3.880632,3.830534
103,4.460494,4.517929
104,5.090710,5.024583
105,3.188491,3.486001
106,3.864842,4.019785
107,4.474815,4.676275
108,4.693866,4.350613
109,6.214500,5.194421
110,6.066950,5.939418
111,3.903744,3.832937
112,4.750030,4.551198
113,5.309349,5.194751
114,3.298030,3.433368
115,4.115116,4.063579
116,4.689900,4.583080
117,4.795853,4.320180
118,6.513018,5.105711
119,6.047364,5.861974
120,3.850634,3.798162
121,4.484870,4.478107
122,5.119542,5.106769
123,3.251076,3.413095
124,3.823641,3.978583
125,4.450260,4.597501
126,4.743653,4.387998
127,6.264775,5.207938
128,6.056480,5.862521
129,3.830927,3.839828
130,4.684170,4.545012
131,5.310206,5.196023
132,3.312365,3.418966
133,4.161211,4.057418
134,4.677614,4.572892
135,4.807542,4.325209
136,6.466660,5.125828
137,6.055147,5.824665
138,3.902751,3.809001
139,4.388741,4.456035
140,5.135660,5.095819
141,3.281615,3.418999
142,3.821245,3.966031
143,4.478202,4.633198
144,4.861012,4.392380
145,6.329728,5.172248
146,6.062011,5.945423
147,3.926796,3.868893
148,4.641879,4.555039
149,5.300260,5.214226
150,3.355164,3.436010
151,4.121459,4.081115
152,4.692722,4.575350
153,5.047657,4.324075
154,6.408298,5.133239
155,6.087613,5.881083
156,3.963080,3.817212
157,4.445333,4.499262
158,5.117085,5.088206
159,3.250722,3.411403
160,3.798551,4.003333
161,4.483121,4.672598
162,4.718338,4.413985
163,6.484285,5.243101
164,6.046406,5.907404
165,3.913492,3.848670
166,4.665485,4.569326
167,5.309670,5.205444
168,3.341085,3.435452
169,4.071344,4.066639
170,4.723548,4.413141
171,4.863931,4.342937
172,6.457793,5.163471
173,6.074513,5.840389
174,3.916382,3.817923
175,4.515039,4.472910
176,5.099764,5.110489
177,3.288608,3.422022
178,3.835185,3.945743
179,4.472194,4.620450
180,4.890215,4.991923
181,6.317252,5.673514
182,6.127789,6.427265
183,3.948529,4.223306
184,4.698820,4.805881
185,5.338300,5.378905
186,3.402268,3.643254
187,4.106032,4.096467
188,4.708592,4.577003
189,4.922831,4.950829
190,6.441390,5.597418
191,6.131238,6.333104
192,3.951946,4.170799
193,4.460303,4.704605
194,5.169261,5.271072
195,3.254653,3.611724
196,3.871303,4.031396
197,4.516313,4.626812
198,4.992087,5.133427
199,6.428471,5.836473
200,6.181696,6.548380
201,3.983208,4.276048
202,4.842967,4.901659
203,5.373521,5.480026
204,3.386832,3.647373
205,4.140904,4.219861
206,4.712615,4.667974
207,5.096201,5.076225
208,6.530712,5.741374
209,6.170942,6.427724
210,3.951854,4.259556
211,4.608324,4.790871
212,5.184840,5.344836
213,3.283819,3.680012
214,3.822631,4.152664
215,4.501428,4.681272
216,4.927334,5.016964
217,6.356228,5.736803
218,6.145193,6.452328
219,3.974248,4.235475
220,4.703603,4.829874
221,5.333400,5.407464
222,3.371427,3.667184
223,4.091857,4.095238
224,4.692551,4.585267
225,4.926167,5.037195
226,6.527948,5.679173
227,6.204025,6.392335
228,4.028298,4.231788
229,4.604473,4.738502
230,5.144402,5.290488
231,3.294531,3.637424
232,3.915289,4.093180
233,4.486920,4.612888
234,5.052011,5.172990
235,6.476278,5.843307
236,6.219068,6.542758
237,3.967328,4.305492
238,4.744150,4.865953
239,5.372306,5.476172
240,3.386553,3.693636
241,4.153735,4.133189
242,4.741231,4.609780
243,4.985363,5.096819
244,6.629014,5.804193
245,6.134789,6.489794
246,3.937927,4.279468
247,4.516933,4.820926
248,5.165266,5.393682
249,3.316964,3.678807
250,3.885597,4.092841
251,4.508327,4.686247
252,4.855354,5.125771
253,6.312932,5.859056
254,6.182778,6.590678
255,3.976381,4.325880
256,4.810930,4.912146
257,5.341354,5.506136
258,3.327893,3.710371
259,4.155504,4.185369
260,4.711342,4.616643
261,4.938277,5.124708
262,6.509160,5.754529
263,6.182670,6.537807
264,3.869910,4.281220
265,4.446124,4.845043
266,5.167158,5.395783
267,3.273091,3.686961
268,3.833830,4.155216
269,4.488290,4.704389
270,4.994496,5.164550
271,6.628443,5.902868
272,6.143646,6.636429
273,4.005310,4.368855
274,4.738379,4.935739
275,5.377168,5.563200
276,3.389272,3.735999
277,4.059708,4.219023
278,4.708513,4.675567
279,5.017058,5.180317
280,6.629204,5.857460
281,6.233281,6.606575
282,4.093053,4.339143
283,4.576031,4.864597
284,5.157623,5.457036
285,3.332178,3.728243
286,3.904483,4.190896
287,4.475874,4.679887
288,4.895038,5.134282
289,6.334577,5.797544
290,6.131412,6.641378
291,4.003574,4.259914
292,4.712641,4.857869
293,5.341899,5.503885
294,3.386408,3.637415
295,4.104353,4.132559
296,4.689807,4.699027
297,5.109155,5.086142
298,6.492066,5.743239
299,6.182670,6.547135
300,3.974304,4.235712
301,4.497962,4.810245
302,5.171968,5.406688
303,3.239571,3.618662
304,3.886355,4.080750
305,4.518899,4.739602
306,4.969136,5.127374
307,6.413463,5.911504
308,6.175857,6.557153
309,4.059023,4.292915
310,4.797658,4.860295
311,5.373852,5.467553
312,3.356355,3.635566
313,4.103541,4.161524
314,4.718639,4.666461
315,5.012079,5.111221
316,6.764738,5.796519
317,6.175847,6.513852
318,4.064967,4.233654
319,4.488431,4.781791
320,5.159129,5.396101
321,3.298993,3.628998
322,3.869040,4.112416
323,4.508586,4.684269
324,4.844569,5.156137
325,6.315884,5.892419
326,6.176351,6.674167
327,3.917642,4.285109
328,4.783431,4.891960
329,5.306561,5.522978
330,3.349699,3.662886
331,4.151114,4.163206
332,4.718946,4.704507
333,4.889952,5.050529
334,6.483739,5.809933
335,6.172297,6.597137
336,3.983897,4.265242
337,4.543286,4.826506
338,5.142704,5.397162
339,3.237022,3.641235
340,3.816459,4.153108
341,4.501772,4.725966
342,4.942753,5.161570
343,6.402047,5.903306
344,6.120844,6.613475
345,3.917127,4.247484
346,4.706757,4.875913
347,5.368555,5.473516
348,3.362666,3.634759
349,4.077051,4.126412
350,4.699188,4.647420
351,5.042999,5.111660
352,6.532623,5.837565
353,6.176980,6.581064
354,3.942438,4.239681
355,4.557262,4.796681
356,5.113039,5.410567
357,3.364305,3.611370
358,3.880851,4.132960
359,4.473819,4.689504
360,5.109640,4.993724
361,6.409812,5.693666
362,6.090498,6.457209
363,3.956063,4.236151
364,4.684748,4.766615
365,5.340263,5.383406
366,3.321131,3.667223
367,4.113415,4.109523
368,4.683196,4.616812
369,5.115317,4.980030
370,6.486290,5.571413
371,6.180167,6.348404
372,3.945004,4.220664
373,4.458911,4.718899
374,5.144701,5.280744
375,3.211437,3.605182
376,3.852874,4.081881
377,4.497469,4.571719
378,4.971078,5.151044
379,6.580490,5.817151
380,6.143646,6.531044
381,3.916040,4.224852
382,4.732623,4.873591
383,5.369327,5.433890
384,3.347412,3.692766
385,4.079674,4.215906
386,4.708322,4.666266
387,5.216515,5.140802
388,6.460565,5.778866
389,6.236336,6.435244
390,3.944750,4.263611
391,4.568192,4.782951
392,5.162749,5.375711
393,3.349699,3.678231
394,3.888909,4.145391
395,4.521061,4.658948
396,4.864017,5.060432
397,6.429909,5.783974
398,6.103075,6.481858
399,4.006432,4.304054
400,4.805960,4.811931
401,5.335358,5.424163
402,3.329677,3.661102
403,4.087760,4.139012
404,4.714380,4.619525
405,4.914907,5.047706
406,6.627476,5.699879
407,6.146161,6.384243
408,3.892477,4.234565
409,4.548245,4.721407
410,5.136223,5.310866
411,3.273349,3.655308
412,3.808126,4.049504
413,4.489575,4.643147
414,4.942593,5.146107
415,6.385446,5.888007
416,6.130524,6.560419
417,4.026589,4.325259
418,4.734653,4.867077
419,5.373631,5.496999
420,3.322755,3.709689
421,4.115592,4.165326
422,4.689937,4.638793
423,5.060383,5.146221
424,6.785066,5.855250
425,6.180382,6.529336
426,4.073242,4.287777
427,4.501058,4.816136
428,5.152607,5.401957
429,3.284340,3.698587
430,3.858677,4.122270
431,4.502547,4.651000
432,4.990306,5.101579
433,6.586632,5.894400
434,6.144565,6.602449
435,3.941778,4.311088
436,4.774476,4.901432
437,5.341136,5.528570
438,3.333072,3.724586
439,4.069702,4.177806
440,4.686782,4.666569
441,5.086346,5.104825
442,6.696753,5.780094
443,6.124175,6.493528
444,3.901242,4.317145
445,4.457023,4.801156
446,5.109664,5.396622
447,3.236683,3.719244
448,3.822962,4.146926
449,4.498760,4.674422
450,5.120808,5.215476
451,6.539712,5.981885
452,6.122979,6.645628
453,3.988405,4.396637
454,4.747664,4.928578
455,5.374846,5.534400
456,3.379869,3.757791
457,4.151527,4.199088
458,4.673631,4.642319
459,4.976040,5.166961
460,6.638672,5.905745
461,6.191368,6.512763
462,3.931432,4.333501
463,4.582321,4.902000
464,5.125886,5.452926
465,3.291651,3.728603
466,3.822154,4.186187
467,4.482049,4.709280
468,4.937297,5.119233
469,6.338786,5.855364
470,6.100081,6.605904
471,3.857908,4.272091
472,4.729355,4.857127
473,5.342009,5.487653
474,3.368593,3.641310
475,4.059641,4.138449
476,4.637585,4.661839
477,5.002679,5.087431
478,6.483611,5.827811
479,6.122195,6.581412
480,3.899666,4.240794
481,4.450478,4.801704
482,5.131844,5.364493
483,3.233483,3.614514
484,3.825390,4.069096
485,4.472023,4.655121
486,5.166207,5.175199
487,6.348577,5.920828
488,6.135312,6.607762
489,4.076245,4.275229
490,4.789092,4.854633
491,5.376947,5.486183
492,3.360062,3.622947
493,4.110571,4.080736
494,4.714430,4.625575
495,5.242849,5.174942
496,6.676384,5.859343
497,6.189850,6.555643
498,3.960701,4.223382
499,4.486619,4.782105
500,5.161844,5.334681
501,3.305314,3.611807
502,3.919726,4.100596
503,4.485831,4.606317
504,4.968709,5.088664
505,6.351443,5.877768
506,6.103075,6.640201
507,3.987994,4.273221
508,4.662944,4.890289
509,5.338845,5.498611
510,3.322035,3.636524
511,4.060565,4.151319
512,4.692456,4.656771
513,5.017146,5.116374
514,6.516511,5.795505
515,6.136825,6.563637
516,3.909821,4.266274
517,4.479986,4.819767
518,5.132441,5.413221
519,3.227207,3.636478
520,3.828875,4.146764
521,4.470741,4.709819
522,4.966227,5.186422
523,6.398470,5.886232
524,6.165349,6.642237
525,4.005842,4.283500
526,4.722297,4.859509
527,5.334352,5.454831
528,3.323565,3.626898
529,4.159698,4.143845
530,4.678833,4.644935
531,5.064580,5.145677
532,6.645814,6.007268
533,6.177484,6.513519
534,3.981110,4.245575
535,4.485009,4.803576
536,5.131784,5.397943
537,3.292796,3.619164
538,3.869957,4.108064
539,4.477159,4.678098
540,5.000688,4.985320
541,6.324430,5.708344
542,6.138670,6.407062
543,3.931192,4.213161
544,4.715661,4.772793
545,5.342555,5.371039
546,3.347713,3.649651
547,4.053099,4.102359
548,4.686594,4.565821
549,4.887217,4.954494
550,6.460866,5.648023
551,6.180042,6.338304
552,3.965676,4.239450
553,4.483802,4.729651
554,5.132639,5.277735
555,3.213815,3.627215
556,3.858948,4.075108
557,4.490260,4.595151
558,5.155391,5.152277
559,6.424317,5.850750
560,6.126875,6.572594
561,4.052495,4.291732
562,4.680011,4.827754
563,5.375731,5.447722
564,3.336129,3.700948
565,4.103204,4.192595
566,4.654392,4.637942
567,4.967873,5.120968
568,6.596792,5.795165
569,6.132912,6.440534
570,4.047053,4.271422
571,4.489741,4.812593
572,5.156619,5.368895
573,3.284561,3.690008
574,3.873153,4.120597
575,4.502978,4.654476
576,5.039510,5.086401
577,6.423416,5.698374
578,6.128163,6.432497
579,4.007205,4.270033
580,4.659311,4.800100
581,5.334379,5.402640
582,3.334958,3.612876
583,4.092137,4.088699
584,4.695962,4.577245
585,4.921502,5.053328
586,6.638070,5.682522
587,6.083784,6.423999
588,3.952174,4.258165
589,4.499671,4.748072
590,5.134032,5.297830
591,3.223406,3.649583
592,3.800874,4.082918
593,4.486493,4.594932
594,5.155739,5.144861
595,6.374959,5.889201
596,6.135059,6.578013
597,4.036013,4.320824
598,4.736685,4.873361
599,5.371865,5.461079
600,3.353175,3.701359
601,4.102261,4.160821
602,4.717299,4.592743
603,5.037176,5.171226
604,6.533182,5.821824
605,6.184923,6.521198
606,3.972460,4.308805
607,4.488633,4.820139
608,5.164360,5.370221
609,3.254280,3.688919
610,3.824910,4.076678
611,4.503840,4.645778
612,4.983085,5.141920
613,6.610026,5.889229
614,6.175470,6.645381
615,3.846741,4.328548
616,4.717340,4.907528
617,5.336992,5.516720
618,3.354675,3.733249
619,4.132604,4.174284
620,4.721041,4.666077
621,4.934764,5.103223
622,6.551849,5.810431
623,6.179542,6.547689
624,4.054888,4.313574
625,4.449686,4.830518
626,5.136322,5.392197
627,3.222405,3.712049
628,3.902934,4.132477
629,4.506514,4.690983
630,4.913580,5.256770
631,6.374603,5.962369
632,6.172815,6.651467
633,4.011157,4.378318
634,4.838514,4.958804
635,5.373521,5.526046
636,3.394748,3.761683
637,4.190384,4.210541
638,4.689429,4.674919
639,5.168830,5.203794
640,6.600785,6.023618
641,6.241180,6.585220
642,3.971876,4.320110
643,4.497212,4.887930
644,5.156819,5.427715
645,3.301975,3.675756
646,3.912598,4.193029
647,4.520627,4.498245
648,4.864481,5.105752
649,6.363267,5.984721
650,6.198206,6.646937
651,3.895394,4.254460
652,4.702490,4.835469
653,5.237245,5.479374
654,3.325577,3.628660
655,4.071527,4.162234
656,4.721612,4.677885
657,4.904802,5.131147
658,6.466478,5.812141
659,6.191445,6.490261
660,4.001247,4.194890
661,4.560724,4.799839
662,5.126382,5.382304
663,3.218478,3.619534
664,3.905701,4.099316
665,4.491803,4.685323
666,5.002023,5.185545
667,6.428645,5.908257
668,6.161654,6.628558
669,4.023565,4.261761
670,4.855429,4.834766
671,5.377721,5.416745
672,3.380326,3.630812
673,4.095675,4.129841
674,4.711565,4.622619
675,5.221420,5.077196
676,6.594323,5.871248
677,6.133913,6.539043
678,4.021675,4.238027
679,4.503194,4.777375
680,5.159833,5.376570
681,3.239123,3.596937
682,3.891444,4.106777
683,4.502720,4.643706
684,5.111847,5.113948
685,6.355878,5.931992
686,6.204044,6.642059
687,3.989699,4.285628
688,4.750502,4.878655
689,5.340372,5.482780
690,3.294377,3.633534
691,4.074409,4.160203
692,4.689807,4.631703
693,4.966065,5.102558
694,6.499443,5.824965
695,6.175043,6.574040
696,3.933607,4.249702
697,4.421062,4.781879
698,5.178698,5.414329
699,3.225015,3.618091
700,3.852308,4.125925
701,4.492918,4.687075
702,4.909918,5.186628
703,6.377795,5.933959
704,6.123230,6.651582
705,3.969543,4.291560
706,4.736910,4.856040
707,5.338628,5.453664
708,3.380618,3.624461
709,4.100378,4.064432
710,4.711565,4.630222
711,5.009924,5.166733
712,6.568787,5.845261
713,6.135665,6.579600
714,4.033523,4.217274
715,4.485612,4.789686
716,5.163252,5.392971
717,3.332625,3.627428
718,3.928401,4.124166
719,4.511526,4.629003
720,4.721235,4.194243
721,6.547982,4.978715
722,6.020509,5.399084
723,3.839087,3.731192
724,4.719319,4.394866
725,5.301327,4.848520
726,3.359301,3.261780
727,4.120432,3.947196
728,4.686987,4.421435
729,4.752872,4.219921
730,6.430297,4.978975
731,6.051799,5.373313
732,3.881664,3.718247
733,4.408537,4.393955
734,5.120230,4.692107
735,3.188900,3.333771
736,3.822762,3.947414
737,4.457510,4.325229
738,4.922289,4.264675
739,6.377659,5.094217
740,6.013895,5.437047
741,3.848795,3.742397
742,4.693954,4.404921
743,5.299726,4.825105
744,3.309541,3.233338
745,4.095796,3.950044
746,4.702628,4.427823
747,4.929545,4.302949
748,6.515511,5.059601
749,5.886560,5.449792
750,4.041106,3.746935
751,4.494180,4.403656
752,5.067251,4.740202
753,3.146016,3.394718
754,3.797531,3.966346
755,4.451859,4.248131
756,4.687784,4.279694
757,6.490417,5.111002
758,6.115806,5.446201
759,3.912382,3.758446
760,4.727685,4.413827
761,5.299512,4.866352
762,3.327388,3.277548
763,4.139703,3.961430
764,4.698284,4.431980
765,4.916783,4.389670
766,6.581151,5.042954
767,6.042458,5.594795
768,3.852607,3.769444
769,4.413368,4.432612
770,5.116693,4.848772
771,3.198013,3.404624
772,3.804793,3.947802
773,4.454303,4.552183
774,4.913329,4.354872
775,5.712676,5.230087
776,5.953740,5.548577
777,4.029301,3.809505
778,4.683313,4.447535
779,5.298766,4.888406
780,3.328540,3.313267
781,4.106685,4.016976
782,4.694794,4.434838
783,4.767119,4.405774
784,6.422155,5.191358
785,6.024456,5.648445
786,3.851854,3.781039
787,4.403716,4.399251
788,5.096158,4.892727
789,3.269513,3.321296
790,3.823002,3.972177
791,4.448829,4.606882
792,4.748924,4.278596
793,6.280973,5.095973
794,6.116778,5.509562
795,3.979545,3.785307
796,4.614887,4.456355
797,5.304854,4.894530
798,3.343299,3.415427
799,4.053905,3.984910
800,4.691499,4.446761
801,4.762449,4.308568
802,6.417565,5.053264
803,6.093520,5.585588
804,3.916580,3.791292
805,4.537273,4.386580
806,5.125445,4.867959
807,3.187182,3.307194
808,3.845505,3.958758
809,4.460721,4.570087
810,4.685626,4.446831
811,6.203974,5.197165
812,5.999412,5.576715
813,3.827502,3.819556
814,4.728580,4.473973
815,5.301754,4.892033
816,3.318378,3.292147
817,4.068137,3.983621
818,4.691404,4.416005
819,5.033739,4.385264
820,6.578917,5.188207
821,5.932809,5.597527
822,3.987945,3.818558
823,4.399001,4.447735
824,5.097230,4.880758
825,3.245470,3.418926
826,3.820846,3.782334
827,4.448408,4.489705
828,4.708663,4.325184
829,6.374488,5.152461
830,6.065624,5.658312
831,3.943527,3.765156
832,4.748112,4.449282
833,5.304319,4.952026
834,3.353497,3.374979
835,4.073914,3.939164
836,4.694794,4.435774
837,4.822461,4.289506
838,6.432413,5.095597
839,6.050840,5.865661
840,3.900654,3.759501
841,4.505713,4.417601
842,5.106112,5.114105
843,3.287225,3.374332
844,3.904772,3.908542
845,4.482697,4.609785
846,4.727037,4.355042
847,6.413820,5.196608
848,6.050720,5.657275
849,3.906750,3.790421
850,4.628558,4.430965
851,5.302289,4.897054
852,3.302238,3.269876
853,4.117633,3.952047
854,4.688866,4.444123
855,4.773678,4.316839
856,6.407267,5.122606
857,6.065293,5.842008
858,3.859074,3.771467
859,4.420997,4.421015
860,5.093141,5.104674
861,3.238930,3.273866
862,3.892723,3.926893
863,4.471941,4.580762
864,4.845870,4.311708
865,6.505486,5.117240
866,6.084964,5.769649
867,3.920946,3.784257
868,4.631559,4.426718
869,5.235749,4.950188
870,3.296805,3.265114
871,4.091226,3.799137
872,4.699038,4.476652
873,4.774569,4.294756
874,6.447509,5.089884
875,6.043893,5.898577
876,3.850418,3.768527
877,4.413368,4.446025
878,5.107676,5.110586
879,3.187346,3.371842
880,3.821644,3.832564
881,4.465123,4.679878
882,4.965502,4.405544
883,6.203807,5.157259
884,6.011671,5.713704
885,3.835862,3.804141
886,4.742033,4.427072
887,5.298339,4.929228
888,3.326238,3.390692
889,4.143154,3.936575
890,4.714274,4.439037
891,4.785708,4.360319
892,6.383128,5.135751
893,6.082920,5.829190
894,3.884506,3.775500
895,4.402079,4.424571
896,5.099179,5.103307
897,3.193409,3.277254
898,3.816860,3.765165
899,4.447063,4.553281
900,4.902124,4.922612
901,6.333898,5.693295
902,6.156640,6.380786
903,3.902657,4.152118
904,4.727685,4.752569
905,5.337864,5.306432
906,3.354675,3.500441
907,4.120712,4.017331
908,4.706508,4.584754
909,4.899914,4.957446
910,6.461952,5.591472
911,6.173045,6.354488
912,3.979384,4.146873
913,4.464584,4.675562
914,5.188169,5.218564
915,3.264489,3.586312
916,3.889741,3.999300
917,4.467326,4.545589
918,5.033225,5.066905
919,6.554499,5.866621
920,6.128259,6.447016
921,3.981354,4.234964
922,4.765429,4.794786
923,5.372858,5.395212
924,3.358131,3.638511
925,4.122753,4.085995
926,4.705083,4.627475
927,4.995640,5.040757
928,6.565643,5.766346
929,6.180004,6.467791
930,4.037678,4.089580
931,4.592317,4.757191
932,5.123692,5.206943
933,3.313778,3.509788
934,3.888019,4.082695
935,4.515769,4.585929
936,4.893482,4.981178
937,6.375193,5.730637
938,6.123672,6.412186
939,3.953806,4.213447
940,4.697931,4.764928
941,5.342991,5.341424
942,3.319711,3.489611
943,4.073486,4.054733
944,4.686971,4.612392
945,4.911271,4.999696
946,6.535521,5.800776
947,6.168805,6.380061
948,3.885650,4.171587
949,4.460204,4.694537
950,5.141007,5.237824
951,3.248355,3.494200
952,3.914883,3.981842
953,4.489489,4.591783
954,5.000385,5.081757
955,6.437319,5.898518
956,6.136573,6.477847
957,4.003367,4.263760
958,4.715077,4.824834
959,5.371644,5.441661
960,3.370926,3.524116
961,4.142910,4.118133
962,4.708036,4.649750
963,5.180055,5.103185
964,6.586820,5.923387
965,6.132287,6.527584
966,3.965214,4.173739
967,4.483903,4.774888
968,5.157522,5.192467
969,3.277759,3.657623
970,3.800362,4.049855
971,4.511439,4.452675
972,5.050760,5.047015
973,6.312924,5.854500
974,6.139923,6.570362
975,3.932209,4.278478
976,4.712081,4.859029
977,5.342773,5.449927
978,3.343029,3.684094
979,4.115664,4.117956
980,4.711342,4.686847
981,5.061395,5.030174
982,6.443368,5.771787
983,6.117622,6.511974
984,4.051291,4.246943
985,4.465382,4.780047
986,5.181817,5.364670
987,3.293221,3.667343
988,3.824257,4.110003
989,4.502634,4.459562
990,5.083471,5.139602
991,6.542933,5.962745
992,6.177505,6.624840
993,3.913671,4.195391
994,4.800085,4.872431
995,5.369548,5.488276
996,3.389642,3.568093
997,4.118311,4.015996
998,4.704893,4.666757
999,5.265098,5.176317
1000,6.636067,5.903009
1001,6.192000,6.580514
1002,4.050213,4.266037
1003,4.517338,4.828031
1004,5.185243,5.324819
1005,3.362384,3.580231
1006,3.888999,4.122227
1007,4.482736,4.649296
1008,4.875492,5.035036
1009,6.372200,5.877393
1010,6.182525,6.616851
1011,4.004159,4.217395
1012,4.729810,4.822081
1013,5.377153,5.444778
1014,3.347527,3.607100
1015,4.130766,4.077591
1016,4.713905,4.680048
1017,4.998088,5.000702
1018,6.498528,5.780685
1019,6.182294,6.538814
1020,3.933245,4.194484
1021,4.487236,4.744486
1022,5.168860,5.351217
1023,3.300591,3.492584
1024,3.895383,4.066487
1025,4.548142,4.592727
1026,5.004591,5.095451
1027,6.491216,5.916546
1028,6.226352,6.593835
1029,4.026167,4.232752
1030,4.876651,4.777900
1031,5.372747,5.404799
1032,3.397336,3.586402
1033,4.234515,4.054560
1034,4.736814,4.623494
1035,5.009080,5.060405
1036,6.518168,5.815945
1037,6.200362,6.536946
1038,4.086338,4.208196
1039,4.524647,4.741244
1040,5.230213,5.296981
1041,3.296805,3.583476
1042,3.888717,4.078411
1043,4.561736,4.613171
1044,4.873948,5.049367
1045,6.384049,5.881673
1046,6.137292,6.640493
1047,3.946708,4.226708
1048,4.722216,4.817627
1049,5.405253,5.443809
1050,3.392038,3.509659
1051,4.153186,4.124217
1052,4.720850,4.681751
1053,5.031434,5.040013
1054,6.638259,5.785215
1055,6.092782,6.573571
1056,4.044353,4.184300
1057,4.514235,4.780360
1058,5.203248,5.368429
1059,3.257811,3.583580
1060,3.958726,4.055134
1061,4.548142,4.680163
1062,5.067230,5.111855
1063,6.529418,5.901807
1064,6.174589,6.639477
1065,4.022856,4.235864
1066,4.774181,4.841163
1067,5.408094,5.394798
1068,3.395724,3.593454
1069,4.183960,4.089302
1070,4.773378,4.548185
1071,5.229022,5.123862
1072,6.604729,5.847834
1073,6.136667,6.546865
1074,4.059900,4.202605
1075,4.528820,4.763127
1076,5.195851,5.361422
1077,3.372909,3.452480
1078,3.873681,4.075022
1079,4.537438,4.576574
1080,4.923234,4.913441
1081,6.400833,5.684520
1082,6.137918,6.426620
1083,3.931192,4.156375
1084,4.716203,4.738263
1085,5.376934,5.309334
1086,3.356876,3.602003
1087,4.149129,4.032516
1088,4.751784,4.560246
1089,4.934605,4.940698
1090,6.732814,5.605075
1091,6.132851,6.373371
1092,4.046385,4.139070
1093,4.481842,4.670623
1094,5.211834,5.237109
1095,3.208666,3.584831
1096,3.854612,3.998982
1097,4.552926,4.578524
1098,5.144496,5.067070
1099,6.422745,5.872364
1100,6.174842,6.529343
1101,4.054049,4.230410
1102,4.760205,4.820765
1103,5.406539,5.416604
1104,3.420066,3.521567
1105,4.154514,4.133970
1106,4.731354,4.634553
1107,5.048669,5.052805
1108,6.628043,5.797812
1109,6.171948,6.482322
1110,4.017312,4.211361
1111,4.526376,4.728748
1112,5.236130,5.326521
1113,3.340638,3.506449
1114,3.873252,4.061762
1115,4.570844,4.622554
1116,4.912230,5.017344
1117,6.455465,5.848276
1118,6.151980,6.427120
1119,4.010255,4.240153
1120,4.726680,4.783710
1121,5.304286,5.382523
1122,3.373910,3.610131
1123,4.143022,4.053263
1124,4.743737,4.588878
1125,4.910323,5.009467
1126,6.548720,5.651062
1127,6.147283,6.358426
1128,4.011956,4.176640
1129,4.573019,4.729288
1130,5.167057,5.268635
1131,3.299807,3.622462
1132,3.893241,4.046181
1133,4.544149,4.569701
1134,5.050926,5.126044
1135,6.701771,5.901979
1136,6.177125,6.532845
1137,4.058733,4.257573
1138,4.757600,4.840795
1139,5.406539,5.400713
1140,3.395724,3.642563
1141,4.194094,4.105018
1142,4.732407,4.648057
1143,5.143061,5.117630
1144,6.721139,5.816531
1145,6.186691,6.493708
1146,4.037202,4.241403
1147,4.526275,4.785478
1148,5.194738,5.370646
1149,3.334756,3.590008
1150,3.893137,4.110560
1151,4.554058,4.439732
1152,4.948413,5.020720
1153,6.420533,5.846208
1154,6.137292,6.557802
1155,3.967397,4.261209
1156,4.730257,4.851823
1157,5.374299,5.457467
1158,3.339656,3.666963
1159,4.157935,4.150454
1160,4.750825,4.663562
1161,4.967105,5.082036
1162,6.708150,5.747182
1163,6.129502,6.500680
1164,3.926988,4.231889
1165,4.537870,4.788200
1166,5.169461,5.349272
1167,3.261575,3.576571
1168,3.959748,4.107990
1169,4.575289,4.630740
1170,4.986263,5.201975
1171,6.475915,5.956974
1172,6.173702,6.622479
1173,3.990217,4.310602
1174,4.732736,4.889671
1175,5.405984,5.480256
1176,3.394157,3.589103
1177,4.193321,4.149804
1178,4.798313,4.687766
1179,5.034020,5.160349
1180,6.621438,5.878290
1181,6.181643,6.541187
1182,3.995517,4.293336
1183,4.525461,4.699404
1184,5.195648,5.337350
1185,3.391210,3.578126
1186,3.963724,4.006855
1187,4.528757,4.455800
1188,4.901433,5.039385
1189,6.388609,5.960906
1190,6.180382,6.635742
1191,3.986561,4.254220
1192,4.848116,4.845433
1193,5.374299,5.437669
1194,3.369272,3.540052
1195,4.187119,4.090553
1196,4.776043,4.691687
1197,5.120013,5.009072
1198,6.559618,5.907136
1199,6.128263,6.524099
1200,4.047102,4.208120
1201,4.539204,4.766582
1202,5.175079,5.354796
1203,3.303121,3.504565
1204,3.960856,4.107183
1205,4.549967,4.637713
1206,5.060229,5.080044
1207,6.480461,5.893991
1208,6.239043,6.598121
1209,4.082928,4.237279
1210,4.769741,4.815141
1211,5.408873,5.426100
1212,3.400033,3.565619
1213,4.208852,4.087156
1214,4.732024,4.645478
1215,4.989631,5.061198
1216,6.582686,5.817251
1217,6.176728,6.522771
1218,4.034841,4.201592
1219,4.521193,4.778359
1220,5.185444,5.274243
1221,3.296805,3.602183
1222,3.892156,4.002383
1223,4.529190,4.668151
1224,5.068398,5.040337
1225,6.363941,5.881056
1226,6.131912,6.590609
1227,3.934805,4.236739
1228,4.793521,4.834324
1229,5.382432,5.473573
1230,3.332715,3.592156
1231,4.143532,4.085876
1232,4.710678,4.702339
1233,5.010296,5.059813
1234,6.743161,5.792733
1235,6.133844,6.581593
1236,3.914492,4.220820
1237,4.582911,4.780281
1238,5.190289,5.253088
1239,3.343229,3.503615
1240,3.850122,3.940797
1241,4.553883,4.640701
1242,5.039014,5.075073
1243,6.574247,5.874432
1244,6.170156,6.612313
1245,4.037321,4.252235
1246,4.879934,4.826804
1247,5.407761,5.411259
1248,3.392222,3.477160
1249,4.145020,4.029456
1250,4.742577,4.656245
1251,5.178766,5.124794
1252,6.628610,5.840775
1253,6.175596,6.563759
1254,4.129203,4.222412
1255,4.582314,4.782686
1256,5.154812,5.204813
1257,3.304693,3.589163
1258,3.969680,3.938684
1259,4.530924,4.560479
1260,4.941313,4.908222
1261,6.398704,5.699778
1262,6.134038,6.418454
1263,3.943479,4.170332
1264,4.765763,4.759423
1265,5.343537,5.343104
1266,3.319091,3.588609
1267,4.133735,4.051258
1268,4.694919,4.611347
1269,4.925690,4.947933
1270,6.522273,5.563918
1271,6.125660,6.360257
1272,3.941436,4.163199
1273,4.479848,4.660987
1274,5.169261,5.234509
1275,3.277495,3.596337
1276,3.862068,4.024273
1277,4.521489,4.522554
1278,5.039504,5.045581
1279,6.407242,5.854706
1280,6.182458,6.509951
1281,4.079766,4.246417
1282,4.726205,4.849609
1283,5.371534,5.438643
1284,3.393902,3.528211
1285,4.146542,4.124402
1286,4.704988,4.638858
1287,5.050005,5.091057
1288,6.658406,5.751815
1289,6.198586,6.481448
1290,4.022974,4.225461
1291,4.523021,4.774347
1292,5.159129,5.340469
1293,3.350784,3.631894
1294,3.909528,4.099426
1295,4.530750,4.661899
1296,4.849802,4.967615
1297,6.583062,5.738200
1298,6.142056,6.458317
1299,3.973612,4.155130
1300,4.756130,4.773908
1301,5.372324,5.379938
1302,3.348977,3.509499
1303,4.099977,4.082759
1304,4.689994,4.595385
1305,4.916490,5.016900
1306,6.546831,5.625829
1307,6.184173,6.378887
1308,3.974996,4.190959
1309,4.485137,4.715865
1310,5.165856,5.164012
1311,3.230279,3.509394
1312,3.919762,4.040320
1313,4.532919,4.573360
1314,5.046667,5.109552
1315,6.422388,5.894561
1316,6.174209,6.537889
1317,4.058944,4.276708
1318,4.744490,4.845280
1319,5.371423,5.436666
1320,3.379039,3.530495
1321,4.133833,3.930056
1322,4.702514,4.657294
1323,5.019385,5.123225
1324,6.618177,5.815687
1325,6.232390,6.504890
1326,3.986592,4.147582
1327,4.521716,4.759861
1328,5.163655,5.253203
1329,3.309276,3.648901
1330,3.855422,3.965990
1331,4.527890,4.515141
1332,4.884160,5.032784
1333,6.298340,5.842593
1334,6.202774,6.502739
1335,3.898519,4.300718
1336,4.794093,4.876858
1337,5.235426,5.483480
1338,3.347713,3.658193
1339,4.122329,4.137721
1340,4.738483,4.694243
1341,4.945796,5.048285
1342,6.440311,5.750407
1343,6.183421,6.505081
1344,3.951832,4.250753
1345,4.506116,4.812080
1346,5.136223,5.275193
1347,3.230111,3.591836
1348,3.935434,4.100788
1349,4.516743,4.657327
1350,4.954302,5.120674
1351,6.432979,5.966969
1352,6.228399,6.609134
1353,4.010138,4.260152
1354,4.736910,4.904778
1355,5.378163,5.506314
1356,3.388533,3.592946
1357,4.159522,4.139414
1358,4.744405,4.696276
1359,5.011582,5.147194
1360,6.707376,5.875893
1361,6.178113,6.576919
1362,4.048896,4.224880
1363,4.499235,4.776175
1364,5.198586,5.411499
1365,3.280091,3.568809
1366,3.967700,4.103603
1367,4.543797,4.461847
1368,5.049103,5.038650
1369,6.566951,5.852735
1370,6.182021,6.617415
1371,3.979499,4.257328
1372,4.746760,4.851665
1373,5.339827,5.430843
1374,3.339524,3.593644
1375,4.142966,4.081357
1376,4.720469,4.656999
1377,5.094153,5.037591
1378,6.533855,5.890059
1379,6.174293,6.554543
1380,4.023565,4.199227
1381,4.467324,4.781281
1382,5.169662,5.376303
1383,3.262600,3.615512
1384,3.883467,4.093256
1385,4.511578,4.716298
1386,5.036179,5.114128
1387,6.432257,5.896817
1388,6.184112,6.585415
1389,4.040656,4.238698
1390,4.808270,4.835586
1391,5.371423,5.421016
1392,3.358847,3.496391
1393,4.126470,4.089993
1394,4.715100,4.662686
1395,5.111378,5.052364
1396,6.524065,5.807763
1397,6.181643,6.534412
1398,4.099545,4.218916
1399,4.542717,4.763345
1400,5.189279,5.375590
1401,3.307753,3.608389
1402,3.955944,4.096099
1403,4.529710,4.543768
1404,4.843801,5.052741
1405,6.393351,5.870041
1406,6.185428,6.634239
1407,3.968202,4.256570
1408,4.714542,4.841832
1409,5.376055,5.472506
1410,3.314839,3.539292
1411,4.143404,4.084393
1412,4.714096,4.704441
1413,4.914749,5.067448
1414,6.504939,5.788002
1415,6.132479,6.570634
1416,3.999717,4.221516
1417,4.489037,4.765549
1418,5.175079,5.218221
1419,3.261575,3.510805
1420,3.931965,3.997339
1421,4.515107,4.653191
1422,5.099140,5.100822
1423,6.659430,5.893113
1424,6.176618,6.611453
1425,3.978424,4.255918
1426,4.766115,4.832694
1427,5.371202,5.412937
1428,3.397336,3.467940
1429,4.127318,4.059926
1430,4.705654,4.620928
1431,4.997696,5.083867
1432,6.640459,5.822290
1433,6.235827,6.549018
1434,4.001719,4.211221
1435,4.497515,4.778082
1436,5.185545,5.383695
1437,3.312629,3.561153
1438,3.911412,4.094434
1439,4.544058,4.637643
1440,4.893591,4.229210
1441,6.197476,5.200259
1442,6.046526,5.540571
1443,3.841456,3.743680
1444,4.685596,4.423492
1445,5.323887,4.962506
1446,3.401175,3.408763
1447,4.042746,4.028681
1448,4.694615,4.374982
1449,4.924653,4.238868
1450,6.409739,4.956654
1451,5.995121,5.481201
1452,3.903966,3.731966
1453,4.400172,4.376461
1454,5.089739,4.765700
1455,3.180338,3.369571
1456,3.861008,3.934913
1457,4.472954,4.419840
1458,4.702762,4.342163
1459,6.184190,5.128623
1460,6.035888,5.634001
1461,3.951612,3.792641
1462,4.774652,4.569403
1463,5.291095,5.040368
1464,3.352375,3.434770
1465,4.118285,4.086797
1466,4.709462,4.452344
1467,4.876574,4.319088
1468,6.443660,5.068645
1469,5.990651,5.504228
1470,3.932572,3.800060
1471,4.492815,4.468039
1472,5.115613,4.850597
1473,3.236832,3.420522
1474,3.848145,3.948684
1475,4.495586,4.461116
1476,4.693293,4.299291
1477,6.149746,5.073139
1478,6.029333,5.685399
1479,3.860803,3.830185
1480,4.673334,4.504930
1481,5.289712,5.026968
1482,3.332178,3.429539
1483,4.079568,4.013642
1484,4.724497,4.474797
1485,4.777412,4.324895
1486,6.471993,5.024846
1487,6.050742,5.619298
1488,3.923288,3.811409
1489,4.503423,4.410962
1490,5.093238,4.999232
1491,3.273108,3.428521
1492,3.850399,3.940970
1493,4.497454,4.618263
1494,4.737914,4.414899
1495,6.234647,5.197256
1496,5.979288,5.701962
1497,3.824937,3.844437
1498,4.625668,4.570646
1499,5.289500,5.077338
1500,3.360125,3.452608
1501,4.112841,4.080859
1502,4.693099,4.451901
1503,4.768649,4.361750
1504,6.440805,5.136261
1505,6.008451,5.676820
1506,3.940549,3.834193
1507,4.539283,4.447175
1508,5.086050,5.011012
1509,3.262430,3.437487
1510,3.874994,4.022347
1511,4.474815,4.624496
1512,4.958067,4.318432
1513,6.488787,5.099228
1514,5.988150,5.700603
1515,3.911383,3.837667
1516,4.703380,4.562918
1517,5.291095,5.056806
1518,3.434255,3.475849
1519,4.115210,4.056998
1520,4.704377,4.500412
1521,4.740730,4.306289
1522,6.393527,5.037274
1523,6.065293,5.651345
1524,3.843287,3.811176
1525,4.459923,4.457092
1526,5.088282,4.992950
1527,3.292593,3.427566
1528,3.814154,3.966862
1529,4.472025,4.606386
1530,4.712269,4.429627
1531,6.261035,5.160793
1532,6.081116,5.699596
1533,3.953765,3.841664
1534,4.630594,4.523515
1535,5.283553,5.047631
1536,3.409394,3.459516
1537,4.124825,4.061160
1538,4.725256,4.438335
1539,4.843448,4.359750
1540,6.477221,5.128772
1541,6.044442,5.641583
1542,3.855515,3.809073
1543,4.392283,4.450343
1544,5.101325,4.985812
1545,3.259537,3.437408
1546,3.830367,3.997192
1547,4.474392,4.592349
1548,4.781163,4.273463
1549,6.260820,5.142437
1550,6.037440,5.808752
1551,3.914936,3.790748
1552,4.618191,4.539689
1553,5.325921,5.141894
1554,3.344661,3.420357
1555,4.113396,4.081575
1556,4.728105,4.583165
1557,4.666887,4.246661
1558,6.382297,5.069166
1559,6.055624,5.713662
1560,3.897348,3.779315
1561,4.440418,4.419705
1562,5.091487,5.052697
1563,3.206279,3.392745
1564,3.809785,3.964295
1565,4.497624,4.659050
1566,4.789434,4.331913
1567,6.370409,5.175694
1568,5.994191,5.811017
1569,3.899992,3.811771
1570,4.705138,4.468889
1571,5.327528,5.139960
1572,3.316442,3.415000
1573,4.095926,4.046310
1574,4.716920,4.391070
1575,4.730488,4.340362
1576,6.408326,5.127940
1577,6.010226,5.767392
1578,3.872292,3.769359
1579,4.426693,4.430640
1580,5.085274,5.033526
1581,3.208172,3.397423
1582,3.827896,3.940397
1583,4.482018,4.613983
1584,4.726791,4.327462
1585,6.294372,5.139391
1586,5.999412,5.814492
1587,3.904746,3.815395
1588,4.647488,4.527719
1589,5.320038,5.169930
1590,3.327893,3.428735
1591,4.132259,4.063015
1592,4.716352,4.584334
1593,4.738416,4.309353
1594,6.425070,5.087080
1595,6.052646,5.760121
1596,3.851639,3.774461
1597,4.437547,4.472558
1598,5.121747,5.064891
1599,3.205293,3.408894
1600,3.818683,3.952569
1601,4.499069,4.618157
1602,4.784556,4.369893
1603,6.247306,5.115885
1604,6.024456,5.809939
1605,3.931563,3.788334
1606,4.630166,4.516675
1607,5.328385,5.151659
1608,3.310644,3.415476
1609,4.106965,4.084426
1610,4.711631,4.502077
1611,4.711547,4.326599
1612,6.427632,5.096081
1613,6.015317,5.744309
1614,3.993256,3.772916
1615,4.452334,4.438634
1616,5.121161,5.040102
1617,3.298240,3.401289
1618,3.882890,3.977691
1619,4.494737,4.617842
1620,4.911917,4.905308
1621,6.598120,5.671141
1622,6.113713,6.376270
1623,3.920391,4.175715
1624,4.713979,4.759429
1625,5.353308,5.370658
1626,3.382035,3.617300
1627,4.159742,4.053044
1628,4.734193,4.508680
1629,4.951280,4.907466
1630,6.669824,5.578310
1631,6.104067,6.265590
1632,3.999276,4.163312
1633,4.617127,4.694255
1634,5.151088,5.241804
1635,3.316969,3.606385
1636,3.920841,4.052584
1637,4.542502,4.598758
1638,4.978518,5.099932
1639,6.340510,5.787976
1640,6.120093,6.528861
1641,4.032718,4.287951
1642,4.711314,4.876516
1643,5.393368,5.476973
1644,3.367132,3.689838
1645,4.119322,4.248638
1646,4.716376,4.683187
1647,4.870930,5.057063
1648,6.629177,5.715120
1649,6.093266,6.458703
1650,4.099177,4.242856
1651,4.475467,4.784899
1652,5.157464,5.329906
1653,3.249800,3.667296
1654,3.865087,4.035948
1655,4.505051,4.635786
1656,4.876883,5.006870
1657,6.429545,5.626844
1658,6.086493,6.358787
1659,3.984833,4.254489
1660,4.702784,4.801210
1661,5.352545,5.361285
1662,3.369598,3.646069
1663,4.224150,4.074362
1664,4.698755,4.604831
1665,4.862622,4.994412
1666,6.522774,5.606283
1667,6.140274,6.273298
1668,4.029839,4.208879
1669,4.565687,4.702334
1670,5.121624,5.263950
1671,3.356155,3.615307
1672,3.939247,4.015211
1673,4.533852,4.565055
1674,4.976102,5.173536
1675,5.826035,5.849283
1676,6.021227,6.504212
1677,3.908088,4.299072
1678,4.809658,4.877869
1679,5.356577,5.459037
1680,3.457528,3.682156
1681,4.113415,4.149233
1682,4.748524,4.589773
1683,5.022564,5.122904
1684,6.639313,5.780930
1685,6.092531,6.429358
1686,3.976381,4.263442
1687,4.541897,4.774720
1688,5.151884,5.355567
1689,3.313541,3.677092
1690,3.834694,4.138500
1691,4.533938,4.642857
1692,4.988216,5.092739
1693,6.441570,5.763278
1694,6.084457,6.551535
1695,3.829930,4.272523
1696,4.652245,4.823451
1697,5.316966,5.454407
1698,3.361751,3.700750
1699,4.081766,4.125923
1700,4.696771,4.632329
1701,5.100831,5.026712
1702,6.454000,5.709107
1703,6.161116,6.395123
1704,3.966385,4.258450
1705,4.464522,4.800056
1706,5.106814,5.325083
1707,3.226839,3.676404
1708,3.864872,4.064823
1709,4.509085,4.617561
1710,4.904714,5.215829
1711,5.748966,5.823569
1712,6.008929,6.607251
1713,3.965560,4.342906
1714,4.704112,4.914372
1715,5.359740,5.525873
1716,3.381338,3.736048
1717,4.124398,4.191969
1718,4.722852,4.627262
1719,4.889320,5.171851
1720,6.668907,5.813343
1721,6.033864,6.484588
1722,4.119889,4.287485
1723,4.551946,4.811623
1724,5.154971,5.411400
1725,3.294849,3.700781
1726,3.932219,4.106954
1727,4.501281,4.676790
1728,4.821856,4.990152
1729,6.221201,5.773812
1730,6.089592,6.540913
1731,3.852150,4.238244
1732,4.647273,4.806535
1733,5.327946,5.480613
1734,3.290430,3.604300
1735,4.105175,4.125755
1736,4.668372,4.657352
1737,4.873799,5.005601
1738,6.477762,5.640370
1739,6.161980,6.416190
1740,3.935602,4.199531
1741,4.441113,4.737273
1742,5.141355,5.337317
1743,3.227472,3.588860
1744,3.837679,4.131938
1745,4.446098,4.699345
1746,4.889748,5.050888
1747,5.792400,5.816426
1748,5.962685,6.503715
1749,4.061933,4.244168
1750,4.708541,4.839886
1751,5.354070,5.447409
1752,3.370878,3.570982
1753,4.090974,4.135601
1754,4.715426,4.624615
1755,5.155184,5.001107
1756,6.611541,5.888883
1757,6.087146,6.386199
1758,4.088045,4.212795
1759,4.575025,4.736095
1760,5.148105,5.345410
1761,3.306004,3.588443
1762,3.905272,4.100998
1763,4.513384,4.622596
1764,4.924968,5.006699
1765,6.339814,5.763762
1766,6.128881,6.464922
1767,4.038148,4.203591
1768,4.827310,4.827873
1769,5.354723,5.427925
1770,3.358847,3.632529
1771,4.160694,4.095532
1772,4.716376,4.647665
1773,4.898978,4.942123
1774,6.558180,5.652948
1775,6.098171,6.412693
1776,4.070311,4.178945
1777,4.519368,4.756095
1778,5.192479,5.367737
1779,3.256104,3.601013
1780,3.861497,4.111697
1781,4.524774,4.673717
1782,5.017323,5.032938
1783,5.572391,5.759054
1784,6.011909,6.492063
1785,3.971423,4.250570
1786,4.740188,4.812925
1787,5.391722,5.417512
1788,3.393972,3.614973
1789,4.176126,4.088526
1790,4.775561,4.595365
1791,4.942849,5.014845
1792,6.673118,5.725303
1793,6.182161,6.421957
1794,4.118943,4.200655
1795,4.528405,4.756604
1796,5.148403,5.361486
1797,3.379441,3.591207
1798,3.991405,4.116935
1799,4.631101,4.671653
1800,4.954740,4.981827
1801,6.393527,5.730080
1802,6.122443,6.318712
1803,3.994065,4.175009
1804,4.886778,4.727408
1805,5.382191,5.353676
1806,3.378261,3.626892
1807,4.171649,4.077843
1808,4.651722,4.528629
1809,4.946980,4.935637
1810,6.567027,5.565076
1811,6.179181,6.326073
1812,4.056079,4.153536
1813,4.541203,4.678985
1814,5.218479,5.254424
1815,3.237073,3.599319
1816,3.884977,4.044380
1817,4.597055,4.532687
1818,5.122878,5.075696
1819,6.589169,5.818974
1820,6.149548,6.486105
1821,4.019204,4.241387
1822,4.843438,4.863890
1823,5.395455,5.478632
1824,3.362565,3.689844
1825,4.268398,4.194118
1826,4.778647,4.649468
1827,4.935237,5.059297
1828,6.670438,5.680800
1829,6.196977,6.458570
1830,4.043594,4.245417
1831,4.559826,4.781700
1832,5.219387,5.336851
1833,3.296369,3.665898
1834,3.964657,4.086864
1835,4.596179,4.620901
1836,4.976049,5.062520
1837,6.419647,5.656451
1838,6.171672,6.407740
1839,3.982992,4.224331
1840,4.779935,4.761432
1841,5.400956,5.348298
1842,3.364616,3.653450
1843,4.173733,4.048725
1844,4.754266,4.600296
1845,4.958780,5.019334
1846,6.769344,5.593279
1847,6.190494,6.296013
1848,3.980464,4.205787
1849,4.615856,4.672737
1850,5.186460,5.268100
1851,3.343420,3.608760
1852,3.904554,4.068291
1853,4.619364,4.563984
1854,4.935554,5.141221
1855,5.788913,5.813155
1856,6.012744,6.508275
1857,3.946073,4.308868
1858,4.743381,4.848112
1859,5.393917,5.466301
1860,3.405716,3.696897
1861,4.262538,4.145210
1862,4.776333,4.591849
1863,4.900027,5.130730
1864,6.627665,5.759535
1865,6.139656,6.443229
1866,4.099234,4.257452
1867,4.514281,4.820045
1868,5.185058,5.347769
1869,3.255591,3.673534
1870,3.856206,4.108708
1871,4.542762,4.608764
1872,4.974493,5.075379
1873,6.098464,5.773210
1874,6.058050,6.497175
1875,3.869142,4.287116
1876,4.745952,4.865104
1877,5.355207,5.469930
1878,3.397939,3.692434
1879,4.141896,4.154488
1880,4.705600,4.663160
1881,4.983410,5.045448
1882,6.556659,5.653503
1883,6.096331,6.413012
1884,3.914348,4.249775
1885,4.498162,4.757632
1886,5.183656,5.328116
1887,3.238930,3.670683
1888,3.921779,4.080215
1889,4.556142,4.633356
1890,4.860550,5.153822
1891,5.639687,5.844776
1892,6.006547,6.536627
1893,4.041343,4.333206
1894,4.746400,4.870634
1895,5.354397,5.494174
1896,3.379292,3.717803
1897,4.167848,4.173920
1898,4.750058,4.653480
1899,5.155875,5.153071
1900,6.617608,5.860133
1901,6.089470,6.477926
1902,4.077823,4.311508
1903,4.556489,4.804335
1904,5.154572,5.379053
1905,3.276282,3.701898
1906,3.910821,4.145362
1907,4.534543,4.641371
1908,4.812806,5.050511
1909,6.305170,5.754169
1910,6.056464,6.529998
1911,3.905403,4.208020
1912,4.848466,4.817582
1913,5.361711,5.443807
1914,3.304169,3.614535
1915,4.133798,4.124259
1916,4.697709,4.677324
1917,4.978679,5.031019
1918,6.554257,5.656094
1919,6.137928,6.451446
1920,3.906201,4.177726
1921,4.498658,4.758630
1922,5.186160,5.343463
1923,3.244646,3.589731
1924,3.879767,4.092773
1925,4.513557,4.694409
1926,4.852119,5.063411
1927,5.769664,5.787947
1928,5.954304,6.472032
1929,3.999624,4.232919
1930,4.721101,4.797054
1931,5.393807,5.446424
1932,3.394341,3.609445
1933,4.194993,4.124172
1934,4.746991,4.629098
1935,5.134024,5.067826
1936,6.634922,5.733166
1937,6.116264,6.457141
1938,3.952744,4.207270
1939,4.475367,4.780016
1940,5.113913,5.365698
1941,3.311083,3.614048
1942,3.857913,4.102882
1943,4.534370,4.651284
1944,4.913015,5.022335
1945,6.435462,5.754502
1946,6.122567,6.524417
1947,3.911994,4.210072
1948,4.745841,4.817656
1949,5.393148,5.452189
1950,3.387717,3.582036
1951,4.264344,4.106483
1952,4.776236,4.654455
1953,4.906536,5.016847
1954,6.621249,5.670664
1955,6.146206,6.464399
1956,3.954570,4.214770
1957,4.525593,4.750382
1958,5.168860,5.366452
1959,3.308979,3.604592
1960,3.886828,4.116867
1961,4.585810,4.697543
1962,4.881371,5.049996
1963,5.790358,5.785553
1964,6.012032,6.531178
1965,3.996379,4.219409
1966,4.812771,4.818514
1967,5.357231,5.435290
1968,3.362384,3.615592
1969,4.156672,4.120595
1970,4.721422,4.643461
1971,4.916015,5.073979
1972,6.648697,5.726967
1973,6.100749,6.489553
1974,3.947050,4.224213
1975,4.475864,4.770683
1976,5.154871,5.364875
1977,3.347527,3.600188
1978,3.927660,4.123902
1979,4.502995,4.635787
1980,4.852119,4.994274
1981,6.373432,5.660203
1982,6.103044,6.360034
1983,3.915013,4.187716
1984,4.737243,4.746398
1985,5.355159,5.358515
1986,3.342669,3.622762
1987,4.094731,4.078371
1988,4.730861,4.520052
1989,4.934764,4.895605
1990,6.551291,5.548882
1991,6.098416,6.321265
1992,3.984373,4.182815
1993,4.506217,4.705033
1994,5.149496,5.237592
1995,3.253175,3.591124
1996,3.857344,4.054912
1997,4.534370,4.561084
1998,4.869474,5.064320
1999,6.334593,5.802175
2000,6.112193,6.557336
2001,3.927923,4.271692
2002,4.778958,4.866549
2003,5.358867,5.454428
2004,3.393809,3.703960
2005,4.224204,4.225263
2006,4.712481,4.639656
2007,4.956065,5.049190
2008,6.553524,5.761478
2009,6.098661,6.444765
2010,4.001937,4.229349
2011,4.472484,4.802433
2012,5.149198,5.361881
2013,3.255591,3.662506
2014,3.942473,4.109020
2015,4.505823,4.664151
2016,4.994356,5.007596
2017,6.375721,5.667895
2018,6.095869,6.419176
2019,3.895952,4.232757
2020,4.724446,4.785740
2021,5.349934,5.373546
2022,3.346721,3.649041
2023,4.156985,4.072808
2024,4.744311,4.576093
2025,5.103007,5.029590
2026,6.578173,5.626378
2027,6.079575,6.378171
2028,3.996611,4.218915
2029,4.502303,4.704300
2030,5.152183,5.272409
2031,3.348872,3.623520
2032,3.862965,4.035490
2033,4.534629,4.594860
2034,4.863009,5.162490
2035,5.802888,5.847342
2036,5.976457,6.517247
2037,3.899078,4.293654
2038,4.785491,4.849935
2039,5.355596,5.470565
2040,3.354264,3.692372
2041,4.151195,4.143920
2042,4.756011,4.615919
2043,5.088889,5.132546
2044,6.665276,5.767522
2045,6.099644,6.491905
2046,4.055969,4.296640
2047,4.485837,4.791328
2048,5.154971,5.345847
2049,3.268145,3.666683
2050,3.862720,4.092649
2051,4.553883,4.622220
2052,4.886487,5.082341
2053,6.315178,5.796485
2054,6.082259,6.497542
2055,3.870654,4.302864
2056,4.648785,4.836377
2057,5.316751,5.452120
2058,3.303819,3.709691
2059,4.068340,4.148040
2060,4.672382,4.648056
2061,4.987480,5.045027
2062,6.444196,5.685924
2063,6.029387,6.410508
2064,3.899111,4.239353
2065,4.510989,4.797409
2066,5.154673,5.338081
2067,3.248272,3.658276
2068,3.900192,4.115335
2069,4.549533,4.676249
2070,4.870245,5.251491
2071,5.897402,5.858575
2072,6.003929,6.557436
2073,4.015576,4.356379
2074,4.761778,4.891730
2075,5.351021,5.503579
2076,3.365644,3.734302
2077,4.137215,4.112776
2078,4.738006,4.638227
2079,4.912061,5.150788
2080,6.559857,5.882442
2081,6.103575,6.536885
2082,4.002638,4.296790
2083,4.570936,4.818809
2084,5.152083,5.381124
2085,3.285583,3.733583
2086,3.912957,4.167257
2087,4.536271,4.683386
2088,4.806490,5.011738
2089,6.299835,5.750855
2090,6.095717,6.552414
2091,3.915603,4.234958
2092,4.740700,4.814931
2093,5.313208,5.446961
2094,3.316530,3.613219
2095,4.096355,4.145799
2096,4.699773,4.681183
2097,4.916626,5.015814
2098,6.544297,5.681395
2099,6.120948,6.468624
2100,3.968667,4.215469
2101,4.563674,4.759559
2102,5.146813,5.361125
2103,3.223893,3.588166
2104,3.866983,4.089014
2105,4.537568,4.664027
2106,4.869936,5.100208
2107,5.846699,5.839439
2108,6.010710,6.525207
2109,3.982992,4.228680
2110,4.841239,4.815597
2111,5.358322,5.445812
2112,3.374816,3.623198
2113,4.166708,4.140007
2114,4.737338,4.610536
2115,4.918513,5.035324
2116,6.631444,5.726158
2117,6.095717,6.468621
2118,3.948301,4.194561
2119,4.526095,4.732967
2120,5.201635,5.358966
2121,3.277313,3.611384
2122,3.892747,4.126323
2123,4.585072,4.675646
2124,4.995449,5.047003
2125,6.469653,5.723167
2126,6.056830,6.569032
2127,4.045700,4.235910
2128,4.882638,4.809045
2129,5.394027,5.441559
2130,3.365009,3.601964
2131,4.203089,4.129784
2132,4.770268,4.648292
2133,4.945549,5.023314
2134,6.640345,5.682030
2135,6.194731,6.519742
2136,3.991522,4.198995
2137,4.536861,4.755556
2138,5.193885,5.376248
2139,3.272765,3.604875
2140,3.908922,4.119128
2141,4.557529,4.662768
2142,4.872404,5.053932
2143,5.710311,5.772829
2144,6.017999,6.529950
2145,3.916132,4.242377
2146,4.794777,4.828525
2147,5.391722,5.440454
2148,3.376827,3.615076
2149,4.172124,4.113332
2150,4.779226,4.622782
2151,4.928755,5.052411
2152,6.605639,5.736663
2153,6.094491,6.482616
2154,4.061214,4.204880
2155,4.541809,4.767933
2156,5.151784,5.374440
2157,3.275510,3.614728
2158,3.912060,4.113160
2159,4.584636,4.626945
2160,4.789582,4.210834
2161,6.392648,4.985896
2162,6.082438,5.381963
2163,3.892179,3.716866
2164,4.705486,4.387417
2165,5.326564,4.803839
2166,3.355461,3.360832
2167,4.250061,3.943827
2168,4.737803,4.432879
2169,4.721090,4.178379
2170,6.535287,4.973127
2171,6.068882,5.375254
2172,3.889900,3.716047
2173,4.453598,4.390387
2174,5.196784,4.706563
2175,3.254043,3.375760
2176,3.927325,3.970665
2177,4.580091,4.325172
2178,4.769836,4.305604
2179,6.360303,5.134689
2180,6.081717,5.441747
2181,3.992552,3.737637
2182,4.717669,4.432407
2183,5.324636,4.839174
2184,3.368851,3.286349
2185,4.175351,3.982825
2186,4.760096,4.452371
2187,4.849811,4.303752
2188,6.439022,5.066199
2189,6.057889,5.423448
2190,3.922639,3.740417
2191,4.477749,4.427810
2192,5.205036,4.537161
2193,3.277551,3.366619
2194,3.917922,3.981907
2195,4.555943,4.230054
2196,4.736322,4.256745
2197,6.315173,5.064494
2198,6.137961,5.463837
2199,3.967438,3.778556
2200,4.732616,4.462033
2201,5.430276,4.877646
2202,3.386726,3.412389
2203,4.163991,3.994891
2204,4.828064,4.417404
2205,4.909508,4.264176
2206,6.434389,5.030408
2207,6.100766,5.519516
2208,3.998068,3.791573
2209,4.477847,4.395439
2210,5.207426,4.835615
2211,3.243454,3.301879
2212,3.904948,3.926574
2213,4.602801,4.577111
2214,4.757772,4.324894
2215,6.279754,5.184268
2216,6.123416,5.528678
2217,3.984991,3.800905
2218,4.792479,4.458370
2219,5.355505,4.876796
2220,3.395083,3.304627
2221,4.272572,3.968305
2222,4.809851,4.444278
2223,4.809491,4.338067
2224,6.526552,5.126516
2225,6.107736,5.595466
2226,4.020818,3.792087
2227,4.572299,4.405007
2228,5.194900,4.876274
2229,3.281714,3.301315
2230,3.976754,3.966473
2231,4.636289,4.556632
2232,4.773616,4.251399
2233,6.308204,5.060165
2234,6.127772,5.517432
2235,3.913047,3.813895
2236,4.790959,4.443412
2237,5.428858,4.880622
2238,3.353351,3.414751
2239,4.242273,3.976609
2240,4.849067,4.451997
2241,4.843460,4.287622
2242,6.516209,5.060432
2243,6.130680,5.525107
2244,3.917439,3.768319
2245,4.508828,4.423136
2246,5.194503,4.866245
2247,3.361171,3.298365
2248,3.904298,3.949429
2249,4.642604,4.591692
2250,4.902862,4.350395
2251,6.286546,5.211493
2252,6.126682,5.525148
2253,3.968677,3.803333
2254,4.839593,4.434570
2255,5.425262,4.889631
2256,3.421020,3.433916
2257,4.232792,3.980637
2258,4.859175,4.330010
2259,4.822978,4.376444
2260,6.551546,5.119334
2261,6.104970,5.563386
2262,3.936174,3.811791
2263,4.536184,4.423787
2264,5.205036,4.901986
2265,3.352330,3.341697
2266,3.934178,3.951792
2267,4.644537,4.534215
2268,4.849726,4.248230
2269,6.246502,5.076213
2270,6.132256,5.581646
2271,3.906271,3.789155
2272,4.889553,4.452821
2273,5.434535,4.906794
2274,3.395812,3.318333
2275,4.184598,3.948565
2276,4.838035,4.444892
2277,4.922345,4.356451
2278,6.492922,5.043526
2279,6.097887,5.764401
2280,4.019085,3.757894
2281,4.536382,4.446692
2282,5.234078,5.040383
2283,3.297626,3.377461
2284,3.910856,3.980614
2285,4.662882,4.648972
2286,4.980082,4.344962
2287,6.254670,5.089948
2288,6.175523,5.560737
2289,3.929390,3.783653
2290,4.790824,4.460023
2291,5.468645,4.881697
2292,3.399404,3.391660
2293,4.274854,3.962179
2294,4.890666,4.422176
2295,4.848419,4.264366
2296,6.525643,5.094718
2297,6.156908,5.730487
2298,3.935099,3.752574
2299,4.637170,4.386604
2300,5.226889,5.067537
2301,3.271123,3.363119
2302,3.917349,3.942708
2303,4.615431,4.592951
2304,4.836916,4.257741
2305,6.303453,5.113864
2306,6.126198,5.592424
2307,4.018277,3.768779
2308,4.726409,4.469884
2309,5.434862,4.909868
2310,3.402658,3.401233
2311,4.226442,3.961377
2312,4.791953,4.457862
2313,4.883265,4.245930
2314,6.501748,5.061585
2315,6.098846,5.786366
2316,3.883049,3.767924
2317,4.506176,4.436691
2318,5.206629,5.080057
2319,3.192733,3.386793
2320,3.863555,3.947883
2321,4.578448,4.605295
2322,4.735020,4.326408
2323,6.263855,5.167974
2324,6.081476,5.552486
2325,3.972668,3.775259
2326,4.732767,4.426391
2327,5.325171,4.912579
2328,3.354417,3.281425
2329,4.185449,3.962770
2330,4.768390,4.412890
2331,5.010301,4.262069
2332,6.459637,5.080063
2333,6.063142,5.729945
2334,3.900387,3.656317
2335,4.535670,4.430875
2336,5.201851,5.097819
2337,3.340695,3.362579
2338,3.858266,3.969702
2339,4.550266,4.588541
2340,5.062561,4.862014
2341,6.469472,5.633693
2342,6.146784,6.318191
2343,3.934255,4.136735
2344,4.732789,4.717633
2345,5.388541,5.318944
2346,3.391670,3.589549
2347,4.198870,4.044377
2348,4.735813,4.593958
2349,4.963580,4.882473
2350,6.658025,5.523233
2351,6.193858,6.302944
2352,4.065358,4.151861
2353,4.582911,4.656479
2354,5.186561,5.242451
2355,3.276705,3.524983
2356,3.961435,4.037796
2357,4.560307,4.514292
2358,5.001251,5.029564
2359,6.389135,5.835615
2360,6.122195,6.466661
2361,4.074050,4.213450
2362,4.860823,4.819058
2363,5.364001,5.400251
2364,3.368273,3.500131
2365,4.147718,4.113963
2366,4.776429,4.612675
2367,4.951120,5.031373
2368,6.741331,5.688492
2369,6.186014,6.401147
2370,3.946481,4.200222
2371,4.536055,4.733441
2372,5.185058,5.331631
2373,3.332790,3.526231
2374,3.949185,4.097900
2375,4.606723,4.391883
2376,4.871016,4.968650
2377,6.575755,5.678958
2378,6.146909,6.379727
2379,3.964789,4.158273
2380,4.749871,4.769166
2381,5.391831,5.310585
2382,3.357147,3.504818
2383,4.141802,4.079908
2384,4.757133,4.595015
2385,4.921659,4.983522
2386,6.644518,5.596008
2387,6.153266,6.328269
2388,4.046560,4.174310
2389,4.524891,4.678692
2390,5.202139,5.245214
2391,3.279807,3.604969
2392,3.947081,4.054012
2393,4.564739,4.585517
2394,4.869474,5.075903
2395,5.871643,5.852081
2396,5.993598,6.489930
2397,3.929275,4.244642
2398,4.787708,4.808029
2399,5.390405,5.405526
2400,3.489184,3.644788
2401,4.174450,4.121834
2402,4.775851,4.397164
2403,4.903775,5.077694
2404,6.644138,5.769772
2405,6.144722,6.429187
2406,4.098382,4.236618
2407,4.545001,4.763067
2408,5.183356,5.324895
2409,3.235241,3.666397
2410,3.907850,4.051545
2411,4.555709,4.587753
2412,4.825183,5.023504
2413,6.317598,5.748853
2414,6.090939,6.486211
2415,3.962169,4.241098
2416,4.658855,4.811685
2417,5.352718,5.399656
2418,3.327654,3.644206
2419,4.103062,4.071208
2420,4.741599,4.656561
2421,4.905808,4.963626
2422,6.442768,5.677690
2423,6.178064,6.427525
2424,3.958527,4.236390
2425,4.586207,4.737707
2426,5.189167,5.303499
2427,3.242998,3.634942
2428,3.889383,3.958262
2429,4.557356,4.589473
2430,4.933339,5.092954
2431,5.850666,5.876034
2432,6.033576,6.545389
2433,3.920166,4.275852
2434,4.883621,4.866653
2435,5.351240,5.450581
2436,3.385515,3.545119
2437,4.255102,4.152894
2438,4.774984,4.653522
2439,5.177739,5.085731
2440,6.672734,5.802164
2441,6.149053,6.485083
2442,4.016278,4.260305
2443,4.498008,4.782778
2444,5.150093,5.333533
2445,3.356516,3.515033
2446,3.902652,4.093153
2447,4.530832,4.604527
2448,4.890041,4.923398
2449,6.441210,5.757182
2450,6.090327,6.510307
2451,3.959656,4.191328
2452,4.650622,4.803605
2453,5.355098,5.392570
2454,3.338675,3.557939
2455,4.093605,4.124280
2456,4.694147,4.457725
2457,4.948095,4.969271
2458,6.488969,5.693177
2459,6.199599,6.462336
2460,3.897458,4.143295
2461,4.511188,4.735228
2462,5.159060,5.332026
2463,3.177140,3.587832
2464,3.866659,4.083097
2465,4.556749,4.642201
2466,4.879049,5.033814
2467,5.775403,5.773030
2468,6.004762,6.490739
2469,3.994875,4.212943
2470,4.748975,4.773896
2471,5.355378,5.393169
2472,3.398586,3.478188
2473,4.144099,4.079095
2474,4.748620,4.599582
2475,4.953830,5.015136
2476,6.719974,5.712209
2477,6.096699,6.436712
2478,4.110473,4.187224
2479,4.491131,4.741896
2480,5.150093,5.346270
2481,3.250975,3.593021
2482,3.882728,3.994256
2483,4.511664,4.616102
2484,4.887419,4.953997
2485,6.334836,5.739830
2486,6.113550,6.513576
2487,4.021430,4.194053
2488,4.744387,4.797362
2489,5.394137,5.443887
2490,3.403305,3.576783
2491,4.201737,4.125530
2492,4.737243,4.685822
2493,4.971921,4.940019
2494,6.642810,5.672489
2495,6.150539,6.483938
2496,3.966134,4.145907
2497,4.508211,4.731560
2498,5.156367,5.346958
2499,3.275255,3.580600
2500,3.897733,4.091716
2501,4.536357,4.699932
2502,4.890059,5.060025
2503,5.779135,5.799214
2504,5.983684,6.504975
2505,4.052028,4.209010
2506,4.800722,4.782690
2507,5.389527,5.377275
2508,3.354984,3.478581
2509,4.182810,4.082744
2510,4.717613,4.602065
2511,5.137281,5.026368
2512,6.606765,5.696012
2513,6.141509,6.430327
2514,3.953201,4.192079
2515,4.504405,4.708613
2516,5.152183,5.234236
2517,3.254869,3.454403
2518,3.981278,4.110735
2519,4.570574,4.650450
2520,4.935871,4.837732
2521,6.635797,5.627347
2522,6.150153,6.343436
2523,3.928204,4.101737
2524,4.737131,4.715297
2525,5.389747,5.278907
2526,3.388636,3.538953
2527,4.144054,4.048416
2528,4.730386,4.575085
2529,5.113716,4.894520
2530,6.635039,5.542759
2531,6.195355,6.275165
2532,4.073088,4.133571
2533,4.528003,4.652884
2534,5.156168,5.224589
2535,3.359854,3.569940
2536,3.969501,4.009735
2537,4.528333,4.557871
2538,5.025731,5.029248
2539,6.315869,5.815612
2540,6.115400,6.484214
2541,4.009274,4.191607
2542,4.734903,4.813752
2543,5.357885,5.393303
2544,3.481894,3.630062
2545,4.184820,4.151285
2546,4.750921,4.646347
2547,4.907060,5.047926
2548,6.596458,5.749524
2549,6.134352,6.449829
2550,4.010789,4.212262
2551,4.636744,4.754806
2552,5.162256,5.329088
2553,3.381120,3.631312
2554,3.998644,4.054410
2555,4.559612,4.566192
2556,4.929861,4.921255
2557,6.562765,5.670196
2558,6.130866,6.380094
2559,4.036848,4.208464
2560,4.709982,4.732568
2561,5.389308,5.321778
2562,3.342067,3.532654
2563,4.145327,4.052541
2564,4.743259,4.607585
2565,4.895038,4.981252
2566,6.562096,5.586656
2567,6.207980,6.323940
2568,3.942392,4.170877
2569,4.552447,4.679611
2570,5.144231,5.240400
2571,3.264475,3.592733
2572,3.878637,3.999700
2573,4.541029,4.479725
2574,4.917255,5.083786
2575,5.818609,5.861339
2576,6.029134,6.480464
2577,4.018970,4.257447
2578,4.763919,4.795728
2579,5.402387,5.377347
2580,3.364919,3.520858
2581,4.162726,4.078680
2582,4.781350,4.635429
2583,4.951757,5.116802
2584,6.707956,5.739466
2585,5.996534,6.426495
2586,3.944208,4.235534
2587,4.527903,4.772618
2588,5.195897,5.142456
2589,3.273708,3.645220
2590,3.973254,4.056655
2591,4.533766,4.633552
2592,4.836712,5.028975
2593,6.319848,5.782795
2594,6.065701,6.489779
2595,3.906067,4.254807
2596,4.697125,4.819048
2597,5.354558,5.398162
2598,3.323761,3.540955
2599,4.115312,4.150980
2600,4.731173,4.613839
2601,5.091083,5.041206
2602,6.495312,5.695136
2603,6.133736,6.437150
2604,3.959656,4.216722
2605,4.517379,4.747587
2606,5.198815,5.322314
2607,3.185119,3.662372
2608,3.920176,3.916145
2609,4.560219,4.570659
2610,4.881526,5.121188
2611,5.894562,5.900957
2612,5.989096,6.551822
2613,4.018852,4.282632
2614,4.767755,4.852584
2615,5.390295,5.440607
2616,3.384874,3.670918
2617,4.174791,4.114522
2618,4.749962,4.660617
2619,4.910954,5.144803
2620,6.611273,5.798932
2621,6.092776,6.486243
2622,3.953429,4.266565
2623,4.609306,4.796343
2624,5.189970,5.349877
2625,3.273880,3.674554
2626,3.971282,4.126941
2627,4.540336,4.638282
2628,4.789880,4.959198
2629,6.529047,5.753511
2630,6.093021,6.521562
2631,3.835003,4.200218
2632,4.747299,4.765672
2633,5.351096,5.397217
2634,3.362023,3.486183
2635,4.117377,4.122412
2636,4.723148,4.678355
2637,5.051092,4.982315
2638,6.545218,5.668371
2639,6.125492,6.460999
2640,3.877953,4.126226
2641,4.544899,4.730413
2642,5.220092,5.331797
2643,3.328116,3.502782
2644,3.926799,4.046143
2645,4.555622,4.663390
2646,5.000037,5.051810
2647,5.805100,5.783333
2648,6.014415,6.536207
2649,4.008574,4.217414
2650,4.740142,4.806253
2651,5.391283,5.385149
2652,3.392222,3.589053
2653,4.180707,4.108956
2654,4.715141,4.618174
2655,4.946504,5.032496
2656,6.682129,5.725771
2657,6.090816,6.469262
2658,4.118820,4.186239
2659,4.630326,4.763210
2660,5.201030,5.274361
2661,3.364616,3.585898
2662,3.905542,3.907113
2663,4.567350,4.411148
2664,5.017159,4.984830
2665,6.354395,5.737138
2666,6.118981,6.549360
2667,3.940774,4.196959
2668,4.818761,4.804904
2669,5.355487,5.419279
2670,3.386708,3.591260
2671,4.170223,4.091377
2672,4.774406,4.634064
2673,4.897687,4.937808
2674,6.621215,5.662735
2675,6.144845,6.463574
2676,3.976842,4.154575
2677,4.539485,4.700754
2678,5.186460,5.348228
2679,3.262941,3.587176
2680,3.957963,4.072205
2681,4.540250,4.630396
2682,4.868703,5.011147
2683,5.534393,5.803574
2684,6.020749,6.515014
2685,4.002990,4.228443
2686,4.784335,4.798432
2687,5.391831,5.380262
2688,3.362656,3.600432
2689,4.165095,4.103904
2690,4.805539,4.613868
2691,5.141745,4.954659
2692,6.642430,5.732925
2693,6.095350,6.461987
2694,4.001639,4.188293
2695,4.523186,4.736114
2696,5.151983,5.353245
2697,3.281873,3.588927
2698,3.891101,3.925792
2699,4.535666,4.651073
2700,5.066896,4.868982
2701,6.436348,5.616895
2702,6.137074,6.342762
2703,3.908646,4.129741
2704,4.697151,4.731070
2705,5.383284,5.294581
2706,3.358049,3.575683
2707,4.162442,4.014987
2708,4.761248,4.555910
2709,4.936979,4.915830
2710,6.624079,5.521227
2711,6.134969,6.297192
2712,3.962283,4.122758
2713,4.536256,4.648250
2714,5.175861,5.201807
2715,3.278946,3.567279
2716,3.894045,3.996967
2717,4.565086,4.585745
2718,4.847838,5.052173
2719,6.501823,5.803366
2720,6.136328,6.494542
2721,4.049767,4.177472
2722,4.702453,4.807598
2723,5.393917,5.400245
2724,3.408967,3.623003
2725,4.253420,4.125822
2726,4.779805,4.596204
2727,4.964540,5.043335
2728,6.643000,5.740070
2729,6.143362,6.439672
2730,3.936532,4.192978
2731,4.556893,4.740262
2732,5.203550,5.307299
2733,3.276969,3.452683
2734,3.935087,4.104349
2735,4.587953,4.623261
2736,4.905965,4.893308
2737,6.350456,5.707110
2738,6.173331,6.364815
2739,3.978856,4.175409
2740,4.742822,4.739544
2741,5.353743,5.315766
2742,3.396739,3.493719
2743,4.225614,4.073746
2744,4.764122,4.583020
2745,5.107605,4.976958
2746,6.564247,5.567599
2747,6.132997,6.330622
2748,4.060856,4.159286
2749,4.534039,4.659795
2750,5.147210,5.233135
2751,3.298588,3.604490
2752,3.959322,4.025385
2753,4.533506,4.458952
2754,4.910663,5.093220
2755,5.587385,5.850056
2756,6.031894,6.503129
2757,3.926347,4.232585
2758,4.707987,4.799657
2759,5.356141,5.417417
2760,3.401453,3.662130
2761,4.248481,4.094841
2762,4.716376,4.594053
2763,4.997277,5.052794
2764,6.694247,5.747984
2765,6.137928,6.419132
2766,4.059422,4.257627
2767,4.531220,4.753453
2768,5.182255,5.323431
2769,3.290420,3.647196
2770,3.927825,4.110106
2771,4.587865,4.620399
2772,4.859783,4.965902
2773,6.381422,5.764580
2774,6.125614,6.485203
2775,3.874704,4.243917
2776,4.753934,4.787848
2777,5.313960,5.381377
2778,3.330935,3.525698
2779,4.139326,4.094829
2780,4.733065,4.651639
2781,4.914427,5.007788
2782,6.623116,5.651666
2783,6.175336,6.434865
2784,3.900103,4.200962
2785,4.505511,4.746000
2786,5.209527,5.331481
2787,3.226556,3.620747
2788,3.913797,3.930584
2789,4.594163,4.649311
2790,5.020360,5.118667
2791,5.733399,5.886916
2792,6.100407,6.538115
2793,3.950141,4.200077
2794,4.773969,4.852144
2795,5.387664,5.434456
2796,3.403858,3.547035
2797,4.223634,4.155897
2798,4.775754,4.658473
2799,4.951120,5.095825
2800,6.692321,5.796630
2801,6.087636,6.460450
2802,4.048104,4.254141
2803,4.536055,4.775088
2804,5.195394,5.315533
2805,3.258688,3.546201
2806,3.909912,4.074313
2807,4.588564,4.402639
2808,4.792118,4.928353
2809,6.506033,5.719532
2810,6.089837,6.520970
2811,3.896027,4.189580
2812,4.713578,4.806297
2813,5.357265,5.416289
2814,3.329614,3.568963
2815,4.152693,4.074456
2816,4.749556,4.608197
2817,4.906434,4.957299
2818,6.431542,5.652384
2819,6.170754,6.458363
2820,4.006246,4.146722
2821,4.542316,4.735765
2822,5.245471,5.336478
2823,3.268495,3.468929
2824,3.919468,4.087719
2825,4.592762,4.650403
2826,4.900087,4.994296
2827,5.853022,5.783980
2828,6.096056,6.495426
2829,3.996727,4.184585
2830,4.783206,4.812475
2831,5.388650,5.375945
2832,3.390006,3.584276
2833,4.245809,4.118304
2834,4.798856,4.639951
2835,4.985940,5.048396
2836,6.729499,5.693559
2837,6.199849,6.447098
2838,4.051790,4.190749
2839,4.530617,4.746377
2840,5.191576,5.319035
2841,3.419848,3.584481
2842,3.905954,4.046306
2843,4.586905,4.622756
2844,4.890658,5.003557
2845,6.551856,5.757516
2846,6.206602,6.539687
2847,4.026596,4.197048
2848,4.770373,4.805472
2849,5.387226,5.394183
2850,3.378624,3.558571
2851,4.221116,4.078085
2852,4.798953,4.667522
2853,5.154214,4.990840
2854,6.660122,5.667319
2855,6.215378,6.469803
2856,4.113661,4.155838
2857,4.665640,4.728789
2858,5.257736,5.334171
2859,3.315929,3.481573
2860,3.986678,4.077477
2861,4.619100,4.667472
2862,5.134074,5.023106
2863,5.829840,5.781874
2864,6.112040,6.513988
2865,3.930515,4.212301
2866,4.768690,4.796872
2867,5.387883,5.376123
2868,3.385991,3.463703
2869,4.225657,4.115284
2870,4.799727,4.627698
2871,4.948253,5.028482
2872,6.660694,5.713634
2873,6.190494,6.453862
2874,4.043120,4.167444
2875,4.526196,4.727489
2876,5.217472,5.346231
2877,3.298819,3.440689
2878,3.916528,4.073663
2879,4.583066,4.469283
0,4.896510,4.279850
1,6.354554,5.075123
2,6.012386,5.676740
3,3.948106,3.724186
4,4.672897,4.446423
5,5.299832,4.976358
6,3.343676,3.321087
7,4.104063,4.005398
8,4.730005,4.449792
9,4.956543,4.138193
10,6.384541,4.919920
11,6.058884,5.455921
12,3.949439,3.647875
13,4.421995,4.366034
14,5.108263,4.852402
15,3.224159,3.300307
16,3.827001,3.833977
17,4.465038,4.417080
18,4.719931,4.387584
19,6.442946,5.176553
20,6.016977,5.793400
21,3.927981,3.771293
22,4.758506,4.538158
23,5.262120,5.116010
24,3.445615,3.381005
25,4.086627,4.084313
26,4.700077,4.509916
27,4.721272,4.287138
28,6.658277,5.168523
29,6.018044,5.617807
30,4.017665,3.721140
31,4.443171,4.410826
32,5.099277,4.932382
33,3.268526,3.362473
34,3.822124,3.977993
35,4.476338,4.453530
36,4.691719,4.240075
37,6.183045,5.051243
38,6.017759,5.705249
39,3.857900,3.726235
40,4.610496,4.464359
41,5.305175,5.062934
42,3.341410,3.351223
43,4.053814,3.997485
44,4.676133,4.446946
45,4.873021,4.204758
46,6.460666,4.962350
47,6.055279,5.590971
48,3.971066,3.686652
49,4.405739,4.380595
50,5.116496,4.982899
51,3.211074,3.325161
52,3.853281,3.903235
53,4.480745,4.554610
54,4.688792,4.405118
55,5.772550,5.189224
56,5.976929,5.850816
57,3.840917,3.777967
58,4.638434,4.562755
59,5.304213,5.144887
60,3.362575,3.418015
61,4.187912,4.069687
62,4.716187,4.552628
63,4.958141,4.364569
64,6.531451,5.161480
65,6.028738,5.740793
66,3.830469,3.794243
67,4.412208,4.431707
68,5.104156,5.081119
69,3.249454,3.392140
70,3.819330,3.875484
71,4.491373,4.599454
72,4.704831,4.255986
73,6.180711,5.099349
74,6.070810,5.721210
75,3.905293,3.738063
76,4.700021,4.511183
77,5.270501,5.088512
78,3.343748,3.364923
79,4.104913,4.014769
80,4.693287,4.456996
81,4.786899,4.203870
82,6.409209,4.999550
83,6.084844,5.717019
84,3.907173,3.717514
85,4.543528,4.391628
86,5.109633,5.006002
87,3.190538,3.335927
88,3.838646,3.895410
89,4.478795,4.574246
90,4.773384,4.418656
91,6.279777,5.209875
92,6.050480,5.802141
93,3.907838,3.825227
94,4.606007,4.566825
95,5.302075,5.136203
96,3.316875,3.411473
97,4.081399,4.067852
98,4.686987,4.539920
99,4.985293,4.382380
100,6.352204,5.178760
101,6.022079,5.741648
102,3.880632,3.758426
103,4.460494,4.478308
104,5.090710,5.062611
105,3.188491,3.408454
106,3.864842,3.982538
107,4.474815,4.686922
108,4.693866,4.248651
109,6.214500,5.140738
110,6.066950,5.948308
111,3.903744,3.736650
112,4.750030,4.504279
113,5.309349,5.205769
114,3.298030,3.339584
115,4.115116,4.024686
116,4.689900,4.569607
117,4.795853,4.213202
118,6.513018,5.017510
119,6.047364,5.832020
120,3.850634,3.687047
121,4.484870,4.402038
122,5.119542,5.084906
123,3.251076,3.310593
124,3.823641,3.897778
125,4.450260,4.574096
126,4.743653,4.346633
127,6.264775,5.212833
128,6.056480,5.939052
129,3.830927,3.780331
130,4.684170,4.546992
131,5.310206,5.260804
132,3.312365,3.359729
133,4.161211,4.053086
134,4.677614,4.605607
135,4.807542,4.277153
136,6.466660,5.109594
137,6.055147,5.863206
138,3.902751,3.739559
139,4.388741,4.424180
140,5.135660,5.116390
141,3.281615,3.349890
142,3.821245,3.929739
143,4.478202,4.652861
144,4.861012,4.295720
145,6.329728,5.104435
146,6.062011,5.955387
147,3.926796,3.770438
148,4.641879,4.507254
149,5.300260,5.225750
150,3.355164,3.339621
151,4.121459,4.040325
152,4.692722,4.559583
153,5.047657,4.214686
154,6.408298,5.042889
155,6.087613,5.848470
156,3.963080,3.705035
157,4.445333,4.417177
158,5.117085,5.059217
159,3.250722,3.308123
160,3.798551,3.936682
161,4.483121,4.657090
162,4.718338,4.367646
163,6.484285,5.240697
164,6.046406,5.981281
165,3.913492,3.789098
166,4.665485,4.562280
167,5.309670,5.268405
168,3.341085,3.372232
169,4.071344,4.062648
170,4.723548,4.494538
171,4.863931,4.287069
172,6.457793,5.141083
173,6.074513,5.865232
174,3.916382,3.740938
175,4.515039,4.438382
176,5.099764,5.131631
177,3.288608,3.348180
178,3.835185,3.900886
179,4.472194,4.632244
180,4.890215,4.823633
181,6.317252,5.526801
182,6.127789,6.305017
183,3.948529,4.071193
184,4.698820,4.699634
185,5.338300,5.322031
186,3.402268,3.507824
187,4.106032,4.005653
188,4.708592,4.519794
189,4.922831,4.764228
190,6.441390,5.437071
191,6.131238,6.199926
192,3.951946,4.001298
193,4.460303,4.568441
194,5.169261,5.187797
195,3.254653,3.467559
196,3.871303,3.923879
197,4.516313,4.595287
198,4.992087,5.064523
199,6.428471,5.813368
200,6.181696,6.587129
201,3.983208,4.201934
202,4.842967,4.895446
203,5.373521,5.534096
204,3.386832,3.630884
205,4.140904,4.221803
206,4.712615,4.715382
207,5.096201,4.994219
208,6.530712,5.696377
209,6.170942,6.422320
210,3.951854,4.171939
211,4.608324,4.745988
212,5.184840,5.358488
213,3.283819,3.602987
214,3.822631,4.123511
215,4.501428,4.714367
216,4.927334,4.833209
217,6.356228,5.592531
218,6.145193,6.348276
219,3.974248,4.116923
220,4.703603,4.714681
221,5.333400,5.350073
222,3.371427,3.527817
223,4.091857,3.998596
224,4.692551,4.535930
225,4.926167,4.841400
226,6.527948,5.507268
227,6.204025,6.260951
228,4.028298,4.058367
229,4.604473,4.596739
230,5.144402,5.209675
231,3.294531,3.489452
232,3.915289,3.989944
233,4.486920,4.571905
234,5.052011,5.093697
235,6.476278,5.812258
236,6.219068,6.564306
237,3.967328,4.225645
238,4.744150,4.845632
239,5.372306,5.518439
240,3.386553,3.620198
241,4.153735,4.106635
242,4.741231,4.635573
243,4.985363,5.011896
244,6.629014,5.752003
245,6.134789,6.489868
246,3.937927,4.181222
247,4.516933,4.775001
248,5.165266,5.405070
249,3.316964,3.596686
250,3.885597,4.051715
251,4.508327,4.722079
252,4.855354,4.938228
253,6.312932,5.704472
254,6.182778,6.487713
255,3.976381,4.154800
256,4.810930,4.800504
257,5.341354,5.448396
258,3.327893,3.568391
259,4.155504,4.093002
260,4.711342,4.596563
261,4.938277,4.930259
262,6.509160,5.574438
263,6.182670,6.407092
264,3.869910,4.100205
265,4.446124,4.705389
266,5.167158,5.318377
267,3.273091,3.537932
268,3.833830,4.016192
269,4.488290,4.672617
270,4.994496,5.074584
271,6.628443,5.855249
272,6.143646,6.648597
273,4.005310,4.278757
274,4.738379,4.905425
275,5.377168,5.596309
276,3.389272,3.652717
277,4.059708,4.192367
278,4.708513,4.691594
279,5.017058,5.092714
280,6.629204,5.780995
281,6.233281,6.584822
282,4.093053,4.234689
283,4.576031,4.806365
284,5.157623,5.460515
285,3.332178,3.636608
286,3.904483,4.153507
287,4.475874,4.690996
288,4.895038,4.973857
289,6.334577,5.666157
290,6.131412,6.568126
291,4.003574,4.121485
292,4.712641,4.778863
293,5.341899,5.482953
294,3.386408,3.529263
295,4.104353,4.056163
296,4.689807,4.695471
297,5.109155,4.918266
298,6.492066,5.588368
299,6.182670,6.448131
300,3.974304,4.082672
301,4.497962,4.706634
302,5.171968,5.362967
303,3.239571,3.498387
304,3.886355,4.038380
305,4.518899,4.731252
306,4.969136,5.046623
307,6.413463,5.870775
308,6.175857,6.575759
309,4.059023,4.215174
310,4.797658,4.837425
311,5.373852,5.509549
312,3.356355,3.567454
313,4.103541,4.143813
314,4.718639,4.703413
315,5.012079,5.021063
316,6.764738,5.737154
317,6.175847,6.495828
318,4.064967,4.138972
319,4.488431,4.733770
320,5.159129,5.404198
321,3.298993,3.512059
322,3.869040,4.075100
323,4.508586,4.716252
324,4.844569,4.991732
325,6.315884,5.766209
326,6.176351,6.595976
327,3.917642,4.145282
328,4.783431,4.806451
329,5.306561,5.499285
330,3.349699,3.552082
331,4.151114,4.088748
332,4.718946,4.692944
333,4.889952,4.875132
334,6.483739,5.662892
335,6.172297,6.495839
336,3.983897,4.097721
337,4.543286,4.692237
338,5.142704,5.345062
339,3.237022,3.519655
340,3.816459,4.076751
341,4.501772,4.711786
342,4.942753,5.077494
343,6.402047,5.860379
344,6.120844,6.623446
345,3.917127,4.160797
346,4.706757,4.850275
347,5.368555,5.515213
348,3.362666,3.563918
349,4.077051,4.093966
350,4.699188,4.683213
351,5.042999,5.014283
352,6.532623,5.769980
353,6.176980,6.564506
354,3.942438,4.142058
355,4.557262,4.745444
356,5.113039,5.417233
357,3.364305,3.530983
358,3.880851,4.095440
359,4.473819,4.714062
360,5.109640,4.817360
361,6.409812,5.548728
362,6.090498,6.353920
363,3.956063,4.081672
364,4.684748,4.658872
365,5.340263,5.329587
366,3.321131,3.534993
367,4.113415,4.023727
368,4.683196,4.591800
369,5.115317,4.799502
370,6.486290,5.404515
371,6.180167,6.218036
372,3.945004,4.054968
373,4.458911,4.583662
374,5.144701,5.206175
375,3.211437,3.462614
376,3.852874,3.982243
377,4.497469,4.522150
378,4.971078,5.082411
379,6.580490,5.789624
380,6.143646,6.570761
381,3.916040,4.206565
382,4.732623,4.865005
383,5.369327,5.510624
384,3.347412,3.624072
385,4.079674,4.214605
386,4.708322,4.711553
387,5.216515,5.032290
388,6.460565,5.856525
389,6.236336,6.464163
390,3.944750,4.175874
391,4.568192,4.779003
392,5.162749,5.391783
393,3.349699,3.596009
394,3.888909,4.118289
395,4.521061,4.695758
396,4.864017,4.878968
397,6.429909,5.628284
398,6.103075,6.374831
399,4.006432,4.141617
400,4.805960,4.704990
401,5.335358,5.366918
402,3.329677,3.520763
403,4.087760,4.046840
404,4.714380,4.590856
405,4.914907,4.853980
406,6.627476,5.522345
407,6.146161,6.251774
408,3.892477,4.059974
409,4.548245,4.611757
410,5.136223,5.228955
411,3.273349,3.508204
412,3.808126,3.936669
413,4.489575,4.606105
414,4.942593,5.062250
415,6.385446,5.861381
416,6.130524,6.588444
417,4.026589,4.242191
418,4.734653,4.846469
419,5.373631,5.541266
420,3.322755,3.635508
421,4.115592,4.149315
422,4.689937,4.684034
423,5.060383,5.055978
424,6.785066,5.802596
425,6.180382,6.529178
426,4.073242,4.190523
427,4.501058,4.767942
428,5.152607,5.381905
429,3.284340,3.617578
430,3.858677,4.055143
431,4.502547,4.681857
432,4.990306,4.918449
433,6.586632,5.739666
434,6.144565,6.493076
435,3.941778,4.145762
436,4.774476,4.787270
437,5.341136,5.474873
438,3.333072,3.584679
439,4.069702,4.089106
440,4.686782,4.622352
441,5.086346,4.902703
442,6.696753,5.598991
443,6.124175,6.359239
444,3.901242,4.142211
445,4.457023,4.661440
446,5.109664,5.317225
447,3.236683,3.569673
448,3.822962,4.049444
449,4.498760,4.652853
450,5.120808,5.138280
451,6.539712,5.937158
452,6.122979,6.652513
453,3.988405,4.305671
454,4.747664,4.894794
455,5.374846,5.565547
456,3.379869,3.678346
457,4.151527,4.170446
458,4.673631,4.659781
459,4.976040,5.064646
460,6.638672,5.833776
461,6.191368,6.528728
462,3.931432,4.188836
463,4.582321,4.843436
464,5.125886,5.408185
465,3.291651,3.637738
466,3.822154,4.151928
467,4.482049,4.735554
468,4.937297,4.961587
469,6.338786,5.738821
470,6.100081,6.535162
471,3.857908,4.136847
472,4.729355,4.801220
473,5.342009,5.469792
474,3.368593,3.533924
475,4.059641,4.079410
476,4.637585,4.648790
477,5.002679,4.921225
478,6.483611,5.683421
479,6.122195,6.492407
480,3.899666,4.095031
481,4.450478,4.703952
482,5.131844,5.307131
483,3.233483,3.498746
484,3.825390,3.987915
485,4.472023,4.634653
486,5.166207,5.095893
487,6.348577,5.883178
488,6.135312,6.624475
489,4.076245,4.196890
490,4.789092,4.832749
491,5.376947,5.537377
492,3.360062,3.558315
493,4.110571,4.068489
494,4.714430,4.655132
495,5.242849,5.080009
496,6.676384,5.797830
497,6.189850,6.547665
498,3.960701,4.129296
499,4.486619,4.734515
500,5.161844,5.361392
501,3.305314,3.537444
502,3.919726,4.070892
503,4.485831,4.653559
504,4.968709,4.922607
505,6.351443,5.753229
506,6.103075,6.570038
507,3.987994,4.137198
508,4.662944,4.807654
509,5.338845,5.476531
510,3.322035,3.528644
511,4.060565,4.081471
512,4.692456,4.642571
513,5.017146,4.940672
514,6.516511,5.646409
515,6.136825,6.457503
516,3.909821,4.116820
517,4.479986,4.718011
518,5.132441,5.372982
519,3.227207,3.518181
520,3.828875,4.072063
521,4.470741,4.704102
522,4.966227,5.103026
523,6.398470,5.839221
524,6.165349,6.655694
525,4.005842,4.202251
526,4.722297,4.834374
527,5.334352,5.497509
528,3.323565,3.560548
529,4.159698,4.127271
530,4.678833,4.692448
531,5.064580,5.049951
532,6.645814,5.809974
533,6.177484,6.493269
534,3.981110,4.147563
535,4.485009,4.749936
536,5.131784,5.365154
537,3.292796,3.539999
538,3.869957,4.068758
539,4.477159,4.704094
540,5.000688,4.814997
541,6.324430,5.566868
542,6.138670,6.301353
543,3.931192,4.059948
544,4.715661,4.663983
545,5.342555,5.322373
546,3.347713,3.517712
547,4.053099,4.016243
548,4.686594,4.516503
549,4.887217,4.776743
550,6.460866,5.482217
551,6.180042,6.207728
552,3.965676,4.072199
553,4.483802,4.597810
554,5.132639,5.205299
555,3.213815,3.484968
556,3.858948,3.976137
557,4.490260,4.563644
558,5.155391,5.089163
559,6.424317,5.827526
560,6.126875,6.619797
561,4.052495,4.216327
562,4.680011,4.839562
563,5.375731,5.499074
564,3.336129,3.634649
565,4.103204,4.193422
566,4.654392,4.688284
567,4.967873,5.043396
568,6.596792,5.755951
569,6.132912,6.438382
570,4.047053,4.182276
571,4.489741,4.773885
572,5.156619,5.389329
573,3.284561,3.611429
574,3.873153,4.092061
575,4.502978,4.691344
576,5.039510,4.904374
577,6.423416,5.545075
578,6.128163,6.321992
579,4.007205,4.109509
580,4.659311,4.688715
581,5.334379,5.345267
582,3.334958,3.529545
583,4.092137,3.991178
584,4.695962,4.536441
585,4.921502,4.880059
586,6.638070,5.513066
587,6.083784,6.298193
588,3.952174,4.083653
589,4.499671,4.613371
590,5.134032,5.221865
591,3.223406,3.505826
592,3.800874,3.986123
593,4.486493,4.546942
594,5.155739,5.072164
595,6.374959,5.861049
596,6.135059,6.609772
597,4.036013,4.238472
598,4.736685,4.852396
599,5.371865,5.508459
600,3.353175,3.628783
601,4.102261,4.147039
602,4.717299,4.622522
603,5.037176,5.086409
604,6.533182,5.767259
605,6.184923,6.486459
606,3.972460,4.212392
607,4.488633,4.777243
608,5.164360,5.390179
609,3.254280,3.608738
610,3.824910,4.035736
611,4.503840,4.673861
612,4.983085,4.960671
613,6.610026,5.733054
614,6.175470,6.544677
615,3.846741,4.167407
616,4.717340,4.793393
617,5.336992,5.445083
618,3.354675,3.592515
619,4.132604,4.078356
620,4.721041,4.638559
621,4.934764,4.907236
622,6.551849,5.625941
623,6.179542,6.418157
624,4.054888,4.136297
625,4.449686,4.694467
626,5.136322,5.315097
627,3.222405,3.563667
628,3.902934,4.033988
629,4.506514,4.657269
630,4.913580,5.167978
631,6.374603,5.924254
632,6.172815,6.658423
633,4.011157,4.284146
634,4.838514,4.928201
635,5.373521,5.555182
636,3.394748,3.680389
637,4.190384,4.185737
638,4.689429,4.708987
639,5.168830,5.107963
640,6.600785,5.820068
641,6.241180,6.565768
642,3.971876,4.213490
643,4.497212,4.829147
644,5.156819,5.431908
645,3.301975,3.656239
646,3.912598,4.154438
647,4.520627,4.563151
648,4.864481,4.947801
649,6.363267,5.772703
650,6.198206,6.579241
651,3.895394,4.120202
652,4.702490,4.757192
653,5.237245,5.461317
654,3.325577,3.521755
655,4.071527,4.103720
656,4.721612,4.679139
657,4.904802,4.958788
658,6.466478,5.668758
659,6.191445,6.431223
660,4.001247,4.076545
661,4.560724,4.693891
662,5.126382,5.339594
663,3.218478,3.503689
664,3.905701,4.017100
665,4.491803,4.681943
666,5.002023,5.106118
667,6.428645,5.871274
668,6.161654,6.650306
669,4.023565,4.184879
670,4.855429,4.817086
671,5.377721,5.458454
672,3.380326,3.563730
673,4.095675,4.116272
674,4.711565,4.646998
675,5.221420,4.981886
676,6.594323,5.947129
677,6.133913,6.522362
678,4.021675,4.142346
679,4.503194,4.730286
680,5.159833,5.391584
681,3.239123,3.525467
682,3.891444,4.078092
683,4.502720,4.660429
684,5.111847,4.947595
685,6.355878,5.805198
686,6.204044,6.563504
687,3.989699,4.153685
688,4.750502,4.793933
689,5.340372,5.464162
690,3.294377,3.523503
691,4.074409,4.101912
692,4.689807,4.615154
693,4.966065,4.928586
694,6.499443,5.673956
695,6.175043,6.470268
696,3.933607,4.101944
697,4.421062,4.679441
698,5.178698,5.369812
699,3.225015,3.500828
700,3.852308,4.054956
701,4.492918,4.682968
702,4.909918,5.098371
703,6.377795,5.892447
704,6.123230,6.669338
705,3.969543,4.208004
706,4.736910,4.827819
707,5.338628,5.494022
708,3.380618,3.557595
709,4.100378,4.051076
710,4.711565,4.651262
711,5.009924,5.078356
712,6.568787,5.783344
713,6.135665,6.563719
714,4.033523,4.149943
715,4.485612,4.736841
716,5.163252,5.403925
717,3.332625,3.550679
718,3.928401,4.094472
719,4.511526,4.623160
720,4.721235,4.091084
721,6.547982,4.912937
722,6.020509,5.428753
723,3.839087,3.629141
724,4.719319,4.334868
725,5.301327,4.793147
726,3.359301,3.190599
727,4.120432,3.886235
728,4.686987,4.431130
729,4.752872,4.101902
730,6.430297,4.885799
731,6.051799,5.381486
732,3.881664,3.605810
733,4.408537,4.310102
734,5.120230,4.709479
735,3.188900,3.258631
736,3.822762,3.855268
737,4.457510,4.331083
738,4.922289,4.239515
739,6.377659,5.310273
740,6.013895,5.575982
741,3.848795,3.700076
742,4.693954,4.410411
743,5.299726,4.922912
744,3.309541,3.216011
745,4.095796,3.935065
746,4.702628,4.494892
747,4.929545,4.261781
748,6.515511,5.066378
749,5.886560,5.565734
750,4.041106,3.695900
751,4.494180,4.384313
752,5.067251,4.837062
753,3.146016,3.333823
754,3.797531,3.942086
755,4.451859,4.334446
756,4.687784,4.165305
757,6.490417,5.039042
758,6.115806,5.467299
759,3.912382,3.651805
760,4.727685,4.346961
761,5.299512,4.884637
762,3.327388,3.209011
763,4.139703,3.884630
764,4.698284,4.443488
765,4.916783,4.163056
766,6.581151,4.944699
767,6.042458,5.584764
768,3.852607,3.655025
769,4.413368,4.342486
770,5.116693,4.849370
771,3.198013,3.290068
772,3.804793,3.861257
773,4.454303,4.522275
774,4.913329,4.415560
775,5.712676,5.249634
776,5.953740,5.715443
777,4.029301,3.758155
778,4.683313,4.452657
779,5.298766,4.981915
780,3.328540,3.290620
781,4.106685,4.001048
782,4.694794,4.500595
783,4.767119,4.363577
784,6.422155,5.189045
785,6.024456,5.742731
786,3.851854,3.728331
787,4.403716,4.384419
788,5.096158,4.962523
789,3.269513,3.290793
790,3.823002,3.947228
791,4.448829,4.637152
792,4.748924,4.163447
793,6.280973,5.027747
794,6.116778,5.539366
795,3.979545,3.677794
796,4.614887,4.388600
797,5.304854,4.917492
798,3.343299,3.311705
799,4.053905,3.924012
800,4.691499,4.463626
801,4.762449,4.185542
802,6.417565,4.954946
803,6.093520,5.583929
804,3.916580,3.671184
805,4.537273,4.302414
806,5.125445,4.876920
807,3.187182,3.234534
808,3.845505,3.867401
809,4.460721,4.539093
810,4.685626,4.354037
811,6.203974,5.211566
812,5.999412,5.703445
813,3.827502,3.766045
814,4.728580,4.469421
815,5.301754,4.982162
816,3.318378,3.275403
817,4.068137,3.950324
818,4.691404,4.481579
819,5.033739,4.339458
820,6.578917,5.176806
821,5.932809,5.684803
822,3.987945,3.783595
823,4.399001,4.412081
824,5.097230,4.950164
825,3.245470,3.352817
826,3.820846,3.800221
827,4.448408,4.524641
828,4.708663,4.231203
829,6.374488,5.096797
830,6.065624,5.699229
831,3.943527,3.676634
832,4.748112,4.398003
833,5.304319,4.975450
834,3.353497,3.284391
835,4.073914,3.880112
836,4.694794,4.460743
837,4.822461,4.177979
838,6.432413,5.012185
839,6.050840,5.833025
840,3.900654,3.661190
841,4.505713,4.346945
842,5.106112,5.089488
843,3.287225,3.274996
844,3.904772,3.841604
845,4.482697,4.564803
846,4.727037,4.323730
847,6.413820,5.214955
848,6.050720,5.772793
849,3.906750,3.738395
850,4.628558,4.428524
851,5.302289,5.018817
852,3.302238,3.251266
853,4.117633,3.936090
854,4.688866,4.524316
855,4.773678,4.277665
856,6.407267,5.116004
857,6.065293,5.889446
858,3.859074,3.708073
859,4.420997,4.393267
860,5.093141,5.125763
861,3.238930,3.229620
862,3.892723,3.888736
863,4.471941,4.593445
864,4.845870,4.210542
865,6.505486,5.064291
866,6.084964,5.789537
867,3.920946,3.690515
868,4.631559,4.373809
869,5.235749,4.971564
870,3.296805,3.211561
871,4.091226,3.784626
872,4.699038,4.498508
873,4.774569,4.181157
874,6.447509,5.011999
875,6.043893,5.864598
876,3.850418,3.660985
877,4.413368,4.373840
878,5.107676,5.083759
879,3.187346,3.273557
880,3.821644,3.787069
881,4.465123,4.642871
882,4.965502,4.363886
883,6.203807,5.174320
884,6.011671,5.771382
885,3.835862,3.747153
886,4.742033,4.418288
887,5.298339,5.003073
888,3.326238,3.322426
889,4.143154,3.906135
890,4.714274,4.484912
891,4.785708,4.306325
892,6.383128,5.125775
893,6.082920,5.868516
894,3.884506,3.706920
895,4.402079,4.389578
896,5.099179,5.122412
897,3.193409,3.250148
898,3.816860,3.790905
899,4.447063,4.571363
900,4.902124,4.745541
901,6.333898,5.557770
902,6.156640,6.288845
903,3.902657,4.005761
904,4.727685,4.651309
905,5.337864,5.248117
906,3.354675,3.402021
907,4.120712,3.919573
908,4.706508,4.540593
909,4.899914,4.776098
910,6.461952,5.440590
911,6.173045,6.239922
912,3.979384,3.990522
913,4.464584,4.550000
914,5.188169,5.157532
915,3.264489,3.447746
916,3.889741,3.906361
917,4.467326,4.486768
918,5.033225,4.999125
919,6.554499,5.862438
920,6.128259,6.548249
921,3.981354,4.166237
922,4.765429,4.790279
923,5.372858,5.437348
924,3.358131,3.575953
925,4.122753,4.067639
926,4.705083,4.673067
927,4.995640,4.969530
928,6.565643,5.741460
929,6.180004,6.495007
930,4.037678,4.060083
931,4.592317,4.726993
932,5.123692,5.291208
933,3.313778,3.510917
934,3.888019,4.065904
935,4.515769,4.612447
936,4.893482,4.802087
937,6.375193,5.587446
938,6.123672,6.314962
939,3.953806,4.059395
940,4.697931,4.661059
941,5.342991,5.278481
942,3.319711,3.396639
943,4.073486,3.971950
944,4.686971,4.584245
945,4.911271,4.811849
946,6.535521,5.481574
947,6.168805,6.259275
948,3.885650,4.010056
949,4.460204,4.569831
950,5.141007,5.163888
951,3.248355,3.394924
952,3.914883,3.904526
953,4.489489,4.564946
954,5.000385,5.012518
955,6.437319,5.889998
956,6.136573,6.524839
957,4.003367,4.191020
958,4.715077,4.820800
959,5.371644,5.487270
960,3.370926,3.505521
961,4.142910,4.113302
962,4.708036,4.699106
963,5.180055,5.027809
964,6.586820,5.754643
965,6.132287,6.546444
966,3.965214,4.115396
967,4.483903,4.739974
968,5.157522,5.288288
969,3.277759,3.581653
970,3.800362,4.021214
971,4.511439,4.565846
972,5.050760,4.863267
973,6.312924,5.708188
974,6.139923,6.476343
975,3.932209,4.116924
976,4.712081,4.752830
977,5.342773,5.387695
978,3.343029,3.544950
979,4.115664,4.019266
980,4.711342,4.661142
981,5.061395,4.837683
982,6.443368,5.598043
983,6.117622,6.390237
984,4.051291,4.079280
985,4.465382,4.654884
986,5.181817,5.278987
987,3.293221,3.525984
988,3.824257,4.013076
989,4.502634,4.486243
990,5.083471,5.061036
991,6.542933,5.939102
992,6.177505,6.591846
993,3.913671,4.152168
994,4.800085,4.849716
995,5.369548,5.517687
996,3.389642,3.539455
997,4.118311,4.053635
998,4.704893,4.713511
999,5.265098,5.085884
1000,6.636067,5.848818
1001,6.192000,6.582428
1002,4.050213,4.173059
1003,4.517338,4.786212
1004,5.185243,5.376932
1005,3.362384,3.541075
1006,3.888999,4.054219
1007,4.482736,4.664876
1008,4.875492,4.880480
1009,6.372200,5.759514
1010,6.182525,6.557678
1011,4.004159,4.091047
1012,4.729810,4.746704
1013,5.377153,5.418071
1014,3.347527,3.498083
1015,4.130766,4.005671
1016,4.713905,4.682981
1017,4.998088,4.833601
1018,6.498528,5.641763
1019,6.182294,6.450212
1020,3.933245,4.050476
1021,4.487236,4.648658
1022,5.168860,5.314025
1023,3.300591,3.424268
1024,3.895383,3.997134
1025,4.548142,4.604396
1026,5.004591,5.024099
1027,6.491216,5.899609
1028,6.226352,6.635636
1029,4.026167,4.161077
1030,4.876651,4.765937
1031,5.372747,5.450625
1032,3.397336,3.524282
1033,4.234515,4.029225
1034,4.736814,4.678281
1035,5.009080,4.976686
1036,6.518168,5.776214
1037,6.200362,6.549236
1038,4.086338,4.124989
1039,4.524647,4.704901
1040,5.230213,5.333905
1041,3.296805,3.475342
1042,3.888717,4.052955
1043,4.561736,4.675338
1044,4.873948,4.893712
1045,6.384049,5.760496
1046,6.137292,6.571116
1047,3.946708,4.099822
1048,4.722216,4.743571
1049,5.405253,5.411592
1050,3.392038,3.442203
1051,4.153186,4.066855
1052,4.720850,4.679927
1053,5.031434,4.868946
1054,6.638259,5.644188
1055,6.092782,6.478657
1056,4.044353,4.043010
1057,4.514235,4.677703
1058,5.203248,5.329294
1059,3.257811,3.467860
1060,3.958726,3.967186
1061,4.548142,4.675173
1062,5.067230,5.035012
1063,6.529418,5.878854
1064,6.174589,6.678192
1065,4.022856,4.158556
1066,4.774181,4.818893
1067,5.408094,5.428163
1068,3.395724,3.530561
1069,4.183960,4.065287
1070,4.773378,4.637078
1071,5.229022,5.003489
1072,6.604729,5.794987
1073,6.136667,6.553946
1074,4.059900,4.104332
1075,4.528820,4.723243
1076,5.195851,5.376141
1077,3.372909,3.447679
1078,3.873681,4.033345
1079,4.537438,4.628556
1080,4.923234,4.742865
1081,6.400833,5.548175
1082,6.137918,6.331505
1083,3.931192,4.005510
1084,4.716203,4.646193
1085,5.376934,5.242141
1086,3.356876,3.467169
1087,4.149129,3.937812
1088,4.751784,4.541457
1089,4.934605,4.759025
1090,6.732814,5.450009
1091,6.132851,6.251756
1092,4.046385,3.979956
1093,4.481842,4.552989
1094,5.211834,5.171432
1095,3.208666,3.445749
1096,3.854612,3.889366
1097,4.552926,4.551038
1098,5.144496,5.006285
1099,6.422745,5.867309
1100,6.174842,6.577912
1101,4.054049,4.167913
1102,4.760205,4.813422
1103,5.406539,5.460448
1104,3.420066,3.503559
1105,4.154514,4.124277
1106,4.731354,4.682709
1107,5.048669,5.003646
1108,6.628043,5.769183
1109,6.171948,6.506452
1110,4.017312,4.136878
1111,4.526376,4.700801
1112,5.236130,5.364933
1113,3.340638,3.485801
1114,3.873252,4.033959
1115,4.570844,4.669804
1116,4.912230,4.828788
1117,6.455465,5.722743
1118,6.151980,6.324762
1119,4.010255,4.083304
1120,4.726680,4.681818
1121,5.304286,5.319644
1122,3.373910,3.473639
1123,4.143022,3.960762
1124,4.743737,4.564556
1125,4.910323,4.817654
1126,6.548720,5.483417
1127,6.147283,6.237674
1128,4.011956,4.016316
1129,4.573019,4.603531
1130,5.167057,5.200265
1131,3.299807,3.481182
1132,3.893241,3.954030
1133,4.544149,4.519426
1134,5.050926,5.051526
1135,6.701771,5.889322
1136,6.177125,6.578994
1137,4.058733,4.190448
1138,4.757600,4.834571
1139,5.406539,5.443540
1140,3.395724,3.581298
1141,4.194094,4.101429
1142,4.732407,4.695684
1143,5.143061,5.043567
1144,6.721139,5.782211
1145,6.186691,6.515679
1146,4.037202,4.160477
1147,4.526275,4.757105
1148,5.194738,5.406893
1149,3.334756,3.574533
1150,3.893137,4.091440
1151,4.554058,4.549922
1152,4.948413,4.831927
1153,6.420533,5.700917
1154,6.137292,6.460359
1155,3.967397,4.103902
1156,4.730257,4.748425
1157,5.374299,5.397398
1158,3.339656,3.531008
1159,4.157935,4.069206
1160,4.750825,4.642407
1161,4.967105,4.888059
1162,6.708150,5.582067
1163,6.129502,6.380416
1164,3.926988,4.115123
1165,4.537870,4.663620
1166,5.169461,5.281435
1167,3.261575,3.481920
1168,3.959748,4.017506
1169,4.575289,4.605970
1170,4.986263,5.117800
1171,6.475915,5.933986
1172,6.173702,6.651814
1173,3.990217,4.229698
1174,4.732736,4.871521
1175,5.405984,5.507226
1176,3.394157,3.560062
1177,4.193321,4.119743
1178,4.798313,4.724951
1179,5.034020,5.073470
1180,6.621438,5.827684
1181,6.181643,6.543334
1182,3.995517,4.203845
1183,4.525461,4.714884
1184,5.195648,5.376982
1185,3.391210,3.542859
1186,3.963724,4.008867
1187,4.528757,4.586362
1188,4.901433,4.885325
1189,6.388609,5.747033
1190,6.180382,6.575089
1191,3.986561,4.126619
1192,4.848116,4.771851
1193,5.374299,5.412614
1194,3.369272,3.462217
1195,4.187119,4.023807
1196,4.776043,4.696397
1197,5.120013,4.842115
1198,6.559618,5.628137
1199,6.128263,6.439171
1200,4.047102,4.067597
1201,4.539204,4.671227
1202,5.175079,5.321886
1203,3.303121,3.433933
1204,3.960856,4.041275
1205,4.549967,4.655852
1206,5.060229,5.007199
1207,6.480461,5.871491
1208,6.239043,6.639904
1209,4.082928,4.168096
1210,4.769741,4.804833
1211,5.408873,5.457000
1212,3.400033,3.514064
1213,4.208852,4.069656
1214,4.732024,4.699367
1215,4.989631,4.982638
1216,6.582686,5.781750
1217,6.176728,6.537480
1218,4.034841,4.117641
1219,4.521193,4.740097
1220,5.185444,5.340739
1221,3.296805,3.533465
1222,3.892156,3.996862
1223,4.529190,4.703513
1224,5.068398,4.885787
1225,6.363941,5.765293
1226,6.131912,6.537479
1227,3.934805,4.107792
1228,4.793521,4.762288
1229,5.382432,5.449974
1230,3.332715,3.484589
1231,4.143532,4.018449
1232,4.710678,4.704523
1233,5.010296,4.895302
1234,6.743161,5.652517
1235,6.133844,6.495789
1236,3.914492,4.078454
1237,4.582911,4.685912
1238,5.190289,5.264527
1239,3.343229,3.434516
1240,3.850122,3.935608
1241,4.553883,4.620286
1242,5.039014,5.003585
1243,6.574247,5.850060
1244,6.170156,6.647890
1245,4.037321,4.157580
1246,4.879934,4.809351
1247,5.407761,5.448728
1248,3.392222,3.460355
1249,4.145020,4.055386
1250,4.742577,4.702608
1251,5.178766,5.027598
1252,6.628610,5.787549
1253,6.175596,6.570437
1254,4.129203,4.135015
1255,4.582314,4.741708
1256,5.154812,5.299375
1257,3.304693,3.513827
1258,3.969680,3.985406
1259,4.530924,4.639623
1260,4.941313,4.736538
1261,6.398704,5.567951
1262,6.134038,6.328516
1263,3.943479,4.025101
1264,4.765763,4.662789
1265,5.343537,5.287895
1266,3.319091,3.460567
1267,4.133735,3.974141
1268,4.694919,4.592450
1269,4.925690,4.759289
1270,6.522273,5.414139
1271,6.125660,6.245338
1272,3.941436,4.012384
1273,4.479848,4.549004
1274,5.169261,5.173652
1275,3.277495,3.461153
1276,3.862068,3.937032
1277,4.521489,4.520804
1278,5.039504,4.980338
1279,6.407242,5.846421
1280,6.182458,6.557949
1281,4.079766,4.171076
1282,4.726205,4.843354
1283,5.371534,5.487470
1284,3.393902,3.514581
1285,4.146542,4.120632
1286,4.704988,4.694654
1287,5.050005,5.024738
1288,6.658406,5.732525
1289,6.198586,6.502388
1290,4.022974,4.157251
1291,4.523021,4.752511
1292,5.159129,5.387803
1293,3.350784,3.569811
1294,3.909528,4.082809
1295,4.530750,4.708457
1296,4.849802,4.787251
1297,6.583062,5.599339
1298,6.142056,6.371963
1299,3.973612,4.036454
1300,4.756130,4.673363
1301,5.372324,5.314973
1302,3.348977,3.425500
1303,4.099977,4.001389
1304,4.689994,4.585473
1305,4.916490,4.825030
1306,6.546831,5.465840
1307,6.184173,6.264693
1308,3.974996,4.030210
1309,4.485137,4.592779
1310,5.165856,5.166180
1311,3.230279,3.378406
1312,3.919762,3.944491
1313,4.532919,4.528153
1314,5.046667,5.035725
1315,6.422388,5.884272
1316,6.174209,6.585097
1317,4.058944,4.209714
1318,4.744490,4.826216
1319,5.371423,5.481586
1320,3.379039,3.522017
1321,4.133833,3.978587
1322,4.702514,4.699897
1323,5.019385,5.043830
1324,6.618177,5.784459
1325,6.232390,6.527370
1326,3.986592,4.116650
1327,4.521716,4.735911
1328,5.163655,5.351361
1329,3.309276,3.576064
1330,3.855422,4.012576
1331,4.527890,4.584142
1332,4.884160,4.849283
1333,6.298340,5.698563
1334,6.202774,6.453160
1335,3.898519,4.146045
1336,4.794093,4.769599
1337,5.235426,5.423172
1338,3.347713,3.522747
1339,4.122329,4.049468
1340,4.738483,4.674714
1341,4.945796,4.849850
1342,6.440311,5.580944
1343,6.183421,6.392642
1344,3.951832,4.088399
1345,4.506116,4.688396
1346,5.136223,5.251900
1347,3.230111,3.520784
1348,3.935434,4.010009
1349,4.516743,4.628423
1350,4.954302,5.041049
1351,6.432979,5.941629
1352,6.228399,6.634826
1353,4.010138,4.209008
1354,4.736910,4.887955
1355,5.378163,5.537374
1356,3.388533,3.573278
1357,4.159522,4.114101
1358,4.744405,4.741895
1359,5.011582,5.057250
1360,6.707376,5.827752
1361,6.178113,6.581430
1362,4.048896,4.187219
1363,4.499235,4.768712
1364,5.198586,5.437526
1365,3.280091,3.544260
1366,3.967700,4.068616
1367,4.543797,4.561780
1368,5.049103,4.876537
1369,6.566951,5.741053
1370,6.182021,6.557449
1371,3.979499,4.131299
1372,4.746760,4.782827
1373,5.339827,5.398031
1374,3.339524,3.490677
1375,4.142966,4.012777
1376,4.720469,4.654394
1377,5.094153,4.843825
1378,6.533855,5.615616
1379,6.174293,6.467526
1380,4.023565,4.088133
1381,4.467324,4.688258
1382,5.169662,5.342848
1383,3.262600,3.501788
1384,3.883467,4.020303
1385,4.511578,4.710431
1386,5.036179,5.038345
1387,6.432257,5.879232
1388,6.184112,6.629008
1389,4.040656,4.169047
1390,4.808270,4.826084
1391,5.371423,5.464686
1392,3.358847,3.479517
1393,4.126470,4.074807
1394,4.715100,4.710828
1395,5.111378,4.969275
1396,6.524065,5.892812
1397,6.181643,6.549649
1398,4.099545,4.136681
1399,4.542717,4.726021
1400,5.189279,5.400774
1401,3.307753,3.539794
1402,3.955944,4.073943
1403,4.529710,4.605511
1404,4.843801,4.897306
1405,6.393351,5.758869
1406,6.185428,6.571301
1407,3.968202,4.131872
1408,4.714542,4.770589
1409,5.376055,5.440986
1410,3.314839,3.466846
1411,4.143404,4.016343
1412,4.714096,4.706478
1413,4.914749,4.897987
1414,6.504939,5.646535
1415,6.132479,6.481568
1416,3.999717,4.071435
1417,4.489037,4.673318
1418,5.175079,5.261724
1419,3.261575,3.444557
1420,3.931965,3.985610
1421,4.515107,4.638258
1422,5.099140,5.027751
1423,6.659430,5.871415
1424,6.176618,6.652398
1425,3.978424,4.182007
1426,4.766115,4.817252
1427,5.371202,5.454850
1428,3.397336,3.454194
1429,4.127318,4.039977
1430,4.705654,4.658166
1431,4.997696,4.997235
1432,6.640459,5.772820
1433,6.235827,6.560573
1434,4.001719,4.132012
1435,4.497515,4.740954
1436,5.185545,5.406197
1437,3.312629,3.504133
1438,3.911412,4.067891
1439,4.544058,4.698621
1440,4.893591,4.125058
1441,6.197476,4.944063
1442,6.046526,5.565644
1443,3.841456,3.640940
1444,4.685596,4.363533
1445,5.323887,4.983847
1446,3.401175,3.302540
1447,4.042746,3.970364
1448,4.694615,4.368212
1449,4.924653,4.120907
1450,6.409739,4.868518
1451,5.995121,5.480514
1452,3.903966,3.613613
1453,4.400172,4.283986
1454,5.089739,4.750904
1455,3.180338,3.256487
1456,3.861008,3.838188
1457,4.472954,4.407887
1458,4.702762,4.314848
1459,6.184190,5.136003
1460,6.035888,5.763378
1461,3.951612,3.745152
1462,4.774652,4.572639
1463,5.291095,5.108327
1464,3.352375,3.374949
1465,4.118285,4.083525
1466,4.709462,4.513986
1467,4.876574,4.284215
1468,6.443660,5.064326
1469,5.990651,5.592344
1470,3.932572,3.735598
1471,4.492815,4.433172
1472,5.115613,4.914052
1473,3.236832,3.328847
1474,3.848145,3.900728
1475,4.495586,4.502668
1476,4.693293,4.190850
1477,6.149746,4.998604
1478,6.029333,5.709419
1479,3.860803,3.717160
1480,4.673334,4.421911
1481,5.289712,5.075099
1482,3.332178,3.321966
1483,4.079568,3.956203
1484,4.724497,4.468159
1485,4.777412,4.204594
1486,6.471993,4.933074
1487,6.050742,5.594530
1488,3.923288,3.686947
1489,4.503423,4.342279
1490,5.093238,4.969600
1491,3.273108,3.306946
1492,3.850399,3.846956
1493,4.497454,4.585916
1494,4.737914,4.378888
1495,6.234647,5.212218
1496,5.979288,5.816917
1497,3.824937,3.783705
1498,4.625668,4.574316
1499,5.289500,5.162429
1500,3.360125,3.411994
1501,4.112841,4.075020
1502,4.693099,4.488313
1503,4.768649,4.317758
1504,6.440805,5.118365
1505,6.008451,5.743244
1506,3.940549,3.748862
1507,4.539283,4.418748
1508,5.086050,5.056313
1509,3.262430,3.366289
1510,3.874994,3.988995
1511,4.474815,4.639175
1512,4.958067,4.207142
1513,6.488787,5.010750
1514,5.988150,5.728683
1515,3.911383,3.728194
1516,4.703380,4.503221
1517,5.291095,5.077009
1518,3.434255,3.369505
1519,4.115210,3.997733
1520,4.704377,4.501675
1521,4.740730,4.182286
1522,6.393527,4.929166
1523,6.065293,5.632741
1524,3.843287,3.683602
1525,4.459923,4.361071
1526,5.088282,4.972911
1527,3.292593,3.309330
1528,3.814154,3.874320
1529,4.472025,4.593441
1530,4.712269,4.390527
1531,6.261035,5.171964
1532,6.081116,5.851444
1533,3.953765,3.779937
1534,4.630594,4.522681
1535,5.283553,5.128497
1536,3.409394,3.393699
1537,4.124825,4.051120
1538,4.725256,4.470226
1539,4.843448,4.312137
1540,6.477221,5.108452
1541,6.044442,5.701599
1542,3.855515,3.737266
1543,4.392283,4.423462
1544,5.101325,5.024087
1545,3.259537,3.363658
1546,3.830367,3.957156
1547,4.474392,4.596487
1548,4.781163,4.176600
1549,6.260820,5.079971
1550,6.037440,5.818111
1551,3.914936,3.691483
1552,4.618191,4.497217
1553,5.325921,5.153152
1554,3.344661,3.324403
1555,4.113396,4.033648
1556,4.728105,4.582688
1557,4.666887,4.135879
1558,6.382297,4.984351
1559,6.055624,5.678258
1560,3.897348,3.668742
1561,4.440418,4.341121
1562,5.091487,5.031307
1563,3.206279,3.290004
1564,3.809785,3.886311
1565,4.497624,4.650376
1566,4.789434,4.291293
1567,6.370409,5.181355
1568,5.994191,5.892939
1569,3.899992,3.758785
1570,4.705138,4.467705
1571,5.327528,5.182508
1572,3.316442,3.349352
1573,4.095926,4.043231
1574,4.716920,4.483840
1575,4.730488,4.301610
1576,6.408326,5.108822
1577,6.010226,5.815075
1578,3.872292,3.700178
1579,4.426693,4.401114
1580,5.085274,5.052262
1581,3.208172,3.326216
1582,3.827896,3.900527
1583,4.482018,4.634198
1584,4.726791,4.230281
1585,6.294372,5.070293
1586,5.999412,5.823515
1587,3.904746,3.740889
1588,4.647488,4.478693
1589,5.320038,5.183559
1590,3.327893,3.335033
1591,4.132259,4.018741
1592,4.716352,4.578140
1593,4.738416,4.199896
1594,6.425070,4.995204
1595,6.052646,5.728878
1596,3.851639,3.662568
1597,4.437547,4.392087
1598,5.121747,5.040190
1599,3.205293,3.284362
1600,3.818683,3.868658
1601,4.499069,4.585087
1602,4.784556,4.332729
1603,6.247306,5.118181
1604,6.024456,5.889324
1605,3.931563,3.726928
1606,4.630166,4.500818
1607,5.328385,5.192904
1608,3.310644,3.353385
1609,4.106965,4.072953
1610,4.711631,4.525038
1611,4.711547,4.285885
1612,6.427632,5.083084
1613,6.015317,5.782412
1614,3.993256,3.702054
1615,4.452334,4.403428
1616,5.121161,5.053587
1617,3.298240,3.330332
1618,3.882890,3.948239
1619,4.494737,4.630626
1620,4.911917,4.734350
1621,6.598120,5.533289
1622,6.113713,6.276667
1623,3.920391,4.020795
1624,4.713979,4.655780
1625,5.353308,5.326375
1626,3.382035,3.485907
1627,4.159742,3.957263
1628,4.734193,4.462852
1629,4.951280,4.724755
1630,6.669824,5.411769
1631,6.104067,6.136894
1632,3.999276,3.995973
1633,4.617127,4.565632
1634,5.151088,5.169707
1635,3.316969,3.464422
1636,3.920841,3.953733
1637,4.542502,4.562827
1638,4.978518,5.028820
1639,6.340510,5.758065
1640,6.120093,6.568130
1641,4.032718,4.215089
1642,4.711314,4.862895
1643,5.393368,5.531056
1644,3.367132,3.618416
1645,4.119322,4.243456
1646,4.716376,4.725335
1647,4.870930,4.974579
1648,6.629177,5.661759
1649,6.093266,6.460873
1650,4.099177,4.152790
1651,4.475467,4.740297
1652,5.157464,5.339258
1653,3.249800,3.587624
1654,3.865087,4.042222
1655,4.505051,4.655828
1656,4.876883,4.831624
1657,6.429545,5.477993
1658,6.086493,6.249586
1659,3.984833,4.093651
1660,4.702784,4.688134
1661,5.352545,5.311626
1662,3.369598,3.509758
1663,4.224150,3.975843
1664,4.698755,4.575421
1665,4.862622,4.801543
1666,6.522774,5.431299
1667,6.140274,6.138230
1668,4.029839,4.037508
1669,4.565687,4.565594
1670,5.121624,5.186506
1671,3.356155,3.467794
1672,3.939247,3.898412
1673,4.533852,4.511551
1674,4.976102,5.078703
1675,5.826035,5.819845
1676,6.021227,6.531253
1677,3.908088,4.210580
1678,4.809658,4.858191
1679,5.356577,5.503698
1680,3.457528,3.609444
1681,4.113415,4.134026
1682,4.748524,4.610363
1683,5.022564,5.030500
1684,6.639313,5.724531
1685,6.092531,6.389040
1686,3.976381,4.164007
1687,4.541897,4.726971
1688,5.151884,5.368589
1689,3.313541,3.594737
1690,3.834694,4.061898
1691,4.533938,4.666070
1692,4.988216,4.907982
1693,6.441570,5.609839
1694,6.084457,6.444114
1695,3.829930,4.110662
1696,4.652245,4.709792
1697,5.316966,5.400787
1698,3.361751,3.561028
1699,4.081766,4.035556
1700,4.696771,4.589711
1701,5.100831,4.834517
1702,6.454000,5.531278
1703,6.161116,6.258284
1704,3.966385,4.083819
1705,4.464522,4.667052
1706,5.106814,5.241286
1707,3.226839,3.527094
1708,3.864872,3.951978
1709,4.509085,4.564847
1710,4.904714,5.118340
1711,5.748966,5.773199
1712,6.008929,6.622794
1713,3.965560,4.217978
1714,4.704112,4.884191
1715,5.359740,5.554734
1716,3.381338,3.654183
1717,4.124398,4.166047
1718,4.722852,4.640497
1719,4.889320,5.061506
1720,6.668907,5.894209
1721,6.033864,6.462924
1722,4.119889,4.182453
1723,4.551946,4.752948
1724,5.154971,5.417519
1725,3.294849,3.608817
1726,3.932219,4.058484
1727,4.501281,4.694229
1728,4.821856,4.844133
1729,6.221201,5.654277
1730,6.089592,6.475040
1731,3.852150,4.104825
1732,4.647273,4.727165
1733,5.327946,5.463631
1734,3.290430,3.496368
1735,4.105175,4.052443
1736,4.668372,4.631494
1737,4.873799,4.835630
1738,6.477762,5.495008
1739,6.161980,6.348742
1740,3.935602,4.050036
1741,4.441113,4.630229
1742,5.141355,5.287737
1743,3.227472,3.469973
1744,3.837679,4.055795
1745,4.446098,4.683060
1746,4.889748,4.976655
1747,5.792400,5.785018
1748,5.962685,6.525763
1749,4.061933,4.167783
1750,4.708541,4.821138
1751,5.354070,5.492464
1752,3.370878,3.544682
1753,4.090974,4.117488
1754,4.715426,4.667927
1755,5.155184,4.911237
1756,6.611541,5.687727
1757,6.087146,6.419842
1758,4.088045,4.117249
1759,4.575025,4.691120
1760,5.148105,5.327217
1761,3.306004,3.512421
1762,3.905272,4.063966
1763,4.513384,4.631090
1764,4.924968,4.851180
1765,6.339814,5.638869
1766,6.128881,6.386926
1767,4.038148,4.068211
1768,4.827310,4.744632
1769,5.354723,5.420437
1770,3.358847,3.522630
1771,4.160694,4.025116
1772,4.716376,4.624648
1773,4.898978,4.773722
1774,6.558180,5.503475
1775,6.098171,6.352148
1776,4.070311,4.033226
1777,4.519368,4.650574
1778,5.192479,5.322484
1779,3.256104,3.480395
1780,3.861497,4.035177
1781,4.524774,4.651618
1782,5.017323,4.950430
1783,5.572391,5.717727
1784,6.011909,6.508901
1785,3.971423,4.170851
1786,4.740188,4.789770
1787,5.391722,5.463950
1788,3.393972,3.543361
1789,4.176126,4.071829
1790,4.775561,4.612942
1791,4.942849,4.927535
1792,6.673118,5.658017
1793,6.182161,6.403315
1794,4.118943,4.104002
1795,4.528405,4.698352
1796,5.148403,5.370895
1797,3.379441,3.510400
1798,3.991405,4.081641
1799,4.631101,4.693217
1800,4.954740,4.805342
1801,6.393527,5.447002
1802,6.122443,6.214340
1803,3.994065,4.025421
1804,4.886778,4.618498
1805,5.382191,5.304000
1806,3.378261,3.494134
1807,4.171649,3.993011
1808,4.651722,4.484523
1809,4.946980,4.754894
1810,6.567027,5.403751
1811,6.179181,6.204378
1812,4.056079,3.989014
1813,4.541203,4.549873
1814,5.218479,5.186097
1815,3.237073,3.457084
1816,3.884977,3.946074
1817,4.597055,4.483886
1818,5.122878,5.007731
1819,6.589169,5.800687
1820,6.149548,6.523087
1821,4.019204,4.205898
1822,4.843438,4.852699
1823,5.395455,5.513810
1824,3.362565,3.623423
1825,4.268398,4.193385
1826,4.778647,4.694281
1827,4.935237,4.978753
1828,6.670438,5.630349
1829,6.196977,6.463119
1830,4.043594,4.158282
1831,4.559826,4.731755
1832,5.219387,5.353349
1833,3.296369,3.589400
1834,3.964657,4.045120
1835,4.596179,4.640676
1836,4.976049,4.883752
1837,6.419647,5.507609
1838,6.171672,6.307410
1839,3.982992,4.062044
1840,4.779935,4.648493
1841,5.400956,5.294908
1842,3.364616,3.514963
1843,4.173733,3.949671
1844,4.754266,4.570552
1845,4.958780,4.822937
1846,6.769344,5.415050
1847,6.190494,6.161198
1848,3.980464,4.032435
1849,4.615856,4.549649
1850,5.186460,5.195403
1851,3.343420,3.464697
1852,3.904554,3.969362
1853,4.619364,4.514723
1854,4.935554,5.062928
1855,5.788913,5.782489
1856,6.012744,6.470629
1857,3.946073,4.225911
1858,4.743381,4.827740
1859,5.393917,5.508543
1860,3.405716,3.621485
1861,4.262538,4.127960
1862,4.776333,4.618334
1863,4.900027,5.032212
1864,6.627665,5.704332
1865,6.139656,6.404943
1866,4.099234,4.159209
1867,4.514281,4.773113
1868,5.185058,5.362773
1869,3.255591,3.589864
1870,3.856206,4.081141
1871,4.542762,4.623532
1872,4.974493,4.891565
1873,6.098464,5.705681
1874,6.058050,6.389873
1875,3.869142,4.124646
1876,4.745952,4.752184
1877,5.355207,5.418180
1878,3.397939,3.556296
1879,4.141896,4.068540
1880,4.705600,4.634885
1881,4.983410,4.850740
1882,6.556659,5.470384
1883,6.096331,6.280516
1884,3.914348,4.075233
1885,4.498162,4.623739
1886,5.183656,5.255499
1887,3.238930,3.479133
1888,3.921779,3.962075
1889,4.556142,4.581786
1890,4.860550,5.060069
1891,5.639687,5.797009
1892,6.006547,6.541262
1893,4.041343,4.241349
1894,4.746400,4.837962
1895,5.354397,5.526151
1896,3.379292,3.639349
1897,4.167848,4.161628
1898,4.750058,4.682404
1899,5.155875,5.048015
1900,6.617608,5.798036
1901,6.089470,6.461007
1902,4.077823,4.206212
1903,4.556489,4.742071
1904,5.154572,5.386168
1905,3.276282,3.559588
1906,3.910821,4.108521
1907,4.534543,4.648751
1908,4.812806,4.891834
1909,6.305170,5.637964
1910,6.056464,6.465857
1911,3.905403,4.071917
1912,4.848466,4.738542
1913,5.361711,5.427283
1914,3.304169,3.505153
1915,4.133798,4.067309
1916,4.697709,4.667895
1917,4.978679,4.863131
1918,6.554257,5.516831
1919,6.137928,6.356454
1920,3.906201,4.013780
1921,4.498658,4.657158
1922,5.186160,5.299703
1923,3.244646,3.473828
1924,3.879767,4.020662
1925,4.513557,4.682924
1926,4.852119,4.989448
1927,5.769664,5.754669
1928,5.954304,6.490895
1929,3.999624,4.153780
1930,4.721101,4.776579
1931,5.393807,5.491756
1932,3.394341,3.544736
1933,4.194993,4.101098
1934,4.746991,4.674676
1935,5.134024,4.985315
1936,6.634922,5.679390
1937,6.116264,6.446539
1938,3.952744,4.111896
1939,4.475367,4.734151
1940,5.113913,5.374865
1941,3.311083,3.537512
1942,3.857913,4.069423
1943,4.534370,4.670364
1944,4.913015,4.866414
1945,6.435462,5.639667
1946,6.122567,6.449977
1947,3.911994,4.078744
1948,4.745841,4.737250
1949,5.393148,5.427362
1950,3.387717,3.512178
1951,4.264344,4.033587
1952,4.776236,4.635336
1953,4.906536,4.848205
1954,6.621249,5.521971
1955,6.146206,6.343126
1956,3.954570,4.067543
1957,4.525593,4.627631
1958,5.168860,5.319746
1959,3.308979,3.488281
1960,3.886828,4.041390
1961,4.585810,4.687119
1962,4.881371,4.966918
1963,5.790358,5.740517
1964,6.012032,6.549727
1965,3.996379,4.143125
1966,4.812771,4.797744
1967,5.357231,5.477206
1968,3.362384,3.549197
1969,4.156672,4.094005
1970,4.721422,4.681227
1971,4.916015,4.980714
1972,6.648697,5.661127
1973,6.100749,6.479989
1974,3.947050,4.105728
1975,4.475864,4.722356
1976,5.154871,5.368922
1977,3.347527,3.524133
1978,3.927660,4.089535
1979,4.502995,4.646386
1980,4.852119,4.829672
1981,6.373432,5.519998
1982,6.103044,6.248734
1983,3.915013,4.033802
1984,4.737243,4.641609
1985,5.355159,5.312493
1986,3.342669,3.494054
1987,4.094731,3.994594
1988,4.730861,4.523170
1989,4.934764,4.715085
1990,6.551291,5.382285
1991,6.098416,6.196796
1992,3.984373,4.015759
1993,4.506217,4.572224
1994,5.149496,5.188907
1995,3.253175,3.451037
1996,3.857344,3.960918
1997,4.534370,4.519197
1998,4.869474,4.995933
1999,6.334593,5.774841
2000,6.112193,6.600718
2001,3.927923,4.195482
2002,4.778958,4.855996
2003,5.358867,5.507073
2004,3.393809,3.635584
2005,4.224204,4.224933
2006,4.712481,4.680692
2007,4.956065,4.973878
2008,6.553524,5.718819
2009,6.098661,6.449797
2010,4.001937,4.141742
2011,4.472484,4.756752
2012,5.149198,5.379608
2013,3.255591,3.584886
2014,3.942473,4.077325
2015,4.505823,4.692698
2016,4.994356,4.826421
2017,6.375721,5.515847
2018,6.095869,6.319855
2019,3.895952,4.073040
2020,4.724446,4.674819
2021,5.349934,5.321103
2022,3.346721,3.513710
2023,4.156985,3.977381
2024,4.744311,4.544834
2025,5.103007,4.840267
2026,6.578173,5.453050
2027,6.079575,6.251415
2028,3.996611,4.043349
2029,4.502303,4.570869
2030,5.152183,5.194825
2031,3.348872,3.480040
2032,3.862965,3.928384
2033,4.534629,4.537628
2034,4.863009,5.072853
2035,5.802888,5.818254
2036,5.976457,6.548911
2037,3.899078,4.210060
2038,4.785491,4.835685
2039,5.355596,5.515872
2040,3.354264,3.615933
2041,4.151195,4.129424
2042,4.756011,4.623796
2043,5.088889,5.041906
2044,6.665276,5.713842
2045,6.099644,6.494099
2046,4.055969,4.199811
2047,4.485837,4.742203
2048,5.154971,5.362602
2049,3.268145,3.584644
2050,3.862720,4.047539
2051,4.553883,4.643368
2052,4.886487,4.896327
2053,6.315178,5.644155
2054,6.082259,6.391109
2055,3.870654,4.142025
2056,4.648785,4.726602
2057,5.316751,5.400917
2058,3.303819,3.569156
2059,4.068340,4.055604
2060,4.672382,4.614259
2061,4.987480,4.848802
2062,6.444196,5.507236
2063,6.029387,6.336517
2064,3.899111,4.062892
2065,4.510989,4.662106
2066,5.154673,5.259149
2067,3.248272,3.513874
2068,3.900192,4.017256
2069,4.549533,4.643771
2070,4.870245,5.163724
2071,5.897402,5.808704
2072,6.003929,6.565144
2073,4.015576,4.262282
2074,4.761778,4.858099
2075,5.351021,5.536709
2076,3.365644,3.609766
2077,4.137215,4.094789
2078,4.738006,4.654061
2079,4.912061,5.054987
2080,6.559857,5.819472
2081,6.103575,6.522930
2082,4.002638,4.192985
2083,4.570936,4.736241
2084,5.152083,5.386392
2085,3.285583,3.645119
2086,3.912957,4.132258
2087,4.536271,4.707928
2088,4.806490,4.875360
2089,6.299835,5.626998
2090,6.095717,6.487540
2091,3.915603,4.107160
2092,4.740700,4.736209
2093,5.313208,5.411132
2094,3.316530,3.509367
2095,4.096355,4.084455
2096,4.699773,4.676764
2097,4.916626,4.850576
2098,6.544297,5.539643
2099,6.120948,6.374566
2100,3.968667,4.068854
2101,4.563674,4.656316
2102,5.146813,5.318277
2103,3.223893,3.474943
2104,3.866983,4.007705
2105,4.537568,4.642815
2106,4.869936,5.026360
2107,5.846699,5.810346
2108,6.010710,6.550338
2109,3.982992,4.149898
2110,4.841239,4.798830
2111,5.358322,5.497612
2112,3.374816,3.557636
2113,4.166708,4.123601
2114,4.737338,4.639741
2115,4.918513,4.951764
2116,6.631444,5.827312
2117,6.095717,6.461186
2118,3.948301,4.100959
2119,4.526095,4.675603
2120,5.201635,5.346571
2121,3.277313,3.536903
2122,3.892747,4.092305
2123,4.585072,4.699702
2124,4.995449,4.890574
2125,6.469653,5.603592
2126,6.056830,6.504557
2127,4.045700,4.102967
2128,4.882638,4.729208
2129,5.394027,5.418897
2130,3.365009,3.494980
2131,4.203089,4.071571
2132,4.770268,4.632914
2133,4.945549,4.861606
2134,6.640345,5.540325
2135,6.194731,6.429663
2136,3.991522,4.052695
2137,4.536861,4.652977
2138,5.193885,5.328232
2139,3.272765,3.451718
2140,3.908922,4.043015
2141,4.557529,4.639338
2142,4.872404,4.976297
2143,5.710311,5.734775
2144,6.017999,6.546714
2145,3.916132,4.129181
2146,4.794777,4.803474
2147,5.391722,5.478333
2148,3.376827,3.548238
2149,4.172124,4.084764
2150,4.779226,4.651723
2151,4.928755,4.962226
2152,6.605639,5.830924
2153,6.094491,6.468466
2154,4.061214,4.106860
2155,4.541809,4.718674
2156,5.151784,5.384264
2157,3.275510,3.496519
2158,3.912060,4.082914
2159,4.584636,4.637944
2160,4.789582,4.110872
2161,6.392648,4.921349
2162,6.082438,5.413150
2163,3.892179,3.616154
2164,4.705486,4.323145
2165,5.326564,4.817696
2166,3.355461,3.262131
2167,4.250061,3.867301
2168,4.737803,4.439042
2169,4.721090,4.061315
2170,6.535287,4.880914
2171,6.068882,5.482507
2172,3.889900,3.601828
2173,4.453598,4.300206
2174,5.196784,4.726044
2175,3.254043,3.267308
2176,3.927325,3.892179
2177,4.580091,4.334641
2178,4.769836,4.279914
2179,6.360303,5.164405
2180,6.081717,5.584781
2181,3.992552,3.693106
2182,4.717669,4.439546
2183,5.324636,4.939382
2184,3.368851,3.262031
2185,4.175351,3.973091
2186,4.760096,4.513820
2187,4.849811,4.265324
2188,6.439022,5.060333
2189,6.057889,5.536933
2190,3.922639,3.692216
2191,4.477749,4.412943
2192,5.205036,4.695359
2193,3.277551,3.310321
2194,3.917922,3.954766
2195,4.555943,4.334388
2196,4.736322,4.147048
2197,6.315173,4.985884
2198,6.137961,5.490204
2199,3.967438,3.673774
2200,4.732616,4.356200
2201,5.430276,4.895279
2202,3.386726,3.308717
2203,4.163991,3.930031
2204,4.828064,4.420217
2205,4.909508,4.143612
2206,6.434389,4.928157
2207,6.100766,5.512406
2208,3.998068,3.671102
2209,4.477847,4.313275
2210,5.207426,4.834962
2211,3.243454,3.227368
2212,3.904948,3.840867
2213,4.602801,4.537097
2214,4.757772,4.287953
2215,6.279754,5.201149
2216,6.123416,5.656775
2217,3.984991,3.753074
2218,4.792479,4.463110
2219,5.355505,4.967552
2220,3.395083,3.279521
2221,4.272572,3.945834
2222,4.809851,4.509710
2223,4.809491,4.372050
2224,6.526552,5.120798
2225,6.107736,5.684351
2226,4.020818,3.735768
2227,4.572299,4.391404
2228,5.194900,4.944997
2229,3.281714,3.278114
2230,3.976754,3.940836
2231,4.636289,4.575087
2232,4.773616,4.136710
2233,6.308204,4.990367
2234,6.127772,5.544406
2235,3.913047,3.706391
2236,4.790959,4.383842
2237,5.428858,4.897993
2238,3.353351,3.322742
2239,4.242273,3.899971
2240,4.849067,4.466783
2241,4.843460,4.162553
2242,6.516209,4.951623
2243,6.130680,5.521173
2244,3.917439,3.686644
2245,4.508828,4.338079
2246,5.194503,4.869612
2247,3.361171,3.228347
2248,3.904298,3.863627
2249,4.642604,4.580275
2250,4.902862,4.307673
2251,6.286546,5.220079
2252,6.126682,5.648724
2253,3.968677,3.750378
2254,4.839593,4.442193
2255,5.425262,4.979463
2256,3.421020,3.372199
2257,4.232792,3.949574
2258,4.859175,4.383972
2259,4.822978,4.321803
2260,6.551546,5.107938
2261,6.104970,5.652769
2262,3.936174,3.746082
2263,4.536184,4.400036
2264,5.205036,4.971043
2265,3.352330,3.302128
2266,3.934178,3.909527
2267,4.644537,4.547622
2268,4.849726,4.148180
2269,6.246502,5.021620
2270,6.132256,5.618824
2271,3.906271,3.706338
2272,4.889553,4.409997
2273,5.434535,4.931672
2274,3.395812,3.250323
2275,4.184598,3.886500
2276,4.838035,4.460388
2277,4.922345,4.249906
2278,6.492922,4.955348
2279,6.097887,5.728349
2280,4.019085,3.656744
2281,4.536382,4.377624
2282,5.234078,5.015278
2283,3.297626,3.286088
2284,3.910856,3.919546
2285,4.662882,4.614143
2286,4.980082,4.307776
2287,6.254670,5.112996
2288,6.175523,5.681134
2289,3.929390,3.736207
2290,4.790824,4.451602
2291,5.468645,4.967261
2292,3.399404,3.332208
2293,4.274854,3.934225
2294,4.890666,4.482086
2295,4.848419,4.217839
2296,6.525643,5.090806
2297,6.156908,5.779627
2298,3.935099,3.687813
2299,4.637170,4.364484
2300,5.226889,5.087389
2301,3.271123,3.298517
2302,3.917349,3.902860
2303,4.615431,4.592055
2304,4.836916,4.155518
2305,6.303453,5.049433
2306,6.126198,5.632681
2307,4.018277,3.679869
2308,4.726409,4.424270
2309,5.434862,4.928300
2310,3.402658,3.308065
2311,4.226442,3.900385
2312,4.791953,4.467792
2313,4.883265,4.133019
2314,6.501748,4.974309
2315,6.098846,5.750299
2316,3.883049,3.662170
2317,4.506176,4.381186
2318,5.206629,5.057898
2319,3.192733,3.290423
2320,3.863555,3.880450
2321,4.578448,4.587375
2322,4.735020,4.353106
2323,6.263855,5.175697
2324,6.081476,5.672361
2325,3.972668,3.721746
2326,4.732767,4.424257
2327,5.325171,4.996753
2328,3.354417,3.265323
2329,4.185449,3.932555
2330,4.768390,4.462334
2331,5.010301,4.218324
2332,6.459637,5.069827
2333,6.063142,5.773311
2334,3.900387,3.627754
2335,4.535670,4.400506
2336,5.201851,5.105219
2337,3.340695,3.285847
2338,3.858266,3.941565
2339,4.550266,4.584860
2340,5.062561,4.692243
2341,6.469472,5.500769
2342,6.146784,6.227494
2343,3.934255,3.995242
2344,4.732789,4.621128
2345,5.388541,5.263010
2346,3.391670,3.460624
2347,4.198870,3.966582
2348,4.735813,4.569239
2349,4.963580,4.701932
2350,6.658025,5.363364
2351,6.193858,6.188243
2352,4.065358,3.996690
2353,4.582911,4.536414
2354,5.186561,5.182758
2355,3.276705,3.419509
2356,3.961435,3.946614
2357,4.560307,4.521095
2358,5.001251,4.963698
2359,6.389135,5.830401
2360,6.122195,6.513002
2361,4.074050,4.146589
2362,4.860823,4.815131
2363,5.364001,5.444937
2364,3.368273,3.487071
2365,4.147718,4.110536
2366,4.776429,4.649959
2367,4.951120,4.960758
2368,6.741331,5.659462
2369,6.186014,6.417582
2370,3.946481,4.126702
2371,4.536055,4.705111
2372,5.185058,5.372087
2373,3.332790,3.496869
2374,3.949185,4.081104
2375,4.606723,4.496199
2376,4.871016,4.810229
2377,6.575755,5.537847
2378,6.146909,6.285157
2379,3.964789,4.006665
2380,4.749871,4.658447
2381,5.391831,5.247302
2382,3.357147,3.415911
2383,4.141802,3.997895
2384,4.757133,4.566729
2385,4.921659,4.794916
2386,6.644518,5.431323
2387,6.153266,6.207791
2388,4.046560,4.007876
2389,4.524891,4.549854
2390,5.202139,5.177302
2391,3.279807,3.468633
2392,3.947081,3.959548
2393,4.564739,4.543071
2394,4.869474,4.999893
2395,5.871643,5.836789
2396,5.993598,6.538853
2397,3.929275,4.178474
2398,4.787708,4.802604
2399,5.390405,5.447056
2400,3.489184,3.580527
2401,4.174450,4.118341
2402,4.775851,4.509175
2403,4.903775,4.996067
2404,6.644138,5.735876
2405,6.144722,6.447076
2406,4.098382,4.153631
2407,4.545001,4.735206
2408,5.183356,5.361587
2409,3.235241,3.592855
2410,3.907850,4.022560
2411,4.555709,4.618555
2412,4.825183,4.837796
2413,6.317598,5.608333
2414,6.090939,6.350079
2415,3.962169,4.089790
2416,4.658855,4.697346
2417,5.352718,5.340617
2418,3.327654,3.507093
2419,4.103062,3.978903
2420,4.741599,4.632610
2421,4.905808,4.776326
2422,6.442768,5.513678
2423,6.178064,6.310002
2424,3.958527,4.072618
2425,4.586207,4.614989
2426,5.189167,5.239567
2427,3.242998,3.497535
2428,3.889383,3.914248
2429,4.557356,4.558909
2430,4.933339,5.013210
2431,5.850666,5.854328
2432,6.033576,6.576560
2433,3.920166,4.156200
2434,4.883621,4.852552
2435,5.351240,5.477799
2436,3.385515,3.519845
2437,4.255102,4.135492
2438,4.774984,4.688193
2439,5.177739,4.994654
2440,6.672734,5.756753
2441,6.149053,6.490183
2442,4.016278,4.171974
2443,4.498008,4.736814
2444,5.150093,5.370434
2445,3.356516,3.515781
2446,3.902652,4.059165
2447,4.530832,4.604482
2448,4.890041,4.769950
2449,6.441210,5.640822
2450,6.090327,6.455074
2451,3.959656,4.068255
2452,4.650622,4.731820
2453,5.355098,5.366340
2454,3.338675,3.462234
2455,4.093605,4.069569
2456,4.694147,4.533676
2457,4.948095,4.796651
2458,6.488969,5.556748
2459,6.199599,6.378769
2460,3.897458,4.044593
2461,4.511188,4.640478
2462,5.159060,5.299232
2463,3.177140,3.479549
2464,3.866659,4.020573
2465,4.556749,4.648245
2466,4.879049,4.962415
2467,5.775403,5.759898
2468,6.004762,6.536114
2469,3.994875,4.140520
2470,4.748975,4.762370
2471,5.355378,5.438173
2472,3.398586,3.438624
2473,4.144099,4.056647
2474,4.748620,4.635011
2475,4.953830,4.945700
2476,6.719974,5.675217
2477,6.096699,6.450245
2478,4.110473,4.105845
2479,4.491131,4.705326
2480,5.150093,5.376310
2481,3.250975,3.522667
2482,3.882728,4.010078
2483,4.511664,4.642173
2484,4.887419,4.803172
2485,6.334836,5.628946
2486,6.113550,6.453294
2487,4.021430,4.064671
2488,4.744387,4.719767
2489,5.394137,5.418223
2490,3.403305,3.475531
2491,4.201737,4.080121
2492,4.737243,4.684647
2493,4.971921,4.771344
2494,6.642810,5.536913
2495,6.150539,6.399770
2496,3.966134,4.012851
2497,4.508211,4.640876
2498,5.156367,5.314764
2499,3.275255,3.468696
2500,3.897733,4.020538
2501,4.536357,4.689492
2502,4.890059,4.984900
2503,5.779135,5.781206
2504,5.983684,6.544574
2505,4.052028,4.134646
2506,4.800722,4.767872
2507,5.389527,5.418253
2508,3.354984,3.462374
2509,4.182810,4.057258
2510,4.717613,4.654387
2511,5.137281,4.949193
2512,6.606765,5.655010
2513,6.141509,6.445164
2514,3.953201,4.085757
2515,4.504405,4.673356
2516,5.152183,5.302042
2517,3.254869,3.428552
2518,3.981278,4.080274
2519,4.570574,4.685091
2520,4.935871,4.671378
2521,6.635797,5.496075
2522,6.150153,6.254362
2523,3.928204,3.990725
2524,4.737131,4.619753
2525,5.389747,5.241239
2526,3.388636,3.430897
2527,4.144054,3.954377
2528,4.730386,4.553293
2529,5.113716,4.719780
2530,6.635039,5.386346
2531,6.195355,6.160518
2532,4.073088,3.978761
2533,4.528003,4.537603
2534,5.156168,5.167015
2535,3.359854,3.433834
2536,3.969501,3.922272
2537,4.528333,4.553697
2538,5.025731,4.967827
2539,6.315869,5.813618
2540,6.115400,6.530423
2541,4.009274,4.134840
2542,4.734903,4.824814
2543,5.357885,5.438556
2544,3.481894,3.567622
2545,4.184820,4.145428
2546,4.750921,4.689970
2547,4.907060,4.981512
2548,6.596458,5.723867
2549,6.134352,6.473964
2550,4.010789,4.142635
2551,4.636744,4.731981
2552,5.162256,5.368060
2553,3.381120,3.563256
2554,3.998644,4.028735
2555,4.559612,4.601681
2556,4.929861,4.746727
2557,6.562765,5.534837
2558,6.130866,6.287603
2559,4.036848,4.055910
2560,4.709982,4.629062
2561,5.389308,5.260635
2562,3.342067,3.433160
2563,4.145327,3.966714
2564,4.743259,4.581237
2565,4.895038,4.792551
2566,6.562096,5.422360
2567,6.207980,6.205370
2568,3.942392,4.008295
2569,4.552447,4.556231
2570,5.144231,5.174782
2571,3.264475,3.456572
2572,3.878637,3.897010
2573,4.541029,4.499193
2574,4.917255,5.010327
2575,5.818609,5.854758
2576,6.029134,6.529219
2577,4.018970,4.191949
2578,4.763919,4.791943
2579,5.402387,5.415277
2580,3.364919,3.505082
2581,4.162726,4.060878
2582,4.781350,4.690868
2583,4.951757,5.036853
2584,6.707956,5.707465
2585,5.996534,6.451072
2586,3.944208,4.158671
2587,4.527903,4.745688
2588,5.195897,5.248569
2589,3.273708,3.574711
2590,3.973254,4.025924
2591,4.533766,4.680954
2592,4.836712,4.843386
2593,6.319848,5.639295
2594,6.065701,6.395550
2595,3.906067,4.098717
2596,4.697125,4.713895
2597,5.354558,5.338692
2598,3.323761,3.456129
2599,4.115312,4.064180
2600,4.731173,4.608265
2601,5.091083,4.848711
2602,6.495312,5.526276
2603,6.133736,6.320179
2604,3.959656,4.051139
2605,4.517379,4.625733
2606,5.198815,5.264201
2607,3.185119,3.521033
2608,3.920176,3.880114
2609,4.560219,4.544321
2610,4.881526,5.036890
2611,5.894562,5.879209
2612,5.989096,6.580511
2613,4.018852,4.205487
2614,4.767755,4.838824
2615,5.390295,5.473739
2616,3.384874,3.597847
2617,4.174791,4.091301
2618,4.749962,4.706129
2619,4.910954,5.056574
2620,6.611273,5.754940
2621,6.092776,6.493556
2622,3.953429,4.178260
2623,4.609306,4.759312
2624,5.189970,5.372490
2625,3.273880,3.596547
2626,3.971282,4.075159
2627,4.540336,4.675363
2628,4.789880,4.809826
2629,6.529047,5.646800
2630,6.093021,6.469053
2631,3.835003,4.074667
2632,4.747299,4.699486
2633,5.351096,5.373923
2634,3.362023,3.424818
2635,4.117377,4.063875
2636,4.723148,4.676322
2637,5.051092,4.817110
2638,6.545218,5.534691
2639,6.125492,6.377868
2640,3.877953,4.033548
2641,4.544899,4.642165
2642,5.220092,5.299631
2643,3.328116,3.418324
2644,3.926799,3.968611
2645,4.555622,4.638766
2646,5.000037,4.981773
2647,5.805100,5.771476
2648,6.014415,6.587134
2649,4.008574,4.147910
2650,4.740142,4.794837
2651,5.391283,5.420162
2652,3.392222,3.528781
2653,4.180707,4.097485
2654,4.715141,4.679349
2655,4.946504,4.959121
2656,6.682129,5.690019
2657,6.090816,6.489151
2658,4.118820,4.103029
2659,4.630326,4.724811
2660,5.201030,5.330352
2661,3.364616,3.511953
2662,3.905542,3.954504
2663,4.567350,4.530909
2664,5.017159,4.831884
2665,6.354395,5.623518
2666,6.118981,6.496381
2667,3.940774,4.072307
2668,4.818761,4.732571
2669,5.355487,5.392967
2670,3.386708,3.487919
2671,4.170223,4.020814
2672,4.774406,4.625504
2673,4.897687,4.777524
2674,6.621215,5.530966
2675,6.144845,6.378685
2676,3.976842,4.020151
2677,4.539485,4.613864
2678,5.186460,5.314312
2679,3.262941,3.475945
2680,3.957963,4.008992
2681,4.540250,4.627531
2682,4.868703,4.938065
2683,5.534393,5.784584
2684,6.020749,6.554388
2685,4.002990,4.156041
2686,4.784335,4.783298
2687,5.391831,5.422504
2688,3.362656,3.535311
2689,4.165095,4.092286
2690,4.805539,4.649269
2691,5.141745,4.885818
2692,6.642430,5.696469
2693,6.095350,6.473380
2694,4.001639,4.102533
2695,4.523186,4.698561
2696,5.151983,5.376451
2697,3.281873,3.517577
2698,3.891101,3.932606
2699,4.535666,4.676715
2700,5.066896,4.702932
2701,6.436348,5.489339
2702,6.137074,6.256071
2703,3.908646,3.986018
2704,4.697151,4.634894
2705,5.383284,5.239957
2706,3.358049,3.448640
2707,4.162442,3.922164
2708,4.761248,4.521001
2709,4.936979,4.740674
2710,6.624079,5.368776
2711,6.134969,6.184888
2712,3.962283,3.968495
2713,4.536256,4.531850
2714,5.175861,5.136629
2715,3.278946,3.436079
2716,3.894045,3.898969
2717,4.565086,4.553817
2718,4.847838,4.987571
2719,6.501823,5.799517
2720,6.136328,6.543444
2721,4.049767,4.141287
2722,4.702453,4.807801
2723,5.393917,5.445732
2724,3.408967,3.564899
2725,4.253420,4.121570
2726,4.779805,4.642069
2727,4.964540,4.980082
2728,6.643000,5.714098
2729,6.143362,6.462047
2730,3.936532,4.124121
2731,4.556893,4.713598
2732,5.203550,5.347435
2733,3.276969,3.474119
2734,3.935087,4.084981
2735,4.587953,4.667449
2736,4.905965,4.716462
2737,6.350456,5.576447
2738,6.173331,6.270760
2739,3.978856,4.025619
2740,4.742822,4.638305
2741,5.353743,5.254249
2742,3.396739,3.400573
2743,4.225614,3.984300
2744,4.764122,4.563086
2745,5.107605,4.787802
2746,6.564247,5.410935
2747,6.132997,6.216312
2748,4.060856,4.003579
2749,4.534039,4.535515
2750,5.147210,5.167640
2751,3.298588,3.464838
2752,3.959322,3.937304
2753,4.533506,4.485148
2754,4.910663,5.020912
2755,5.587385,5.843258
2756,6.031894,6.484057
2757,3.926347,4.162563
2758,4.707987,4.792681
2759,5.356141,5.463488
2760,3.401453,3.595851
2761,4.248481,4.080523
2762,4.716376,4.640559
2763,4.997277,4.974589
2764,6.694247,5.715904
2765,6.137928,6.404321
2766,4.059422,4.177106
2767,4.531220,4.725514
2768,5.182255,5.365228
2769,3.290420,3.574537
2770,3.927825,4.092424
2771,4.587865,4.689628
2772,4.859783,4.786184
2773,6.381422,5.620306
2774,6.125614,6.392487
2775,3.874704,4.059147
2776,4.753934,4.686260
2777,5.313960,5.324893
2778,3.330935,3.437625
2779,4.139326,4.002017
2780,4.733065,4.630527
2781,4.914427,4.818313
2782,6.623116,5.488644
2783,6.175336,6.316666
2784,3.900103,4.042639
2785,4.505511,4.627367
2786,5.209527,5.270586
2787,3.226556,3.483124
2788,3.913797,3.904629
2789,4.594163,4.639227
2790,5.020360,5.032296
2791,5.733399,5.863484
2792,6.100407,6.571055
2793,3.950141,4.153971
2794,4.773969,4.840321
2795,5.387664,5.465480
2796,3.403858,3.523295
2797,4.223634,4.143965
2798,4.775754,4.704937
2799,4.951120,5.009177
2800,6.692321,5.751405
2801,6.087636,6.466597
2802,4.048104,4.171954
2803,4.536055,4.740923
2804,5.195394,5.348477
2805,3.258688,3.523601
2806,3.909912,4.041400
2807,4.588564,4.508067
2808,4.792118,4.775751
2809,6.506033,5.602610
2810,6.089837,6.466232
2811,3.896027,4.065909
2812,4.713578,4.732815
2813,5.357265,5.382982
2814,3.329614,3.468715
2815,4.152693,4.008600
2816,4.749556,4.620159
2817,4.906434,4.796771
2818,6.431542,5.520365
2819,6.170754,6.373307
2820,4.006246,4.009915
2821,4.542316,4.628505
2822,5.245471,5.294285
2823,3.268495,3.403700
2824,3.919468,4.020326
2825,4.592762,4.645887
2826,4.900087,4.928662
2827,5.853022,5.770217
2828,6.096056,6.543122
2829,3.996727,4.118948
2830,4.783206,4.800825
2831,5.388650,5.422515
2832,3.390006,3.522993
2833,4.245809,4.104965
2834,4.798856,4.693638
2835,4.985940,4.966438
2836,6.729499,5.659769
2837,6.199849,6.467675
2838,4.051790,4.105514
2839,4.530617,4.712813
2840,5.191576,5.354437
2841,3.419848,3.513612
2842,3.905954,4.013083
2843,4.586905,4.651570
2844,4.890658,4.847415
2845,6.551856,5.648765
2846,6.206602,6.483263
2847,4.026596,4.070711
2848,4.770373,4.731297
2849,5.387226,5.364229
2850,3.378624,3.457708
2851,4.221116,4.008731
2852,4.798953,4.664032
2853,5.154214,4.826336
2854,6.660122,5.532936
2855,6.215378,6.387322
2856,4.113661,4.014088
2857,4.665640,4.632777
2858,5.257736,5.297729
2859,3.315929,3.404068
2860,3.986678,4.007970
2861,4.619100,4.656043
2862,5.134074,4.949245
2863,5.829840,5.769524
2864,6.112040,6.562605
2865,3.930515,4.143447
2866,4.768690,4.784095
2867,5.387883,5.413169
2868,3.385991,3.443387
2869,4.225657,4.099496
2870,4.799727,4.673186
2871,4.948253,4.947875
2872,6.660694,5.677151
2873,6.190494,6.468044
2874,4.043120,4.085024
2875,4.526196,4.691232
2876,5.217472,5.371222
2877,3.298819,3.417036
2878,3.916528,4.052775
2879,4.583066,4.584742
0,4.896510,4.407423
1,6.354554,5.224221
2,6.012386,5.871045
3,3.948106,3.762093
4,4.672897,4.553970
5,5.299832,5.112431
6,3.343676,3.289969
7,4.104063,4.044324
8,4.730005,4.427687
9,4.956543,4.242942
10,6.384541,5.033892
11,6.058884,5.576710
12,3.949439,3.658961
13,4.421995,4.407535
14,5.108263,4.908321
15,3.224159,3.262644
16,3.827001,3.773653
17,4.465038,4.348267
18,4.719931,4.504881
19,6.442946,5.362561
20,6.016977,6.042374
21,3.927981,3.822769
22,4.758506,4.691046
23,5.262120,5.282487
24,3.445615,3.363098
25,4.086627,4.176145
26,4.700077,4.565182
27,4.721272,4.385073
28,6.658277,5.328029
29,6.018044,5.784134
30,4.017665,3.748144
31,4.443171,4.491977
32,5.099277,5.038436
33,3.268526,3.350111
34,3.822124,3.965806
35,4.476338,4.434235
36,4.691719,4.360162
37,6.183045,5.206519
38,6.017759,5.930433
39,3.857900,3.758344
40,4.610496,4.576961
41,5.305175,5.226471
42,3.341410,3.327326
43,4.053814,4.042077
44,4.676133,4.421839
45,4.873021,4.314456
46,6.460666,5.101873
47,6.055279,5.758881
48,3.971066,3.711169
49,4.405739,4.430115
50,5.116496,5.073785
51,3.211074,3.303641
52,3.853281,3.901051
53,4.480745,4.535085
54,4.688792,4.509341
55,5.772550,5.430813
56,5.976929,6.093901
57,3.840917,3.812404
58,4.638434,4.695894
59,5.304213,5.333367
60,3.362575,3.405084
61,4.187912,4.129873
62,4.716187,4.582153
63,4.958141,4.458724
64,6.531451,5.298484
65,6.028738,5.926371
66,3.830469,3.827293
67,4.412208,4.515878
68,5.104156,5.206039
69,3.249454,3.337816
70,3.819330,3.815416
71,4.491373,4.604944
72,4.704831,4.385349
73,6.180711,5.289195
74,6.070810,5.974517
75,3.905293,3.799143
76,4.700021,4.653260
77,5.270501,5.283602
78,3.343748,3.359042
79,4.104913,4.073318
80,4.693287,4.431596
81,4.786899,4.329617
82,6.409209,5.152924
83,6.084844,5.846756
84,3.907173,3.759531
85,4.543528,4.452659
86,5.109633,5.129379
87,3.190538,3.328149
88,3.838646,3.879989
89,4.478795,4.571704
90,4.773384,4.503550
91,6.279777,5.328571
92,6.050480,5.988721
93,3.907838,3.857155
94,4.606007,4.672446
95,5.302075,5.275640
96,3.316875,3.383317
97,4.081399,4.107122
98,4.686987,4.549700
99,4.985293,4.458100
100,6.352204,5.291892
101,6.022079,5.886377
102,3.880632,3.768171
103,4.460494,4.535142
104,5.090710,5.127333
105,3.188491,3.381812
106,3.864842,3.988605
107,4.474815,4.738777
108,4.693866,4.478171
109,6.214500,5.458943
110,6.066950,6.419142
111,3.903744,3.872130
112,4.750030,4.763114
113,5.309349,5.565986
114,3.298030,3.406084
115,4.115116,4.201284
116,4.689900,4.700488
117,4.795853,4.515562
118,6.513018,5.317750
119,6.047364,6.232530
120,3.850634,3.815791
121,4.484870,4.606608
122,5.119542,5.375373
123,3.251076,3.372132
124,3.823641,3.995948
125,4.450260,4.701505
126,4.743653,4.460672
127,6.264775,5.395341
128,6.056480,6.201944
129,3.830927,3.846734
130,4.684170,4.717395
131,5.310206,5.526612
132,3.312365,3.372959
133,4.161211,4.163348
134,4.677614,4.718152
135,4.807542,4.370016
136,6.466660,5.254732
137,6.055147,6.101025
138,3.902751,3.785621
139,4.388741,4.528309
140,5.135660,5.315049
141,3.281615,3.356728
142,3.821245,3.988117
143,4.478202,4.770467
144,4.861012,4.506112
145,6.329728,5.398147
146,6.062011,6.399707
147,3.926796,3.925552
148,4.641879,4.756473
149,5.300260,5.580433
150,3.355164,3.408777
151,4.121459,4.215638
152,4.692722,4.691016
153,5.047657,4.569428
154,6.408298,5.339633
155,6.087613,6.236219
156,3.963080,3.826532
157,4.445333,4.614312
158,5.117085,5.328967
159,3.250722,3.369067
160,3.798551,4.066276
161,4.483121,4.840069
162,4.718338,4.465013
163,6.484285,5.400076
164,6.046406,6.271219
165,3.913492,3.853492
166,4.665485,4.723135
167,5.309670,5.462759
168,3.341085,3.374224
169,4.071344,4.172500
170,4.723548,4.513879
171,4.863931,4.359354
172,6.457793,5.274587
173,6.074513,6.087982
174,3.916382,3.780988
175,4.515039,4.537915
176,5.099764,5.302447
177,3.288608,3.347912
178,3.835185,3.912697
179,4.472194,4.728892
180,4.890215,4.923558
181,6.317252,5.582729
182,6.127789,6.416271
183,3.948529,4.069409
184,4.698820,4.683798
185,5.338300,5.341050
186,3.402268,3.422486
187,4.106032,3.891391
188,4.708592,4.358400
189,4.922831,4.843343
190,6.441390,5.460300
191,6.131238,6.246754
192,3.951946,3.981368
193,4.460303,4.524407
194,5.169261,5.139726
195,3.254653,3.380160
196,3.871303,3.777992
197,4.516313,4.490104
198,4.992087,5.232282
199,6.428471,6.011375
200,6.181696,6.917789
201,3.983208,4.279508
202,4.842967,5.043298
203,5.373521,5.757697
204,3.386832,3.633023
205,4.140904,4.295493
206,4.712615,4.768564
207,5.096201,5.158539
208,6.530712,5.868054
209,6.170942,6.685016
210,3.951854,4.238972
211,4.608324,4.835613
212,5.184840,5.507921
213,3.283819,3.602719
214,3.822631,4.150789
215,4.501428,4.763275
216,4.927334,4.925511
217,6.356228,5.654027
218,6.145193,6.434934
219,3.974248,4.123949
220,4.703603,4.703307
221,5.333400,5.372681
222,3.371427,3.452708
223,4.091857,3.866072
224,4.692551,4.377268
225,4.926167,4.935616
226,6.527948,5.766402
227,6.204025,6.308090
228,4.028298,4.047663
229,4.604473,4.562006
230,5.144402,5.182541
231,3.294531,3.409761
232,3.915289,3.898393
233,4.486920,4.455515
234,5.052011,5.263317
235,6.476278,6.004809
236,6.219068,6.829871
237,3.967328,4.316398
238,4.744150,4.952715
239,5.372306,5.697319
240,3.386553,3.617325
241,4.153735,4.074221
242,4.741231,4.610425
243,4.985363,5.167433
244,6.629014,5.928266
245,6.134789,6.734334
246,3.937927,4.248889
247,4.516933,4.864411
248,5.165266,5.547903
249,3.316964,3.589971
250,3.885597,4.016224
251,4.508327,4.758613
252,4.855354,5.069737
253,6.312932,5.831622
254,6.182778,6.668302
255,3.976381,4.191421
256,4.810930,4.832510
257,5.341354,5.548697
258,3.327893,3.507170
259,4.155504,4.013660
260,4.711342,4.474901
261,4.938277,5.061872
262,6.509160,5.671137
263,6.182670,6.567130
264,3.869910,4.075461
265,4.446124,4.721414
266,5.167158,5.351376
267,3.273091,3.480832
268,3.833830,3.997360
269,4.488290,4.567990
270,4.994496,5.232578
271,6.628443,6.018923
272,6.143646,6.889650
273,4.005310,4.353320
274,4.738379,4.988130
275,5.377168,5.762693
276,3.389272,3.637258
277,4.059708,4.184247
278,4.708513,4.647634
279,5.017058,5.245674
280,6.629204,5.932210
281,6.233281,6.807620
282,4.093053,4.289473
283,4.576031,4.872393
284,5.157623,5.573806
285,3.332178,3.623033
286,3.904483,4.156392
287,4.475874,4.667356
288,4.895038,5.267997
289,6.334577,5.994295
290,6.131412,7.008580
291,4.003574,4.239081
292,4.712641,4.991390
293,5.341899,5.799703
294,3.386408,3.592630
295,4.104353,4.119494
296,4.689807,4.824867
297,5.109155,5.218493
298,6.492066,6.063529
299,6.182670,6.853542
300,3.974304,4.237062
301,4.497962,4.894277
302,5.171968,5.621864
303,3.239571,3.561256
304,3.886355,4.116328
305,4.518899,4.885643
306,4.969136,5.226529
307,6.413463,6.098655
308,6.175857,6.880599
309,4.059023,4.317371
310,4.797658,4.984906
311,5.373852,5.741860
312,3.356355,3.584393
313,4.103541,4.200500
314,4.718639,4.793578
315,5.012079,5.193947
316,6.764738,5.935987
317,6.175847,6.788099
318,4.064967,4.225183
319,4.488431,4.858185
320,5.159129,5.605344
321,3.298993,3.571595
322,3.869040,4.114353
323,4.508586,4.816546
324,4.844569,5.216410
325,6.315884,6.093938
326,6.176351,7.028696
327,3.917642,4.303766
328,4.783431,5.023885
329,5.306561,5.811653
330,3.349699,3.613527
331,4.151114,4.150074
332,4.718946,4.816710
333,4.889952,5.155087
334,6.483739,5.968129
335,6.172297,6.894113
336,3.983897,4.267604
337,4.543286,4.909374
338,5.142704,5.593365
339,3.237022,3.578921
340,3.816459,4.182829
341,4.501772,4.837700
342,4.942753,5.242810
343,6.402047,6.057563
344,6.120844,6.895403
345,3.917127,4.244914
346,4.706757,4.982017
347,5.368555,5.728460
348,3.362666,3.566790
349,4.077051,4.101409
350,4.699188,4.757681
351,5.042999,5.171890
352,6.532623,5.953449
353,6.176980,6.826791
354,3.942438,4.214290
355,4.557262,4.855814
356,5.113039,5.590636
357,3.364305,3.532660
358,3.880851,4.140256
359,4.473819,4.789007
360,5.109640,4.920573
361,6.409812,5.617215
362,6.090498,6.456196
363,3.956063,4.080412
364,4.684748,4.640632
365,5.340263,5.356769
366,3.321131,3.459270
367,4.113415,3.925532
368,4.683196,4.485494
369,5.115317,4.885044
370,6.486290,5.442872
371,6.180167,6.291773
372,3.945004,4.041336
373,4.458911,4.554042
374,5.144701,5.183092
375,3.211437,3.330246
376,3.852874,3.888835
377,4.497469,4.368089
378,4.971078,5.256175
379,6.580490,5.999824
380,6.143646,6.909073
381,3.916040,4.289107
382,4.732623,5.014866
383,5.369327,5.728862
384,3.347412,3.635236
385,4.079674,4.295764
386,4.708322,4.764810
387,5.216515,5.204740
388,6.460565,5.919953
389,6.236336,6.739289
390,3.944750,4.246463
391,4.568192,4.880829
392,5.162749,5.544114
393,3.349699,3.602152
394,3.888909,4.143366
395,4.521061,4.742773
396,4.864017,4.985205
397,6.429909,5.709087
398,6.103075,6.482755
399,4.006432,4.155832
400,4.805960,4.694638
401,5.335358,5.396921
402,3.329677,3.443156
403,4.087760,3.952217
404,4.714380,4.479586
405,4.914907,4.960662
406,6.627476,5.584308
407,6.146161,6.325938
408,3.892477,4.058620
409,4.548245,4.576181
410,5.136223,5.205616
411,3.273349,3.433948
412,3.808126,3.795875
413,4.489575,4.509985
414,4.942593,5.242601
415,6.385446,6.060617
416,6.130524,6.861699
417,4.026589,4.330173
418,4.734653,4.957902
419,5.373631,5.730604
420,3.322755,3.638581
421,4.115592,4.152386
422,4.689937,4.682740
423,5.060383,5.226486
424,6.785066,5.992058
425,6.180382,6.787735
426,4.073242,4.265574
427,4.501058,4.864052
428,5.152607,5.563349
429,3.284340,3.616936
430,3.858677,4.098209
431,4.502547,4.711065
432,4.990306,5.050203
433,6.586632,5.881045
434,6.144565,6.678413
435,3.941778,4.176195
436,4.774476,4.822858
437,5.341136,5.577642
438,3.333072,3.530596
439,4.069702,4.028211
440,4.686782,4.517074
441,5.086346,5.045857
442,6.696753,5.713703
443,6.124175,6.524987
444,3.901242,4.170078
445,4.457023,4.668214
446,5.109664,5.365159
447,3.236683,3.521585
448,3.822962,3.996289
449,4.498760,4.648833
450,5.120808,5.275360
451,6.539712,6.123255
452,6.122979,6.910157
453,3.988405,4.389517
454,4.747664,4.989221
455,5.374846,5.724828
456,3.379869,3.664621
457,4.151527,4.140301
458,4.673631,4.611061
459,4.976040,5.216916
460,6.638672,6.003745
461,6.191368,6.762947
462,3.931432,4.286061
463,4.582321,4.918976
464,5.125886,5.576790
465,3.291651,3.625484
466,3.822154,4.150251
467,4.482049,4.746789
468,4.937297,5.246441
469,6.338786,6.072248
470,6.100081,6.971046
471,3.857908,4.301435
472,4.729355,5.018932
473,5.342009,5.776845
474,3.368593,3.597055
475,4.059641,4.178846
476,4.637585,4.740674
477,5.002679,5.201569
478,6.483611,6.008688
479,6.122195,6.903965
480,3.899666,4.245287
481,4.450478,4.899022
482,5.131844,5.525426
483,3.233483,3.558736
484,3.825390,4.033851
485,4.472023,4.717187
486,5.166207,5.277356
487,6.348577,6.111627
488,6.135312,6.944843
489,4.076245,4.294948
490,4.789092,4.978870
491,5.376947,5.772061
492,3.360062,3.568707
493,4.110571,4.066633
494,4.714430,4.688864
495,5.242849,5.274204
496,6.676384,6.009021
497,6.189850,6.835501
498,3.960701,4.215810
499,4.486619,4.860196
500,5.161844,5.506732
501,3.305314,3.555828
502,3.919726,4.132745
503,4.485831,4.695235
504,4.968709,5.201031
505,6.351443,6.081898
506,6.103075,6.998634
507,3.987994,4.291691
508,4.662944,4.958664
509,5.338845,5.783373
510,3.322035,3.582375
511,4.060565,4.150697
512,4.692456,4.717481
513,5.017146,5.226275
514,6.516511,5.962027
515,6.136825,6.866185
516,3.909821,4.270525
517,4.479986,4.911829
518,5.132441,5.617395
519,3.227207,3.576584
520,3.828875,4.178576
521,4.470741,4.832834
522,4.966227,5.274902
523,6.398470,6.040897
524,6.165349,6.934956
525,4.005842,4.284468
526,4.722297,4.970869
527,5.334352,5.704042
528,3.323565,3.560465
529,4.159698,4.157344
530,4.678833,4.757436
531,5.064580,5.218292
532,6.645814,5.997004
533,6.177484,6.753986
534,3.981110,4.219839
535,4.485009,4.867883
536,5.131784,5.578630
537,3.292796,3.542807
538,3.869957,4.089623
539,4.477159,4.791882
540,5.000688,4.905186
541,6.324430,5.642495
542,6.138670,6.402962
543,3.931192,4.072712
544,4.715661,4.655052
545,5.342555,5.356112
546,3.347713,3.438100
547,4.053099,3.922723
548,4.686594,4.347168
549,4.887217,4.855688
550,6.460866,5.750840
551,6.180042,6.288309
552,3.965676,4.072487
553,4.483802,4.569930
554,5.132639,5.183730
555,3.213815,3.406758
556,3.858948,3.884004
557,4.490260,4.460314
558,5.155391,5.263816
559,6.424317,6.039024
560,6.126875,6.956569
561,4.052495,4.307081
562,4.680011,4.975368
563,5.375731,5.718125
564,3.336129,3.646405
565,4.103204,4.264530
566,4.654392,4.736356
567,4.967873,5.218128
568,6.596792,5.950733
569,6.132912,6.716062
570,4.047053,4.262003
571,4.489741,4.876708
572,5.156619,5.539602
573,3.284561,3.622378
574,3.873153,4.122827
575,4.502978,4.738649
576,5.039510,5.023408
577,6.423416,5.608725
578,6.128163,6.424123
579,4.007205,4.120656
580,4.659311,4.676980
581,5.334379,5.363746
582,3.334958,3.416756
583,4.092137,3.854512
584,4.695962,4.376004
585,4.921502,4.973876
586,6.638070,5.562293
587,6.083784,6.373709
588,3.952174,4.088622
589,4.499671,4.585581
590,5.134032,5.197623
591,3.223406,3.378621
592,3.800874,3.893474
593,4.486493,4.390293
594,5.155739,5.252512
595,6.374959,6.064374
596,6.135059,6.883876
597,4.036013,4.326994
598,4.736685,4.963662
599,5.371865,5.695546
600,3.353175,3.632103
601,4.102261,4.161264
602,4.717299,4.599561
603,5.037176,5.255743
604,6.533182,5.959621
605,6.184923,6.782787
606,3.972460,4.292153
607,4.488633,4.874705
608,5.164360,5.528634
609,3.254280,3.527295
610,3.824910,4.005471
611,4.503840,4.689039
612,4.983085,5.097087
613,6.610026,5.875212
614,6.175470,6.751365
615,3.846741,4.212129
616,4.717340,4.839983
617,5.336992,5.561597
618,3.354675,3.545205
619,4.132604,3.983580
620,4.721041,4.580217
621,4.934764,5.040290
622,6.551849,5.756274
623,6.179542,6.596679
624,4.054888,4.171624
625,4.449686,4.710014
626,5.136322,5.350425
627,3.222405,3.520477
628,3.902934,3.976995
629,4.506514,4.608564
630,4.913580,5.342093
631,6.374603,6.096219
632,6.172815,6.909674
633,4.011157,4.359493
634,4.838514,5.019781
635,5.373521,5.710144
636,3.394748,3.674757
637,4.190384,4.180067
638,4.689429,4.711156
639,5.168830,5.272111
640,6.600785,5.988263
641,6.241180,6.795809
642,3.971876,4.277877
643,4.497212,4.907960
644,5.156819,5.545466
645,3.301975,3.649812
646,3.912598,4.155781
647,4.520627,4.449899
648,4.864481,5.195584
649,6.363267,6.119790
650,6.198206,7.024024
651,3.895394,4.283950
652,4.702490,4.974178
653,5.237245,5.767040
654,3.325577,3.587139
655,4.071527,4.209670
656,4.721612,4.809660
657,4.904802,5.253430
658,6.466478,5.990529
659,6.191445,6.844153
660,4.001247,4.231142
661,4.560724,4.898359
662,5.126382,5.599563
663,3.218478,3.565146
664,3.905701,4.090691
665,4.491803,4.818736
666,5.002023,5.253272
667,6.428645,6.107131
668,6.161654,6.960451
669,4.023565,4.276984
670,4.855429,4.937364
671,5.377721,5.683972
672,3.380326,3.583725
673,4.095675,4.164016
674,4.711565,4.676239
675,5.221420,5.168952
676,6.594323,6.023164
677,6.133913,6.819162
678,4.021675,4.234628
679,4.503194,4.857299
680,5.159833,5.580035
681,3.239123,3.535327
682,3.891444,4.141017
683,4.502720,4.710598
684,5.111847,5.234123
685,6.355878,6.150060
686,6.204044,6.987262
687,3.989699,4.319647
688,4.750502,5.013442
689,5.340372,5.758845
690,3.294377,3.578822
691,4.074409,4.200516
692,4.689807,4.687964
693,4.966065,5.213098
694,6.499443,6.149002
695,6.175043,6.881813
696,3.933607,4.252457
697,4.421062,4.779973
698,5.178698,5.621562
699,3.225015,3.553402
700,3.852308,4.156103
701,4.492918,4.809832
702,4.909918,5.278013
703,6.377795,6.097974
704,6.123230,6.949987
705,3.969543,4.297560
706,4.736910,4.958720
707,5.338628,5.703346
708,3.380618,3.560959
709,4.100378,4.027914
710,4.711565,4.675100
711,5.009924,5.234347
712,6.568787,5.967350
713,6.135665,6.828907
714,4.033523,4.222989
715,4.485612,4.852454
716,5.163252,5.577041
717,3.332625,3.557152
718,3.928401,4.139410
719,4.511526,4.683942
720,4.721235,4.166009
721,6.547982,5.039917
722,6.020509,5.545397
723,3.839087,3.645200
724,4.719319,4.364081
725,5.301327,4.814760
726,3.359301,3.089161
727,4.120432,3.856615
728,4.686987,4.417000
729,4.752872,4.182353
730,6.430297,5.003826
731,6.051799,5.482001
732,3.881664,3.607884
733,4.408537,4.342071
734,5.120230,4.723844
735,3.188900,3.214021
736,3.822762,3.803628
737,4.457510,4.241623
738,4.922289,4.306731
739,6.377659,5.263051
740,6.013895,5.714016
741,3.848795,3.727554
742,4.693954,4.479589
743,5.299726,4.996287
744,3.309541,3.095784
745,4.095796,3.918030
746,4.702628,4.533251
747,4.929545,4.334477
748,6.515511,5.463213
749,5.886560,5.710905
750,4.041106,3.708087
751,4.494180,4.453787
752,5.067251,4.904371
753,3.146016,3.312097
754,3.797531,3.964311
755,4.451859,4.253934
756,4.687784,4.259361
757,6.490417,5.195459
758,6.115806,5.706955
759,3.912382,3.676970
760,4.727685,4.405004
761,5.299512,4.954373
762,3.327388,3.109973
763,4.139703,3.880625
764,4.698284,4.452520
765,4.916783,4.256492
766,6.581151,5.086574
767,6.042458,5.748036
768,3.852607,3.665986
769,4.413368,4.393327
770,5.116693,4.907547
771,3.198013,3.263921
772,3.804793,3.839741
773,4.454303,4.488102
774,4.913329,4.391051
775,5.712676,5.399080
776,5.953740,5.829059
777,4.029301,3.789729
778,4.683313,4.516367
779,5.298766,5.068371
780,3.328540,3.205139
781,4.106685,4.013134
782,4.694794,4.531221
783,4.767119,4.441368
784,6.422155,5.324697
785,6.024456,5.903485
786,3.851854,3.735544
787,4.403716,4.440297
788,5.096158,5.055808
789,3.269513,3.214391
790,3.823002,3.960952
791,4.448829,4.686772
792,4.748924,4.259995
793,6.280973,5.198979
794,6.116778,5.719545
795,3.979545,3.724129
796,4.614887,4.465497
797,5.304854,5.011766
798,3.343299,3.281442
799,4.053905,3.918890
800,4.691499,4.487298
801,4.762449,4.296428
802,6.417565,5.115551
803,6.093520,5.766565
804,3.916580,3.706937
805,4.537273,4.367832
806,5.125445,4.966510
807,3.187182,3.158220
808,3.845505,3.846858
809,4.460721,4.529118
810,4.685626,4.411603
811,6.203974,5.326469
812,5.999412,5.820818
813,3.827502,3.776636
814,4.728580,4.506480
815,5.301754,5.031161
816,3.318378,3.160707
817,4.068137,3.885717
818,4.691404,4.483615
819,5.033739,4.386606
820,6.578917,5.290904
821,5.932809,5.803301
822,3.987945,3.755081
823,4.399001,4.462874
824,5.097230,5.001289
825,3.245470,3.308150
826,3.820846,3.678459
827,4.448408,4.465981
828,4.708663,4.426658
829,6.374488,5.622035
830,6.065624,6.070205
831,3.943527,3.801790
832,4.748112,4.594742
833,5.304319,5.216884
834,3.353497,3.329705
835,4.073914,3.946423
836,4.694794,4.599500
837,4.822461,4.369332
838,6.432413,5.309109
839,6.050840,6.237307
840,3.900654,3.790207
841,4.505713,4.541715
842,5.106112,5.371059
843,3.287225,3.328762
844,3.904772,3.924259
845,4.482697,4.705118
846,4.727037,4.396840
847,6.413820,5.364273
848,6.050720,5.972476
849,3.906750,3.789146
850,4.628558,4.527056
851,5.302289,5.105122
852,3.302238,3.186415
853,4.117633,3.978372
854,4.688866,4.592247
855,4.773678,4.334411
856,6.407267,5.248928
857,6.065293,6.114561
858,3.859074,3.742035
859,4.420997,4.491397
860,5.093141,5.305591
861,3.238930,3.188344
862,3.892723,3.904693
863,4.471941,4.633084
864,4.845870,4.404821
865,6.505486,5.354344
866,6.084964,6.171124
867,3.920946,3.833753
868,4.631559,4.559925
869,5.235749,5.217693
870,3.296805,3.204158
871,4.091226,3.778141
872,4.699038,4.650783
873,4.774569,4.366806
874,6.447509,5.288591
875,6.043893,6.258309
876,3.850418,3.765424
877,4.413368,4.562372
878,5.107676,5.363469
879,3.187346,3.320883
880,3.821644,3.821671
881,4.465123,4.791732
882,4.965502,4.428573
883,6.203807,5.289722
884,6.011671,5.945053
885,3.835862,3.786217
886,4.742033,4.508097
887,5.298339,5.125895
888,3.326238,3.306386
889,4.143154,3.893932
890,4.714274,4.536152
891,4.785708,4.364333
892,6.383128,5.230448
893,6.082920,6.055683
894,3.884506,3.727718
895,4.402079,4.476368
896,5.099179,5.285887
897,3.193409,3.179202
898,3.816860,3.739034
899,4.447063,4.598269
900,4.902124,4.794639
901,6.333898,5.612341
902,6.156640,6.357570
903,3.902657,3.983668
904,4.727685,4.611610
905,5.337864,5.209051
906,3.354675,3.240516
907,4.120712,3.742883
908,4.706508,4.410472
909,4.899914,4.826236
910,6.461952,5.460462
911,6.173045,6.293960
912,3.979384,3.953229
913,4.464584,4.488500
914,5.188169,5.099872
915,3.264489,3.352582
916,3.889741,3.771234
917,4.467326,4.327453
918,5.033225,5.124355
919,6.554499,6.050993
920,6.128259,6.797173
921,3.981354,4.175230
922,4.765429,4.867619
923,5.372858,5.563494
924,3.358131,3.550848
925,4.122753,4.014247
926,4.705083,4.701823
927,4.995640,5.083012
928,6.565643,5.904047
929,6.180004,6.736120
930,4.037678,4.048157
931,4.592317,4.749281
932,5.123692,5.345479
933,3.313778,3.459353
934,3.888019,4.068805
935,4.515769,4.587582
936,4.893482,4.877225
937,6.375193,5.649984
938,6.123672,6.388134
939,3.953806,4.048862
940,4.697931,4.618178
941,5.342991,5.241326
942,3.319711,3.242275
943,4.073486,3.841528
944,4.686971,4.476133
945,4.911271,4.870262
946,6.535521,5.517905
947,6.168805,6.322791
948,3.885650,3.955106
949,4.460204,4.512305
950,5.141007,5.095645
951,3.248355,3.251518
952,3.914883,3.767718
953,4.489489,4.448114
954,5.000385,5.134065
955,6.437319,6.067863
956,6.136573,6.827004
957,4.003367,4.258492
958,4.715077,4.895359
959,5.371644,5.545662
960,3.370926,3.369723
961,4.142910,4.083047
962,4.708036,4.734366
963,5.180055,5.143081
964,6.586820,5.900417
965,6.132287,6.779783
966,3.965214,4.131486
967,4.483903,4.815869
968,5.157522,5.328204
969,3.277759,3.569027
970,3.800362,3.964311
971,4.511439,4.502666
972,5.050760,4.951695
973,6.312924,5.830157
974,6.139923,6.646881
975,3.932209,4.138652
976,4.712081,4.766784
977,5.342773,5.417061
978,3.343029,3.474859
979,4.115664,3.891093
980,4.711342,4.613613
981,5.061395,4.928833
982,6.443368,5.700205
983,6.117622,6.543110
984,4.051291,4.082423
985,4.465382,4.646960
986,5.181817,5.326189
987,3.293221,3.458714
988,3.824257,3.939798
989,4.502634,4.302000
990,5.083471,5.166079
991,6.542933,6.093393
992,6.177505,6.866446
993,3.913671,4.153811
994,4.800085,4.906504
995,5.369548,5.616513
996,3.389642,3.448445
997,4.118311,3.957051
998,4.704893,4.717430
999,5.265098,5.194644
1000,6.636067,5.988333
1001,6.192000,6.786173
1002,4.050213,4.202580
1003,4.517338,4.755342
1004,5.185243,5.429724
1005,3.362384,3.464310
1006,3.888999,4.066057
1007,4.482736,4.612163
1008,4.875492,5.117027
1009,6.372200,6.088992
1010,6.182525,6.982519
1011,4.004159,4.241125
1012,4.729810,4.945637
1013,5.377153,5.682105
1014,3.347527,3.545468
1015,4.130766,4.047680
1016,4.713905,4.826332
1017,4.998088,5.067811
1018,6.498528,6.107161
1019,6.182294,6.854929
1020,3.933245,4.145735
1021,4.487236,4.832050
1022,5.168860,5.558491
1023,3.300591,3.425686
1024,3.895383,4.082927
1025,4.548142,4.688238
1026,5.004591,5.162938
1027,6.491216,6.103621
1028,6.226352,6.915859
1029,4.026167,4.249437
1030,4.876651,4.874870
1031,5.372747,5.619465
1032,3.397336,3.518022
1033,4.234515,4.005513
1034,4.736814,4.757875
1035,5.009080,5.101398
1036,6.518168,5.948205
1037,6.200362,6.808214
1038,4.086338,4.194607
1039,4.524647,4.811748
1040,5.230213,5.470656
1041,3.296805,3.517121
1042,3.888717,4.092736
1043,4.561736,4.758766
1044,4.873948,5.134227
1045,6.384049,6.091186
1046,6.137292,6.987284
1047,3.946708,4.241563
1048,4.722216,4.927899
1049,5.405253,5.662490
1050,3.392038,3.437719
1051,4.153186,4.146040
1052,4.720850,4.820520
1053,5.031434,5.105151
1054,6.638259,5.945203
1055,6.092782,6.876101
1056,4.044353,4.170608
1057,4.514235,4.859718
1058,5.203248,5.571094
1059,3.257811,3.511695
1060,3.958726,4.005067
1061,4.548142,4.799525
1062,5.067230,5.155735
1063,6.529418,6.168138
1064,6.174589,6.953933
1065,4.022856,4.234368
1066,4.774181,4.929276
1067,5.408094,5.575465
1068,3.395724,3.510180
1069,4.183960,4.056870
1070,4.773378,4.664667
1071,5.229022,5.112027
1072,6.604729,5.962754
1073,6.136667,6.659258
1074,4.059900,4.168769
1075,4.528820,4.820470
1076,5.195851,5.533422
1077,3.372909,3.384067
1078,3.873681,4.018427
1079,4.537438,4.650452
1080,4.923234,4.793948
1081,6.400833,5.616574
1082,6.137918,6.422931
1083,3.931192,3.993857
1084,4.716203,4.599542
1085,5.376934,5.194819
1086,3.356876,3.366813
1087,4.149129,3.770483
1088,4.751784,4.431047
1089,4.934605,4.818426
1090,6.732814,5.489701
1091,6.132851,6.328365
1092,4.046385,3.947973
1093,4.481842,4.496911
1094,5.211834,5.133931
1095,3.208666,3.353213
1096,3.854612,3.728214
1097,4.552926,4.439025
1098,5.144496,5.132097
1099,6.422745,6.064628
1100,6.174842,6.840860
1101,4.054049,4.231013
1102,4.760205,4.908063
1103,5.406539,5.593044
1104,3.420066,3.384699
1105,4.154514,4.124961
1106,4.731354,4.722154
1107,5.048669,5.106465
1108,6.628043,5.942865
1109,6.171948,6.756416
1110,4.017312,4.187287
1111,4.526376,4.761212
1112,5.236130,5.494964
1113,3.340638,3.411451
1114,3.873252,3.999559
1115,4.570844,4.687019
1116,4.912230,4.905817
1117,6.455465,5.647661
1118,6.151980,6.411007
1119,4.010255,4.081724
1120,4.726680,4.646993
1121,5.304286,5.293640
1122,3.373910,3.374622
1123,4.143022,3.797784
1124,4.743737,4.455943
1125,4.910323,4.890240
1126,6.548720,5.531093
1127,6.147283,6.300779
1128,4.011956,3.984149
1129,4.573019,4.562602
1130,5.167057,5.159155
1131,3.299807,3.396607
1132,3.893241,3.844837
1133,4.544149,4.351930
1134,5.050926,5.185513
1135,6.701771,6.078257
1136,6.177125,6.691216
1137,4.058733,4.249496
1138,4.757600,4.917639
1139,5.406539,5.558994
1140,3.395724,3.547212
1141,4.194094,4.068489
1142,4.732407,4.716606
1143,5.143061,5.170630
1144,6.721139,5.946436
1145,6.186691,6.747665
1146,4.037202,4.210055
1147,4.526275,4.823702
1148,5.194738,5.524857
1149,3.334756,3.548353
1150,3.893137,4.093328
1151,4.554058,4.456482
1152,4.948413,4.928146
1153,6.420533,5.830314
1154,6.137292,6.632123
1155,3.967397,4.120979
1156,4.730257,4.760987
1157,5.374299,5.439333
1158,3.339656,3.453444
1159,4.157935,3.985508
1160,4.750825,4.585825
1161,4.967105,4.990973
1162,6.708150,5.684746
1163,6.129502,6.537192
1164,3.926988,4.126488
1165,4.537870,4.654848
1166,5.169461,5.287372
1167,3.261575,3.366358
1168,3.959748,3.937071
1169,4.575289,4.508115
1170,4.986263,5.244009
1171,6.475915,6.088225
1172,6.173702,6.866848
1173,3.990217,4.214619
1174,4.732736,4.928272
1175,5.405984,5.599248
1176,3.394157,3.472338
1177,4.193321,4.040747
1178,4.798313,4.720414
1179,5.034020,5.182967
1180,6.621438,5.966183
1181,6.181643,6.741844
1182,3.995517,4.236513
1183,4.525461,4.702533
1184,5.195648,5.423076
1185,3.391210,3.461069
1186,3.963724,3.957536
1187,4.528757,4.486675
1188,4.901433,5.127462
1189,6.388609,6.086711
1190,6.180382,6.862366
1191,3.986561,4.283397
1192,4.848116,4.975136
1193,5.374299,5.665251
1194,3.369272,3.478041
1195,4.187119,4.059911
1196,4.776043,4.837939
1197,5.120013,5.084191
1198,6.559618,5.942472
1199,6.128263,6.842563
1200,4.047102,4.202728
1201,4.539204,4.848272
1202,5.175079,5.559710
1203,3.303121,3.439420
1204,3.960856,4.138215
1205,4.549967,4.755368
1206,5.060229,5.140193
1207,6.480461,6.075578
1208,6.239043,6.925356
1209,4.082928,4.247667
1210,4.769741,4.922355
1211,5.408873,5.628370
1212,3.400033,3.490913
1213,4.208852,4.065992
1214,4.732024,4.782103
1215,4.989631,5.109537
1216,6.582686,5.962666
1217,6.176728,6.794096
1218,4.034841,4.181184
1219,4.521193,4.782729
1220,5.185444,5.470012
1221,3.296805,3.530239
1222,3.892156,3.974557
1223,4.529190,4.788048
1224,5.068398,5.114878
1225,6.363941,6.099896
1226,6.131912,7.019461
1227,3.934805,4.250173
1228,4.793521,4.948876
1229,5.382432,5.696970
1230,3.332715,3.513318
1231,4.143532,4.046672
1232,4.710678,4.841119
1233,5.010296,5.132886
1234,6.743161,5.949763
1235,6.133844,6.886290
1236,3.914492,4.211013
1237,4.582911,4.859426
1238,5.190289,5.447812
1239,3.343229,3.430017
1240,3.850122,3.951274
1241,4.553883,4.680078
1242,5.039014,5.119390
1243,6.574247,6.024317
1244,6.170156,6.903062
1245,4.037321,4.248286
1246,4.879934,4.915337
1247,5.407761,5.592976
1248,3.392222,3.386022
1249,4.145020,4.032090
1250,4.742577,4.773755
1251,5.178766,5.153023
1252,6.628610,5.951797
1253,6.175596,6.822666
1254,4.129203,4.189780
1255,4.582314,4.842556
1256,5.154812,5.381436
1257,3.304693,3.500718
1258,3.969680,3.949392
1259,4.530924,4.660918
1260,4.941313,4.794849
1261,6.398704,5.634682
1262,6.134038,6.416978
1263,3.943479,4.008662
1264,4.765763,4.627821
1265,5.343537,5.256991
1266,3.319091,3.348190
1267,4.133735,3.837906
1268,4.694919,4.487897
1269,4.925690,4.814705
1270,6.522273,5.437671
1271,6.125660,6.317712
1272,3.941436,3.976110
1273,4.479848,4.491298
1274,5.169261,5.112803
1275,3.277495,3.364031
1276,3.862068,3.817024
1277,4.521489,4.356897
1278,5.039504,5.105088
1279,6.407242,6.045959
1280,6.182458,6.822566
1281,4.079766,4.249299
1282,4.726205,4.939851
1283,5.371534,5.621300
1284,3.393902,3.440374
1285,4.146542,4.109534
1286,4.704988,4.727857
1287,5.050005,5.152953
1288,6.658406,5.891482
1289,6.198586,6.757906
1290,4.022974,4.203650
1291,4.523021,4.830551
1292,5.159129,5.510694
1293,3.350784,3.547322
1294,3.909528,4.088382
1295,4.530750,4.743927
1296,4.849802,4.847616
1297,6.583062,5.669724
1298,6.142056,6.463543
1299,3.973612,4.023662
1300,4.756130,4.637346
1301,5.372324,5.286601
1302,3.348977,3.278226
1303,4.099977,3.876501
1304,4.689994,4.469004
1305,4.916490,4.896039
1306,6.546831,5.505838
1307,6.184173,6.335027
1308,3.974996,4.002024
1309,4.485137,4.546112
1310,5.165856,5.069468
1311,3.230279,3.275642
1312,3.919762,3.818800
1313,4.532919,4.351259
1314,5.046667,5.168758
1315,6.422388,6.075015
1316,6.174209,6.833526
1317,4.058944,4.276363
1318,4.744490,4.926991
1319,5.371423,5.605722
1320,3.379039,3.441017
1321,4.133833,3.846139
1322,4.702514,4.726169
1323,5.019385,5.166511
1324,6.618177,5.949160
1325,6.232390,6.763995
1326,3.986592,4.120893
1327,4.521716,4.799145
1328,5.163655,5.417342
1329,3.309276,3.555933
1330,3.855422,3.951005
1331,4.527890,4.509898
1332,4.884160,4.949018
1333,6.298340,5.831955
1334,6.202774,6.633353
1335,3.898519,4.168717
1336,4.794093,4.793400
1337,5.235426,5.466422
1338,3.347713,3.442433
1339,4.122329,3.929115
1340,4.738483,4.622585
1341,4.945796,4.951311
1342,6.440311,5.687568
1343,6.183421,6.550049
1344,3.951832,4.090698
1345,4.506116,4.692290
1346,5.136223,5.245244
1347,3.230111,3.445490
1348,3.935434,3.915080
1349,4.516743,4.543198
1350,4.954302,5.156611
1351,6.432979,6.111031
1352,6.228399,6.856466
1353,4.010138,4.239304
1354,4.736910,4.952805
1355,5.378163,5.632181
1356,3.388533,3.484736
1357,4.159522,4.034695
1358,4.744405,4.745894
1359,5.011582,5.170602
1360,6.707376,6.131814
1361,6.178113,6.791624
1362,4.048896,4.203531
1363,4.499235,4.795520
1364,5.198586,5.531082
1365,3.280091,3.463004
1366,3.967700,3.991546
1367,4.543797,4.428888
1368,5.049103,5.120092
1369,6.566951,6.082050
1370,6.182021,6.986055
1371,3.979499,4.287132
1372,4.746760,4.980651
1373,5.339827,5.637117
1374,3.339524,3.522623
1375,4.142966,4.031190
1376,4.720469,4.759355
1377,5.094153,5.085125
1378,6.533855,5.922661
1379,6.174293,6.881756
1380,4.023565,4.221290
1381,4.467324,4.867734
1382,5.169662,5.583278
1383,3.262600,3.550201
1384,3.883467,4.090586
1385,4.511578,4.834723
1386,5.036179,5.180261
1387,6.432257,6.091472
1388,6.184112,6.909105
1389,4.040656,4.253522
1390,4.808270,4.951186
1391,5.371423,5.632510
1392,3.358847,3.427121
1393,4.126470,4.075941
1394,4.715100,4.793588
1395,5.111378,5.095299
1396,6.524065,5.949425
1397,6.181643,6.818629
1398,4.099545,4.198865
1399,4.542717,4.839474
1400,5.189279,5.574016
1401,3.307753,3.535724
1402,3.955944,4.117298
1403,4.529710,4.595609
1404,4.843801,5.132013
1405,6.393351,6.082964
1406,6.185428,6.985949
1407,3.968202,4.275853
1408,4.714542,4.956507
1409,5.376055,5.693990
1410,3.314839,3.466226
1411,4.143404,4.035582
1412,4.714096,4.800473
1413,4.914749,5.138540
1414,6.504939,5.959538
1415,6.132479,6.878698
1416,3.999717,4.215169
1417,4.489037,4.843578
1418,5.175079,5.436714
1419,3.261575,3.442587
1420,3.931965,4.024842
1421,4.515107,4.700058
1422,5.099140,5.151267
1423,6.659430,6.059547
1424,6.176618,6.909130
1425,3.978424,4.256645
1426,4.766115,4.919731
1427,5.371202,5.600694
1428,3.397336,3.379627
1429,4.127318,3.988057
1430,4.705654,4.684860
1431,4.997696,5.115808
1432,6.640459,5.933759
1433,6.235827,6.800901
1434,4.001719,4.180299
1435,4.497515,4.839883
1436,5.185545,5.563239
1437,3.312629,3.474547
1438,3.911412,4.088766
1439,4.544058,4.742680
1440,4.893591,4.228565
1441,6.197476,5.078492
1442,6.046526,5.769831
1443,3.841456,3.685219
1444,4.685596,4.450222
1445,5.323887,5.127431
1446,3.401175,3.265579
1447,4.042746,4.002083
1448,4.694615,4.301091
1449,4.924653,4.206234
1450,6.409739,4.973925
1451,5.995121,5.604241
1452,3.903966,3.625059
1453,4.400172,4.324869
1454,5.089739,4.749550
1455,3.180338,3.213948
1456,3.861008,3.785627
1457,4.472954,4.358265
1458,4.702762,4.417881
1459,6.184190,5.297748
1460,6.035888,6.013852
1461,3.951612,3.790494
1462,4.774652,4.726857
1463,5.291095,5.302372
1464,3.352375,3.358268
1465,4.118285,4.171292
1466,4.709462,4.574860
1467,4.876574,4.380454
1468,6.443660,5.207163
1469,5.990651,5.765393
1470,3.932572,3.766001
1471,4.492815,4.518835
1472,5.115613,5.023234
1473,3.236832,3.329235
1474,3.848145,3.885600
1475,4.495586,4.518659
1476,4.693293,4.306175
1477,6.149746,5.376842
1478,6.029333,5.954752
1479,3.860803,3.765123
1480,4.673334,4.537258
1481,5.289712,5.213636
1482,3.332178,3.295274
1483,4.079568,3.994725
1484,4.724497,4.444792
1485,4.777412,4.325861
1486,6.471993,5.071309
1487,6.050742,5.765564
1488,3.923288,3.721397
1489,4.503423,4.348280
1490,5.093238,5.069532
1491,3.273108,3.268933
1492,3.850399,3.804633
1493,4.497454,4.594206
1494,4.737914,4.492674
1495,6.234647,5.385853
1496,5.979288,6.069898
1497,3.824937,3.835192
1498,4.625668,4.713546
1499,5.289500,5.370564
1500,3.360125,3.380434
1501,4.112841,4.144930
1502,4.693099,4.480133
1503,4.768649,4.421206
1504,6.440805,5.274013
1505,6.008451,5.942133
1506,3.940549,3.781410
1507,4.539283,4.499168
1508,5.086050,5.182041
1509,3.262430,3.349155
1510,3.874994,4.016835
1511,4.474815,4.696027
1512,4.958067,4.339308
1513,6.488787,5.202977
1514,5.988150,6.000880
1515,3.911383,3.782084
1516,4.703380,4.647997
1517,5.291095,5.270342
1518,3.434255,3.370285
1519,4.115210,4.058258
1520,4.704377,4.533142
1521,4.740730,4.323429
1522,6.393527,5.094282
1523,6.065293,5.839305
1524,3.843287,3.730754
1525,4.459923,4.440886
1526,5.088282,5.096030
1527,3.292593,3.295838
1528,3.814154,3.853002
1529,4.472025,4.599907
1530,4.712269,4.477894
1531,6.261035,5.301915
1532,6.081116,6.022155
1533,3.953765,3.805261
1534,4.630594,4.624617
1535,5.283553,5.286697
1536,3.409394,3.367766
1537,4.124825,4.091303
1538,4.725256,4.433526
1539,4.843448,4.384127
1540,6.477221,5.212542
1541,6.044442,5.854565
1542,3.855515,3.751098
1543,4.392283,4.476075
1544,5.101325,5.119123
1545,3.259537,3.333443
1546,3.830367,3.949098
1547,4.474392,4.591025
1548,4.781163,4.400397
1549,6.260820,5.403522
1550,6.037440,6.285813
1551,3.914936,3.829126
1552,4.618191,4.748971
1553,5.325921,5.523762
1554,3.344661,3.390048
1555,4.113396,4.211166
1556,4.728105,4.766637
1557,4.666887,4.362175
1558,6.382297,5.307159
1559,6.055624,6.094747
1560,3.897348,3.829679
1561,4.440418,4.543755
1562,5.091487,5.321667
1563,3.206279,3.358401
1564,3.809785,3.971200
1565,4.497624,4.839198
1566,4.789434,4.406868
1567,6.370409,5.372678
1568,5.994191,6.221982
1569,3.899992,3.834687
1570,4.705138,4.627873
1571,5.327528,5.448371
1572,3.316442,3.335766
1573,4.095926,4.150168
1574,4.716920,4.529367
1575,4.730488,4.414438
1576,6.408326,5.516441
1577,6.010226,6.070697
1578,3.872292,3.749647
1579,4.426693,4.514860
1580,5.085274,5.246037
1581,3.208172,3.330809
1582,3.827896,3.909236
1583,4.482018,4.747354
1584,4.726791,4.454026
1585,6.294372,5.603046
1586,5.999412,6.292722
1587,3.904746,3.859101
1588,4.647488,4.744055
1589,5.320038,5.556810
1590,3.327893,3.379738
1591,4.132259,4.181886
1592,4.716352,4.761883
1593,4.738416,4.421102
1594,6.425070,5.292479
1595,6.052646,6.139903
1596,3.851639,3.803627
1597,4.437547,4.604339
1598,5.121747,5.335220
1599,3.205293,3.366257
1600,3.818683,3.948330
1601,4.499069,4.718572
1602,4.784556,4.435796
1603,6.247306,5.294009
1604,6.024456,6.187018
1605,3.931563,3.801316
1606,4.630166,4.633640
1607,5.328385,5.451452
1608,3.310644,3.359185
1609,4.106965,4.178275
1610,4.711631,4.583884
1611,4.711547,4.384072
1612,6.427632,5.232040
1613,6.015317,6.019269
1614,3.993256,3.746724
1615,4.452334,4.498895
1616,5.121161,5.232124
1617,3.298240,3.330540
1618,3.882890,3.992860
1619,4.494737,4.739196
1620,4.911917,4.829975
1621,6.598120,5.611892
1622,6.113713,6.371565
1623,3.920391,4.012798
1624,4.713979,4.636622
1625,5.353308,5.352549
1626,3.382035,3.398379
1627,4.159742,3.817374
1628,4.734193,4.286855
1629,4.951280,4.804383
1630,6.669824,5.461016
1631,6.104067,6.206236
1632,3.999276,3.979915
1633,4.617127,4.531803
1634,5.151088,5.142826
1635,3.316969,3.380579
1636,3.920841,3.863272
1637,4.542502,4.463239
1638,4.978518,5.201736
1639,6.340510,5.971707
1640,6.120093,6.903405
1641,4.032718,4.242847
1642,4.711314,5.020666
1643,5.393368,5.757664
1644,3.367132,3.628579
1645,4.119322,4.332920
1646,4.716376,4.791245
1647,4.870930,5.140372
1648,6.629177,6.035709
1649,6.093266,6.729871
1650,4.099177,4.224861
1651,4.475467,4.843240
1652,5.157464,5.459862
1653,3.249800,3.592948
1654,3.865087,4.026141
1655,4.505051,4.660267
1656,4.876883,4.930460
1657,6.429545,5.536945
1658,6.086493,6.340661
1659,3.984833,4.100019
1660,4.702784,4.679646
1661,5.352545,5.316577
1662,3.369598,3.432394
1663,4.224150,3.834144
1664,4.698755,4.469037
1665,4.862622,4.895667
1666,6.522774,5.478096
1667,6.140274,6.201459
1668,4.029839,4.021538
1669,4.565687,4.521366
1670,5.121624,5.155338
1671,3.356155,3.386438
1672,3.939247,3.750457
1673,4.533852,4.357726
1674,4.976102,5.272560
1675,5.826035,6.032221
1676,6.021227,6.800722
1677,3.908088,4.216532
1678,4.809658,4.970370
1679,5.356577,5.689510
1680,3.457528,3.604893
1681,4.113415,4.144022
1682,4.748524,4.583678
1683,5.022564,5.193851
1684,6.639313,5.911189
1685,6.092531,6.685241
1686,3.976381,4.237262
1687,4.541897,4.821263
1688,5.151884,5.510595
1689,3.313541,3.594218
1690,3.834694,4.133162
1691,4.533938,4.683016
1692,4.988216,5.042738
1693,6.441570,5.744914
1694,6.084457,6.640030
1695,3.829930,4.136645
1696,4.652245,4.745210
1697,5.316966,5.497434
1698,3.361751,3.473480
1699,4.081766,3.971713
1700,4.696771,4.485895
1701,5.100831,4.964018
1702,6.454000,5.650556
1703,6.161116,6.421600
1704,3.966385,4.105914
1705,4.464522,4.689153
1706,5.106814,5.262234
1707,3.226839,3.478229
1708,3.864872,3.845619
1709,4.509085,4.464326
1710,4.904714,5.232827
1711,5.748966,5.956337
1712,6.008929,6.900508
1713,3.965560,4.342645
1714,4.704112,4.990223
1715,5.359740,5.736747
1716,3.381338,3.645825
1717,4.124398,4.169589
1718,4.722852,4.599496
1719,4.889320,5.234159
1720,6.668907,5.917072
1721,6.033864,6.693071
1722,4.119889,4.241615
1723,4.551946,4.828715
1724,5.154971,5.539897
1725,3.294849,3.597386
1726,3.932219,4.019695
1727,4.501281,4.700317
1728,4.821856,5.125458
1729,6.221201,6.008865
1730,6.089592,6.901674
1731,3.852150,4.270734
1732,4.647273,4.957513
1733,5.327946,5.778498
1734,3.290430,3.557238
1735,4.105175,4.122321
1736,4.668372,4.712925
1737,4.873799,5.128387
1738,6.477762,5.827400
1739,6.161980,6.759331
1740,3.935602,4.207419
1741,4.441113,4.824707
1742,5.141355,5.538898
1743,3.227472,3.525344
1744,3.837679,4.171511
1745,4.446098,4.809781
1746,4.889748,5.167763
1747,5.792400,6.025485
1748,5.962685,6.840984
1749,4.061933,4.270141
1750,4.708541,4.970068
1751,5.354070,5.737581
1752,3.370878,3.565120
1753,4.090974,4.174462
1754,4.715426,4.739899
1755,5.155184,5.096415
1756,6.611541,5.910051
1757,6.087146,6.722785
1758,4.088045,4.214653
1759,4.575025,4.815106
1760,5.148105,5.551845
1761,3.306004,3.525867
1762,3.905272,4.051441
1763,4.513384,4.672884
1764,4.924968,5.144000
1765,6.339814,6.007281
1766,6.128881,6.814270
1767,4.038148,4.231440
1768,4.827310,4.965452
1769,5.354723,5.718390
1770,3.358847,3.583451
1771,4.160694,4.094266
1772,4.716376,4.705305
1773,4.898978,5.067154
1774,6.558180,5.833146
1775,6.098171,6.769542
1776,4.070311,4.183274
1777,4.519368,4.787491
1778,5.192479,5.570937
1779,3.256104,3.540380
1780,3.861497,4.138031
1781,4.524774,4.752389
1782,5.017323,5.145970
1783,5.572391,5.933992
1784,6.011909,6.794056
1785,3.971423,4.266761
1786,4.740188,4.929638
1787,5.391722,5.681135
1788,3.393972,3.554632
1789,4.176126,4.058901
1790,4.775561,4.628794
1791,4.942849,5.109886
1792,6.673118,5.862838
1793,6.182161,6.601316
1794,4.118943,4.187666
1795,4.528405,4.821056
1796,5.148403,5.546813
1797,3.379441,3.519868
1798,3.991405,4.136138
1799,4.631101,4.772733
1800,4.954740,4.918252
1801,6.393527,5.517272
1802,6.122443,6.310364
1803,3.994065,4.019574
1804,4.886778,4.658237
1805,5.382191,5.335092
1806,3.378261,3.418536
1807,4.171649,3.887371
1808,4.651722,4.325763
1809,4.946980,4.852985
1810,6.567027,5.446910
1811,6.179181,6.287356
1812,4.056079,3.973945
1813,4.541203,4.513912
1814,5.218479,5.165969
1815,3.237073,3.377554
1816,3.884977,3.853228
1817,4.597055,4.327396
1818,5.122878,5.172283
1819,6.589169,6.006316
1820,6.149548,6.852939
1821,4.019204,4.291437
1822,4.843438,5.005757
1823,5.395455,5.759400
1824,3.362565,3.638261
1825,4.268398,4.270623
1826,4.778647,4.746442
1827,4.935237,5.137965
1828,6.670438,5.811254
1829,6.196977,6.730676
1830,4.043594,4.231813
1831,4.559826,4.838877
1832,5.219387,5.502496
1833,3.296369,3.592305
1834,3.964657,4.032906
1835,4.596179,4.651129
1836,4.976049,4.986428
1837,6.419647,5.582614
1838,6.171672,6.402530
1839,3.982992,4.067321
1840,4.779935,4.633075
1841,5.400956,5.311546
1842,3.364616,3.444025
1843,4.173733,3.806708
1844,4.754266,4.454356
1845,4.958780,4.932896
1846,6.769344,5.464860
1847,6.190494,6.233080
1848,3.980464,4.020092
1849,4.615856,4.507297
1850,5.186460,5.169455
1851,3.343420,3.382991
1852,3.904554,3.875718
1853,4.619364,4.391647
1854,4.935554,5.235542
1855,5.788913,5.982480
1856,6.012744,6.807819
1857,3.946073,4.312125
1858,4.743381,4.894932
1859,5.393917,5.702946
1860,3.405716,3.624721
1861,4.262538,4.143450
1862,4.776333,4.595532
1863,4.900027,5.209208
1864,6.627665,5.891478
1865,6.139656,6.690801
1866,4.099234,4.231591
1867,4.514281,4.875753
1868,5.185058,5.435297
1869,3.255591,3.592147
1870,3.856206,4.094999
1871,4.542762,4.615496
1872,4.974493,5.033859
1873,6.098464,5.760871
1874,6.058050,6.579726
1875,3.869142,4.157388
1876,4.745952,4.793869
1877,5.355207,5.521060
1878,3.397939,3.510053
1879,4.141896,4.010382
1880,4.705600,4.588404
1881,4.983410,4.988916
1882,6.556659,5.591860
1883,6.096331,6.454476
1884,3.914348,4.069172
1885,4.498162,4.640065
1886,5.183656,5.298059
1887,3.238930,3.474765
1888,3.921779,3.864267
1889,4.556142,4.490003
1890,4.860550,5.227532
1891,5.639687,5.988435
1892,6.006547,6.789486
1893,4.041343,4.315350
1894,4.746400,4.934250
1895,5.354397,5.694217
1896,3.379292,3.630646
1897,4.167848,4.165748
1898,4.750058,4.674242
1899,5.155875,5.215977
1900,6.617608,5.971378
1901,6.089470,6.688295
1902,4.077823,4.271798
1903,4.556489,4.792464
1904,5.154572,5.505643
1905,3.276282,3.602098
1906,3.910821,4.114020
1907,4.534543,4.615390
1908,4.812806,5.190861
1909,6.305170,5.991220
1910,6.056464,6.889699
1911,3.905403,4.184983
1912,4.848466,4.960462
1913,5.361711,5.733356
1914,3.304169,3.568864
1915,4.133798,4.162349
1916,4.697709,4.775000
1917,4.978679,5.162655
1918,6.554257,5.835437
1919,6.137928,6.783878
1920,3.906201,4.184461
1921,4.498658,4.851453
1922,5.186160,5.541673
1923,3.244646,3.533945
1924,3.879767,4.122415
1925,4.513557,4.821235
1926,4.852119,5.187064
1927,5.769664,5.994387
1928,5.954304,6.804643
1929,3.999624,4.258136
1930,4.721101,4.925107
1931,5.393807,5.730491
1932,3.394341,3.562077
1933,4.194993,4.128256
1934,4.746991,4.745649
1935,5.134024,5.175878
1936,6.634922,5.905468
1937,6.116264,6.748110
1938,3.952744,4.205919
1939,4.475367,4.865316
1940,5.113913,5.567648
1941,3.311083,3.559886
1942,3.857913,4.117022
1943,4.534370,4.733725
1944,4.913015,5.161737
1945,6.435462,5.976053
1946,6.122567,6.889114
1947,3.911994,4.250071
1948,4.745841,4.916269
1949,5.393148,5.727471
1950,3.387717,3.574450
1951,4.264344,4.091738
1952,4.776236,4.710756
1953,4.906536,5.156158
1954,6.621249,5.861346
1955,6.146206,6.779408
1956,3.954570,4.232224
1957,4.525593,4.836493
1958,5.168860,5.565543
1959,3.308979,3.548177
1960,3.886828,4.150127
1961,4.585810,4.824330
1962,4.881371,5.167240
1963,5.790358,5.965733
1964,6.012032,6.852927
1965,3.996379,4.243006
1966,4.812771,4.926741
1967,5.357231,5.692574
1968,3.362384,3.558294
1969,4.156672,4.099394
1970,4.721422,4.747863
1971,4.916015,5.173735
1972,6.648697,5.871210
1973,6.100749,6.769117
1974,3.947050,4.224172
1975,4.475864,4.837690
1976,5.154871,5.550178
1977,3.347527,3.530887
1978,3.927660,4.143547
1979,4.502995,4.677425
1980,4.852119,4.947397
1981,6.373432,5.603572
1982,6.103044,6.374847
1983,3.915013,4.031631
1984,4.737243,4.632547
1985,5.355159,5.345210
1986,3.342669,3.407669
1987,4.094731,3.896534
1988,4.730861,4.320934
1989,4.934764,4.807280
1990,6.551291,5.440144
1991,6.098416,6.263140
1992,3.984373,4.017166
1993,4.506217,4.547123
1994,5.149496,5.168986
1995,3.253175,3.368815
1996,3.857344,3.871335
1997,4.534370,4.385319
1998,4.869474,5.168735
1999,6.334593,6.077443
2000,6.112193,6.917417
2001,3.927923,4.286555
2002,4.778958,4.997923
2003,5.358867,5.725374
2004,3.393809,3.649522
2005,4.224204,4.309365
2006,4.712481,4.719046
2007,4.956065,5.133459
2008,6.553524,5.911307
2009,6.098661,6.721635
2010,4.001937,4.213213
2011,4.472484,4.863278
2012,5.149198,5.536512
2013,3.255591,3.589333
2014,3.942473,4.101065
2015,4.505823,4.737848
2016,4.994356,4.928081
2017,6.375721,5.596208
2018,6.095869,6.416482
2019,3.895952,4.080464
2020,4.724446,4.664320
2021,5.349934,5.351326
2022,3.346721,3.440310
2023,4.156985,3.841279
2024,4.744311,4.424135
2025,5.103007,4.951862
2026,6.578173,5.521154
2027,6.079575,6.335225
2028,3.996611,4.044184
2029,4.502303,4.536929
2030,5.152183,5.176079
2031,3.348872,3.402919
2032,3.862965,3.803241
2033,4.534629,4.399434
2034,4.863009,5.257843
2035,5.802888,6.029476
2036,5.976457,6.829240
2037,3.899078,4.298085
2038,4.785491,4.951490
2039,5.355596,5.713017
2040,3.354264,3.620940
2041,4.151195,4.137733
2042,4.756011,4.602778
2043,5.088889,5.219553
2044,6.665276,5.899007
2045,6.099644,6.635050
2046,4.055969,4.280671
2047,4.485837,4.836073
2048,5.154971,5.501107
2049,3.268145,3.583278
2050,3.862720,4.024918
2051,4.553883,4.629737
2052,4.886487,5.044956
2053,6.315178,5.790599
2054,6.082259,6.587968
2055,3.870654,4.186195
2056,4.648785,4.770375
2057,5.316751,5.501590
2058,3.303819,3.474281
2059,4.068340,3.991891
2060,4.672382,4.544122
2061,4.987480,4.989323
2062,6.444196,5.640726
2063,6.029387,6.519054
2064,3.899111,4.088639
2065,4.510989,4.688122
2066,5.154673,5.302464
2067,3.248272,3.414009
2068,3.900192,3.967488
2069,4.549533,4.600106
2070,4.870245,5.342166
2071,5.897402,6.008158
2072,6.003929,6.828028
2073,4.015576,4.344752
2074,4.761778,4.962965
2075,5.351021,5.706712
2076,3.365644,3.650097
2077,4.137215,4.030624
2078,4.738006,4.614607
2079,4.912061,5.217073
2080,6.559857,6.000793
2081,6.103575,6.758292
2082,4.002638,4.255725
2083,4.570936,4.848749
2084,5.152083,5.510884
2085,3.285583,3.643708
2086,3.912957,4.141068
2087,4.536271,4.729025
2088,4.806490,5.175517
2089,6.299835,5.987096
2090,6.095717,6.932776
2091,3.915603,4.279332
2092,4.740700,4.954442
2093,5.313208,5.732955
2094,3.316530,3.568267
2095,4.096355,4.187983
2096,4.699773,4.801901
2097,4.916626,5.155647
2098,6.544297,5.879143
2099,6.120948,6.802279
2100,3.968667,4.231821
2101,4.563674,4.857324
2102,5.146813,5.579422
2103,3.223893,3.532120
2104,3.866983,4.082621
2105,4.537568,4.733243
2106,4.869936,5.227877
2107,5.846699,6.052270
2108,6.010710,6.871636
2109,3.982992,4.256416
2110,4.841239,4.946984
2111,5.358322,5.733022
2112,3.374816,3.579773
2113,4.166708,4.181228
2114,4.737338,4.672159
2115,4.918513,5.140661
2116,6.631444,5.891554
2117,6.095717,6.765440
2118,3.948301,4.197745
2119,4.526095,4.778700
2120,5.201635,5.570443
2121,3.277313,3.559770
2122,3.892747,4.145606
2123,4.585072,4.775977
2124,4.995449,5.198312
2125,6.469653,5.948317
2126,6.056830,6.939948
2127,4.045700,4.273436
2128,4.882638,4.940293
2129,5.394027,5.654708
2130,3.365009,3.553566
2131,4.203089,4.168397
2132,4.770268,4.718556
2133,4.945549,5.162531
2134,6.640345,5.870206
2135,6.194731,6.849205
2136,3.991522,4.217501
2137,4.536861,4.844232
2138,5.193885,5.588294
2139,3.272765,3.549865
2140,3.908922,4.146782
2141,4.557529,4.732814
2142,4.872404,5.166685
2143,5.710311,5.963141
2144,6.017999,6.860539
2145,3.916132,4.277697
2146,4.794777,4.951409
2147,5.391722,5.690273
2148,3.376827,3.561511
2149,4.172124,4.102693
2150,4.779226,4.699060
2151,4.928755,5.159003
2152,6.605639,5.889896
2153,6.094491,6.749015
2154,4.061214,4.197875
2155,4.541809,4.836021
2156,5.151784,5.567412
2157,3.275510,3.551294
2158,3.912060,4.132950
2159,4.584636,4.671746
2160,4.789582,4.202631
2161,6.392648,5.050538
2162,6.082438,5.525587
2163,3.892179,3.632789
2164,4.705486,4.363972
2165,5.326564,4.842042
2166,3.355461,3.215965
2167,4.250061,3.810502
2168,4.737803,4.437191
2169,4.721090,4.139662
2170,6.535287,5.000753
2171,6.068882,5.496248
2172,3.889900,3.659980
2173,4.453598,4.346014
2174,5.196784,4.748729
2175,3.254043,3.230649
2176,3.927325,3.889053
2177,4.580091,4.257113
2178,4.769836,4.356819
2179,6.360303,5.314261
2180,6.081717,5.729751
2181,3.992552,3.720784
2182,4.717669,4.509329
2183,5.324636,5.011998
2184,3.368851,3.180390
2185,4.175351,3.982961
2186,4.760096,4.552671
2187,4.849811,4.339814
2188,6.439022,5.199287
2189,6.057889,5.676224
2190,3.922639,3.704764
2191,4.477749,4.472476
2192,5.205036,4.663021
2193,3.277551,3.281868
2194,3.917922,3.975912
2195,4.555943,4.269484
2196,4.736322,4.244840
2197,6.315173,5.143101
2198,6.137961,5.650942
2199,3.967438,3.708109
2200,4.732616,4.412812
2201,5.430276,4.973986
2202,3.386726,3.276721
2203,4.163991,3.922443
2204,4.828064,4.396041
2205,4.909508,4.232889
2206,6.434389,5.084198
2207,6.100766,5.674155
2208,3.998068,3.703525
2209,4.477847,4.343020
2210,5.207426,4.896227
2211,3.243454,3.146484
2212,3.904948,3.797315
2213,4.602801,4.524420
2214,4.757772,4.354704
2215,6.279754,5.357203
2216,6.123416,5.812704
2217,3.984991,3.787170
2218,4.792479,4.564898
2219,5.355505,5.041490
2220,3.395083,3.188523
2221,4.272572,3.912145
2222,4.809851,4.542911
2223,4.809491,4.371633
2224,6.526552,5.259443
2225,6.107736,5.849860
2226,4.020818,3.753896
2227,4.572299,4.456492
2228,5.194900,5.032978
2229,3.281714,3.197825
2230,3.976754,3.962001
2231,4.636289,4.568035
2232,4.773616,4.242228
2233,6.308204,5.169108
2234,6.127772,5.745828
2235,3.913047,3.785755
2236,4.790959,4.457201
2237,5.428858,4.987648
2238,3.353351,3.306194
2239,4.242273,3.869197
2240,4.849067,4.492600
2241,4.843460,4.278165
2242,6.516209,5.133655
2243,6.130680,5.709199
2244,3.917439,3.685135
2245,4.508828,4.412572
2246,5.194503,4.950730
2247,3.361171,3.155101
2248,3.904298,3.850869
2249,4.642604,4.625286
2250,4.902862,4.371360
2251,6.286546,5.351449
2252,6.126682,5.820300
2253,3.968677,3.766784
2254,4.839593,4.476940
2255,5.425262,5.034897
2256,3.421020,3.334380
2257,4.232792,3.896805
2258,4.859175,4.301358
2259,4.822978,4.388330
2260,6.551546,5.219504
2261,6.104970,5.768675
2262,3.936174,3.752644
2263,4.536184,4.438764
2264,5.205036,5.032286
2265,3.352330,3.221712
2266,3.934178,3.862590
2267,4.644537,4.518501
2268,4.849726,4.359743
2269,6.246502,5.362408
2270,6.132256,6.017325
2271,3.906271,3.821922
2272,4.889553,4.612090
2273,5.434535,5.196513
2274,3.395812,3.274427
2275,4.184598,3.949199
2276,4.838035,4.607740
2277,4.922345,4.343863
2278,6.492922,5.277145
2279,6.097887,6.152011
2280,4.019085,3.782414
2281,4.536382,4.566740
2282,5.234078,5.270334
2283,3.297626,3.342300
2284,3.910856,4.038998
2285,4.662882,4.753787
2286,4.980082,4.406838
2287,6.254670,5.285830
2288,6.175523,5.901163
2289,3.929390,3.799277
2290,4.790824,4.557199
2291,5.468645,5.117740
2292,3.399404,3.333282
2293,4.274854,3.934226
2294,4.890666,4.579751
2295,4.848419,4.297373
2296,6.525643,5.241792
2297,6.156908,6.014500
2298,3.935099,3.729047
2299,4.637170,4.469266
2300,5.226889,5.266249
2301,3.271123,3.298709
2302,3.917349,3.906218
2303,4.615431,4.622879
2304,4.836916,4.353888
2305,6.303453,5.371231
2306,6.126198,6.019827
2307,4.018277,3.809965
2308,4.726409,4.619213
2309,5.434862,5.170476
2310,3.402658,3.359494
2311,4.226442,3.960739
2312,4.791953,4.638502
2313,4.883265,4.336182
2314,6.501748,5.268127
2315,6.098846,6.170892
2316,3.883049,3.781266
2317,4.506176,4.565123
2318,5.206629,5.343467
2319,3.192733,3.344341
2320,3.863555,3.967209
2321,4.578448,4.706600
2322,4.735020,4.356169
2323,6.263855,5.342952
2324,6.081476,5.869026
2325,3.972668,3.774683
2326,4.732767,4.521221
2327,5.325171,5.138056
2328,3.354417,3.199050
2329,4.185449,3.917521
2330,4.768390,4.517442
2331,5.010301,4.277272
2332,6.459637,5.190773
2333,6.063142,5.985336
2334,3.900387,3.611364
2335,4.535670,4.495653
2336,5.201851,5.279461
2337,3.340695,3.262363
2338,3.858266,3.980483
2339,4.550266,4.598197
2340,5.062561,4.740100
2341,6.469472,5.572643
2342,6.146784,6.310584
2343,3.934255,3.974610
2344,4.732789,4.578566
2345,5.388541,5.233419
2346,3.391670,3.363359
2347,4.198870,3.841188
2348,4.735813,4.472667
2349,4.963580,4.815882
2350,6.658025,5.396602
2351,6.193858,6.254362
2352,4.065358,3.970455
2353,4.582911,4.489273
2354,5.186561,5.145202
2355,3.276705,3.293460
2356,3.961435,3.841015
2357,4.560307,4.376641
2358,5.001251,5.085212
2359,6.389135,6.107037
2360,6.122195,6.767507
2361,4.074050,4.209817
2362,4.860823,4.902468
2363,5.364001,5.576625
2364,3.368273,3.400355
2365,4.147718,4.100483
2366,4.776429,4.647808
2367,4.951120,5.087538
2368,6.741331,5.816040
2369,6.186014,6.659298
2370,3.946481,4.174280
2371,4.536055,4.782486
2372,5.185058,5.494759
2373,3.332790,3.432555
2374,3.949185,4.092960
2375,4.606723,4.372277
2376,4.871016,4.849488
2377,6.575755,5.814526
2378,6.146909,6.363717
2379,3.964789,3.977239
2380,4.749871,4.640518
2381,5.391831,5.213110
2382,3.357147,3.267889
2383,4.141802,3.880076
2384,4.757133,4.465611
2385,4.921659,4.853020
2386,6.644518,5.469392
2387,6.153266,6.262787
2388,4.046560,3.981743
2389,4.524891,4.484725
2390,5.202139,5.130636
2391,3.279807,3.376993
2392,3.947081,3.858796
2393,4.564739,4.403186
2394,4.869474,5.132302
2395,5.871643,6.027425
2396,5.993598,6.783033
2397,3.929275,4.239923
2398,4.787708,4.846978
2399,5.390405,5.569355
2400,3.489184,3.557430
2401,4.174450,4.111204
2402,4.775851,4.406132
2403,4.903775,5.121563
2404,6.644138,5.895480
2405,6.144722,6.672679
2406,4.098382,4.204257
2407,4.545001,4.800986
2408,5.183356,5.477503
2409,3.235241,3.583313
2410,3.907850,3.982943
2411,4.555709,4.578545
2412,4.825183,4.936279
2413,6.317598,5.735466
2414,6.090939,6.482910
2415,3.962169,4.078239
2416,4.658855,4.726828
2417,5.352718,5.384928
2418,3.327654,3.438945
2419,4.103062,3.851364
2420,4.741599,4.585026
2421,4.905808,4.865864
2422,6.442768,5.611617
2423,6.178064,6.466931
2424,3.958527,4.082418
2425,4.586207,4.619266
2426,5.189167,5.267168
2427,3.242998,3.429040
2428,3.889383,3.784824
2429,4.557356,4.430372
2430,4.933339,5.123423
2431,5.850666,5.990592
2432,6.033576,6.802182
2433,3.920166,4.173583
2434,4.883621,4.915323
2435,5.351240,5.581225
2436,3.385515,3.425226
2437,4.255102,4.111897
2438,4.774984,4.654410
2439,5.177739,5.105350
2440,6.672734,5.900787
2441,6.149053,6.691849
2442,4.016278,4.209335
2443,4.498008,4.775247
2444,5.150093,5.448754
2445,3.356516,3.434766
2446,3.902652,4.018469
2447,4.530832,4.564179
2448,4.890041,5.015403
2449,6.441210,5.993652
2450,6.090327,6.877099
2451,3.959656,4.221333
2452,4.650622,4.933885
2453,5.355098,5.618021
2454,3.338675,3.497993
2455,4.093605,4.151611
2456,4.694147,4.548121
2457,4.948095,5.049226
2458,6.488969,6.043093
2459,6.199599,6.789618
2460,3.897458,4.190207
2461,4.511188,4.824524
2462,5.159060,5.543381
2463,3.177140,3.530367
2464,3.866659,4.115392
2465,4.556749,4.765576
2466,4.879049,5.123415
2467,5.775403,5.972779
2468,6.004762,6.829426
2469,3.994875,4.235075
2470,4.748975,4.880064
2471,5.355378,5.602328
2472,3.398586,3.410944
2473,4.144099,4.043002
2474,4.748620,4.671364
2475,4.953830,5.084724
2476,6.719974,5.870301
2477,6.096699,6.724067
2478,4.110473,4.180125
2479,4.491131,4.822397
2480,5.150093,5.551613
2481,3.250975,3.532605
2482,3.882728,4.001163
2483,4.511664,4.668233
2484,4.887419,5.063157
2485,6.334836,5.976247
2486,6.113550,6.872692
2487,4.021430,4.226817
2488,4.744387,4.921072
2489,5.394137,5.668707
2490,3.403305,3.480975
2491,4.201737,4.150396
2492,4.737243,4.813192
2493,4.971921,5.034364
2494,6.642810,5.863925
2495,6.150539,6.817212
2496,3.966134,4.148603
2497,4.508211,4.810703
2498,5.156367,5.552504
2499,3.275255,3.516443
2500,3.897733,4.116642
2501,4.536357,4.819453
2502,4.890059,5.138504
2503,5.779135,5.991273
2504,5.983684,6.823735
2505,4.052028,4.223073
2506,4.800722,4.876663
2507,5.389527,5.567412
2508,3.354984,3.400351
2509,4.182810,4.037241
2510,4.717613,4.693832
2511,5.137281,5.115302
2512,6.606765,5.834633
2513,6.141509,6.688258
2514,3.953201,4.187296
2515,4.504405,4.771829
2516,5.152183,5.403269
2517,3.254869,3.371996
2518,3.981278,4.123662
2519,4.570574,4.747103
2520,4.935871,4.722267
2521,6.635797,5.564720
2522,6.150153,6.353312
2523,3.928204,3.969876
2524,4.737131,4.581397
2525,5.389747,5.173686
2526,3.388636,3.312301
2527,4.144054,3.808114
2528,4.730386,4.447185
2529,5.113716,4.774887
2530,6.635039,5.428010
2531,6.195355,6.222155
2532,4.073088,3.950320
2533,4.528003,4.488400
2534,5.156168,5.127354
2535,3.359854,3.339744
2536,3.969501,3.813820
2537,4.528333,4.440861
2538,5.025731,5.087080
2539,6.315869,6.004945
2540,6.115400,6.790524
2541,4.009274,4.187970
2542,4.734903,4.917007
2543,5.357885,5.568476
2544,3.481894,3.546493
2545,4.184820,4.148665
2546,4.750921,4.728455
2547,4.907060,5.102287
2548,6.596458,5.896559
2549,6.134352,6.718584
2550,4.010789,4.190298
2551,4.636744,4.814231
2552,5.162256,5.493675
2553,3.381120,3.549991
2554,3.998644,3.997859
2555,4.559612,4.567363
2556,4.929861,4.795915
2557,6.562765,5.602932
2558,6.130866,6.375202
2559,4.036848,4.045269
2560,4.709982,4.597500
2561,5.389308,5.227026
2562,3.342067,3.296459
2563,4.145327,3.834966
2564,4.743259,4.479565
2565,4.895038,4.858487
2566,6.562096,5.463722
2567,6.207980,6.271277
2568,3.942392,3.982146
2569,4.552447,4.507088
2570,5.144231,5.130801
2571,3.264475,3.361998
2572,3.878637,3.734871
2573,4.541029,4.331363
2574,4.917255,5.140460
2575,5.818609,6.040975
2576,6.029134,6.781006
2577,4.018970,4.251504
2578,4.763919,4.868738
2579,5.402387,5.507159
2580,3.364919,3.424380
2581,4.162726,3.999139
2582,4.781350,4.718732
2583,4.951757,5.167404
2584,6.707956,5.863730
2585,5.996534,6.679196
2586,3.944208,4.206403
2587,4.527903,4.822906
2588,5.195897,5.277630
2589,3.273708,3.557871
2590,3.973254,3.978494
2591,4.533766,4.699161
2592,4.836712,4.950524
2593,6.319848,5.778493
2594,6.065701,6.582222
2595,3.906067,4.126713
2596,4.697125,4.734526
2597,5.354558,5.373525
2598,3.323761,3.334902
2599,4.115312,3.991477
2600,4.731173,4.537297
2601,5.091083,4.958400
2602,6.495312,5.641874
2603,6.133736,6.482293
2604,3.959656,4.057178
2605,4.517379,4.632737
2606,5.198815,5.294928
2607,3.185119,3.459994
2608,3.920176,3.718657
2609,4.560219,4.409713
2610,4.881526,5.163025
2611,5.894562,6.053221
2612,5.989096,6.810633
2613,4.018852,4.260908
2614,4.767755,4.862976
2615,5.390295,5.572702
2616,3.384874,3.565446
2617,4.174791,4.017402
2618,4.749962,4.714090
2619,4.910954,5.136546
2620,6.611273,6.058901
2621,6.092776,6.704239
2622,3.953429,4.220645
2623,4.609306,4.821728
2624,5.189970,5.465421
2625,3.273880,3.568945
2626,3.971282,4.089118
2627,4.540336,4.649440
2628,4.789880,5.066913
2629,6.529047,5.992689
2630,6.093021,6.907854
2631,3.835003,4.159027
2632,4.747299,4.889091
2633,5.351096,5.623959
2634,3.362023,3.425334
2635,4.117377,4.141391
2636,4.723148,4.782382
2637,5.051092,5.083726
2638,6.545218,5.853938
2639,6.125492,6.793235
2640,3.877953,4.117703
2641,4.544899,4.828109
2642,5.220092,5.543768
2643,3.328116,3.433101
2644,3.926799,4.014840
2645,4.555622,4.783512
2646,5.000037,5.143863
2647,5.805100,5.991556
2648,6.014415,6.888992
2649,4.008574,4.242566
2650,4.740142,4.923072
2651,5.391283,5.537563
2652,3.392222,3.528069
2653,4.180707,4.130863
2654,4.715141,4.744738
2655,4.946504,5.113201
2656,6.682129,5.893298
2657,6.090816,6.774706
2658,4.118820,4.174094
2659,4.630326,4.846056
2660,5.201030,5.472332
2661,3.364616,3.517897
2662,3.905542,3.916751
2663,4.567350,4.486333
2664,5.017159,5.087967
2665,6.354395,5.964373
2666,6.118981,6.940731
2667,3.940774,4.238494
2668,4.818761,4.906357
2669,5.355487,5.639163
2670,3.386708,3.493862
2671,4.170223,4.057687
2672,4.774406,4.702034
2673,4.897687,5.026561
2674,6.621215,5.852828
2675,6.144845,6.791161
2676,3.976842,4.155008
2677,4.539485,4.771851
2678,5.186460,5.476753
2679,3.262941,3.519665
2680,3.957963,4.090880
2681,4.540250,4.712583
2682,4.868703,5.087988
2683,5.534393,5.994363
2684,6.020749,6.826769
2685,4.002990,4.249125
2686,4.784335,4.895090
2687,5.391831,5.573322
2688,3.362656,3.529526
2689,4.165095,4.111702
2690,4.805539,4.678371
2691,5.141745,5.013382
2692,6.642430,5.872121
2693,6.095350,6.740634
2694,4.001639,4.178559
2695,4.523186,4.802083
2696,5.151983,5.536659
2697,3.281873,3.514743
2698,3.891101,3.931467
2699,4.535666,4.742341
2700,5.066896,4.755354
2701,6.436348,5.558439
2702,6.137074,6.352345
2703,3.908646,3.969026
2704,4.697151,4.597917
2705,5.383284,5.210355
2706,3.358049,3.347289
2707,4.162442,3.757037
2708,4.761248,4.377618
2709,4.936979,4.803449
2710,6.624079,5.409505
2711,6.134969,6.261149
2712,3.962283,3.936726
2713,4.536256,4.485545
2714,5.175861,5.074377
2715,3.278946,3.338231
2716,3.894045,3.752348
2717,4.565086,4.444905
2718,4.847838,5.117811
2719,6.501823,5.990582
2720,6.136328,6.808532
2721,4.049767,4.198090
2722,4.702453,4.891853
2723,5.393917,5.568278
2724,3.408967,3.537218
2725,4.253420,4.118187
2726,4.779805,4.639984
2727,4.964540,5.097646
2728,6.643000,5.884542
2729,6.143362,6.709497
2730,3.936532,4.170012
2731,4.556893,4.796226
2732,5.203550,5.460179
2733,3.276969,3.402891
2734,3.935087,4.100421
2735,4.587953,4.689044
2736,4.905965,4.763362
2737,6.350456,5.643788
2738,6.173331,6.355315
2739,3.978856,4.011535
2740,4.742822,4.601367
2741,5.353743,5.220472
2742,3.396739,3.252515
2743,4.225614,3.856953
2744,4.764122,4.446924
2745,5.107605,4.931706
2746,6.564247,5.436945
2747,6.132997,6.251429
2748,4.060856,3.969287
2749,4.534039,4.482884
2750,5.147210,5.116984
2751,3.298588,3.369071
2752,3.959322,3.820099
2753,4.533506,4.311880
2754,4.910663,5.154976
2755,5.587385,6.035995
2756,6.031894,6.809184
2757,3.926347,4.159142
2758,4.707987,4.874507
2759,5.356141,5.585793
2760,3.401453,3.573352
2761,4.248481,4.047005
2762,4.716376,4.628626
2763,4.997277,5.100789
2764,6.694247,5.880231
2765,6.137928,6.679372
2766,4.059422,4.231026
2767,4.531220,4.796022
2768,5.182255,5.481871
2769,3.290420,3.556332
2770,3.927825,4.093713
2771,4.587865,4.707610
2772,4.859783,4.883481
2773,6.381422,5.768191
2774,6.125614,6.589052
2775,3.874704,4.110826
2776,4.753934,4.702892
2777,5.313960,5.370894
2778,3.330935,3.311532
2779,4.139326,3.878316
2780,4.733065,4.577827
2781,4.914427,4.917667
2782,6.623116,5.604252
2783,6.175336,6.493470
2784,3.900103,4.041049
2785,4.505511,4.631674
2786,5.209527,5.307718
2787,3.226556,3.409289
2788,3.913797,3.769518
2789,4.594163,4.591281
2790,5.020360,5.158814
2791,5.733399,6.042053
2792,6.100407,6.803676
2793,3.950141,4.174448
2794,4.773969,4.906155
2795,5.387664,5.568824
2796,3.403858,3.430715
2797,4.223634,4.114065
2798,4.775754,4.710926
2799,4.951120,5.123063
2800,6.692321,5.903831
2801,6.087636,6.672721
2802,4.048104,4.213550
2803,4.536055,4.789521
2804,5.195394,5.415437
2805,3.258688,3.437944
2806,3.909912,3.967732
2807,4.588564,4.360312
2808,4.792118,5.025674
2809,6.506033,5.953446
2810,6.089837,6.910858
2811,3.896027,4.220443
2812,4.713578,4.935560
2813,5.357265,5.648579
2814,3.329614,3.505265
2815,4.152693,4.039201
2816,4.749556,4.691202
2817,4.906434,5.058013
2818,6.431542,5.849280
2819,6.170754,6.793419
2820,4.006246,4.146534
2821,4.542316,4.825906
2822,5.245471,5.555903
2823,3.268495,3.343606
2824,3.919468,4.110109
2825,4.592762,4.768867
2826,4.900087,5.079898
2827,5.853022,6.001384
2828,6.096056,6.846935
2829,3.996727,4.205630
2830,4.783206,4.928236
2831,5.388650,5.589182
2832,3.390006,3.518622
2833,4.245809,4.137933
2834,4.798856,4.774519
2835,4.985940,5.115397
2836,6.729499,5.856663
2837,6.199849,6.748126
2838,4.051790,4.186322
2839,4.530617,4.831865
2840,5.191576,5.522309
2841,3.419848,3.516393
2842,3.905954,4.011782
2843,4.586905,4.744606
2844,4.890658,5.121728
2845,6.551856,6.007305
2846,6.206602,6.924163
2847,4.026596,4.231441
2848,4.770373,4.931069
2849,5.387226,5.604358
2850,3.378624,3.485749
2851,4.221116,4.034522
2852,4.798953,4.768475
2853,5.154214,5.095901
2854,6.660122,5.855279
2855,6.215378,6.805673
2856,4.113661,4.158605
2857,4.665640,4.800799
2858,5.257736,5.529464
2859,3.315929,3.405735
2860,3.986678,4.088407
2861,4.619100,4.750575
2862,5.134074,5.100617
2863,5.829840,5.983292
2864,6.112040,6.844771
2865,3.930515,4.230113
2866,4.768690,4.897245
2867,5.387883,5.564533
2868,3.385991,3.381726
2869,4.225657,4.118797
2870,4.799727,4.740016
2871,4.948253,5.101869
2872,6.660694,5.873971
2873,6.190494,6.727843
2874,4.043120,4.151073
2875,4.526196,4.789673
2876,5.217472,5.523345
2877,3.298819,3.356711
2878,3.916528,4.083368
2879,4.583066,4.568162
0,4.896510,4.415003
1,6.354554,5.207910
2,6.012386,5.901226
3,3.948106,3.816940
4,4.672897,4.605397
5,5.299832,5.148285
6,3.343676,3.330994
7,4.104063,4.089630
8,4.730005,4.386256
9,4.956543,4.394909
10,6.384541,5.056803
11,6.058884,5.606393
12,3.949439,3.722862
13,4.421995,4.456313
14,5.108263,4.953306
15,3.224159,3.315903
16,3.827001,3.802906
17,4.465038,4.321584
18,4.719931,4.360954
19,6.442946,5.196259
20,6.016977,5.892312
21,3.927981,3.762205
22,4.758506,4.627517
23,5.262120,5.169718
24,3.445615,3.331242
25,4.086627,4.129098
26,4.700077,4.454615
27,4.721272,4.265182
28,6.658277,5.144980
29,6.018044,5.615918
30,4.017665,3.750642
31,4.443171,4.432107
32,5.099277,4.941835
33,3.268526,3.313768
34,3.822124,3.946257
35,4.476338,4.320865
36,4.691719,4.374887
37,6.183045,5.196045
38,6.017759,5.943711
39,3.857900,3.796882
40,4.610496,4.626392
41,5.305175,5.245668
42,3.341410,3.358380
43,4.053814,4.090890
44,4.676133,4.368985
45,4.873021,4.326772
46,6.460666,5.108299
47,6.055279,5.769836
48,3.971066,3.766683
49,4.405739,4.480714
50,5.116496,5.094628
51,3.211074,3.358242
52,3.853281,3.928856
53,4.480745,4.493039
54,4.688792,4.375429
55,5.772550,5.168789
56,5.976929,5.930111
57,3.840917,3.759009
58,4.638434,4.631061
59,5.304213,5.220474
60,3.362575,3.351384
61,4.187912,4.074447
62,4.716187,4.446407
63,4.958141,4.331108
64,6.531451,5.112774
65,6.028738,5.739572
66,3.830469,3.770201
67,4.412208,4.437222
68,5.104156,5.092346
69,3.249454,3.338469
70,3.819330,3.882074
71,4.491373,4.456977
72,4.704831,4.406999
73,6.180711,5.286417
74,6.070810,5.997709
75,3.905293,3.847947
76,4.700021,4.713589
77,5.270501,5.305810
78,3.343748,3.387660
79,4.104913,4.116920
80,4.693287,4.340209
81,4.786899,4.348640
82,6.409209,5.160859
83,6.084844,5.841667
84,3.907173,3.814627
85,4.543528,4.496262
86,5.109633,5.147473
87,3.190538,3.375367
88,3.838646,3.886766
89,4.478795,4.524133
90,4.773384,4.361718
91,6.279777,5.164761
92,6.050480,5.828435
93,3.907838,3.808343
94,4.606007,4.601220
95,5.302075,5.180943
96,3.316875,3.334883
97,4.081399,4.064571
98,4.686987,4.400820
99,4.985293,4.328533
100,6.352204,5.126619
101,6.022079,5.715067
102,3.880632,3.721036
103,4.460494,4.446055
104,5.090710,5.049541
105,3.188491,3.339062
106,3.864842,3.935080
107,4.474815,4.622142
108,4.693866,4.489789
109,6.214500,5.449370
110,6.066950,6.397232
111,3.903744,3.907125
112,4.750030,4.807950
113,5.309349,5.562379
114,3.298030,3.438713
115,4.115116,4.246577
116,4.689900,4.602335
117,4.795853,4.439274
118,6.513018,5.303687
119,6.047364,6.198793
120,3.850634,3.857400
121,4.484870,4.643160
122,5.119542,5.382696
123,3.251076,3.422205
124,3.823641,3.976739
125,4.450260,4.652718
126,4.743653,4.339863
127,6.264775,5.218090
128,6.056480,6.073189
129,3.830927,3.791651
130,4.684170,4.654592
131,5.310206,5.406186
132,3.312365,3.319757
133,4.161211,4.109078
134,4.677614,4.568723
135,4.807542,4.264268
136,6.466660,5.109754
137,6.055147,5.912074
138,3.902751,3.733412
139,4.388741,4.446112
140,5.135660,5.188551
141,3.281615,3.311479
142,3.821245,3.910288
143,4.478202,4.650446
144,4.861012,4.488421
145,6.329728,5.382066
146,6.062011,6.380081
147,3.926796,3.973589
148,4.641879,4.777835
149,5.300260,5.584227
150,3.355164,3.436267
151,4.121459,4.265514
152,4.692722,4.590757
153,5.047657,4.437960
154,6.408298,5.328685
155,6.087613,6.208117
156,3.963080,3.877733
157,4.445333,4.645453
158,5.117085,5.332556
159,3.250722,3.422359
160,3.798551,4.097433
161,4.483121,4.825601
162,4.718338,4.342061
163,6.484285,5.438939
164,6.046406,6.107054
165,3.913492,3.799126
166,4.665485,4.654315
167,5.309670,5.391118
168,3.341085,3.318656
169,4.071344,4.135479
170,4.723548,4.569236
171,4.863931,4.250148
172,6.457793,5.100741
173,6.074513,5.898044
174,3.916382,3.722365
175,4.515039,4.455249
176,5.099764,5.179288
177,3.288608,3.306461
178,3.835185,3.823331
179,4.472194,4.602713
180,4.890215,4.851213
181,6.317252,5.528337
182,6.127789,6.345574
183,3.948529,4.073380
184,4.698820,4.698988
185,5.338300,5.341622
186,3.402268,3.440116
187,4.106032,3.906300
188,4.708592,4.283861
189,4.922831,4.796430
190,6.441390,5.431715
191,6.131238,6.221065
192,3.951946,3.991095
193,4.460303,4.553732
194,5.169261,5.141904
195,3.254653,3.415054
196,3.871303,3.797925
197,4.516313,4.513017
198,4.992087,4.998511
199,6.428471,5.756160
200,6.181696,6.662741
201,3.983208,4.155147
202,4.842967,4.931604
203,5.373521,5.616058
204,3.386832,3.548847
205,4.140904,4.239397
206,4.712615,4.621492
207,5.096201,4.915559
208,6.530712,5.617596
209,6.170942,6.427879
210,3.951854,4.120468
211,4.608324,4.715024
212,5.184840,5.371382
213,3.283819,3.537997
214,3.822631,4.076037
215,4.501428,4.665365
216,4.927334,4.853764
217,6.356228,5.596364
218,6.145193,6.368804
219,3.974248,4.117941
220,4.703603,4.710182
221,5.333400,5.364437
222,3.371427,3.465929
223,4.091857,3.857115
224,4.692551,4.291595
225,4.926167,4.874403
226,6.527948,5.494915
227,6.204025,6.263434
228,4.028298,4.052681
229,4.604473,4.589423
230,5.144402,5.202348
231,3.294531,3.440882
232,3.915289,3.940509
233,4.486920,4.467466
234,5.052011,5.017040
235,6.476278,5.739108
236,6.219068,6.475684
237,3.967328,4.196949
238,4.744150,4.813385
239,5.372306,5.512490
240,3.386553,3.530656
241,4.153735,3.930773
242,4.741231,4.406213
243,4.985363,4.938706
244,6.629014,5.671865
245,6.134789,6.454792
246,3.937927,4.123088
247,4.516933,4.732885
248,5.165266,5.397545
249,3.316964,3.515677
250,3.885597,3.904952
251,4.508327,4.655563
252,4.855354,4.978488
253,6.312932,5.753676
254,6.182778,6.578854
255,3.976381,4.175849
256,4.810930,4.832204
257,5.341354,5.532042
258,3.327893,3.510413
259,4.155504,3.999863
260,4.711342,4.463913
261,4.938277,4.974464
262,6.509160,5.604512
263,6.182670,6.492723
264,3.869910,4.105323
265,4.446124,4.731019
266,5.167158,5.352138
267,3.273091,3.502929
268,3.833830,4.033898
269,4.488290,4.633373
270,4.994496,5.005139
271,6.628443,5.754863
272,6.143646,6.590588
273,4.005310,4.220366
274,4.738379,4.845840
275,5.377168,5.538671
276,3.389272,3.543185
277,4.059708,4.079382
278,4.708513,4.439819
279,5.017058,4.996718
280,6.629204,5.841132
281,6.233281,6.513335
282,4.093053,4.155452
283,4.576031,4.730854
284,5.157623,5.370858
285,3.332178,3.541871
286,3.904483,4.074368
287,4.475874,4.532655
288,4.895038,5.177743
289,6.334577,5.903096
290,6.131412,6.884758
291,4.003574,4.266340
292,4.712641,4.980610
293,5.341899,5.769937
294,3.386408,3.599749
295,4.104353,4.070607
296,4.689807,4.760039
297,5.109155,5.115878
298,6.492066,5.960259
299,6.182670,6.757423
300,3.974304,4.196934
301,4.497962,4.891969
302,5.171968,5.599463
303,3.239571,3.584008
304,3.886355,4.117858
305,4.518899,4.877907
306,4.969136,4.999558
307,6.413463,5.814982
308,6.175857,6.592854
309,4.059023,4.181806
310,4.797658,4.833909
311,5.373852,5.568926
312,3.356355,3.498680
313,4.103541,4.085168
314,4.718639,4.617473
315,5.012079,4.984962
316,6.764738,5.677114
317,6.175847,6.520608
318,4.064967,4.101015
319,4.488431,4.729402
320,5.159129,5.445376
321,3.298993,3.501208
322,3.869040,4.010157
323,4.508586,4.709893
324,4.844569,5.168254
325,6.315884,5.996057
326,6.176351,6.903175
327,3.917642,4.276551
328,4.783431,5.007608
329,5.306561,5.776493
330,3.349699,3.619624
331,4.151114,4.104511
332,4.718946,4.725700
333,4.889952,5.084748
334,6.483739,5.890849
335,6.172297,6.790957
336,3.983897,4.257527
337,4.543286,4.901891
338,5.142704,5.574944
339,3.237022,3.598112
340,3.816459,4.206388
341,4.501772,4.819220
342,4.942753,5.007771
343,6.402047,5.781246
344,6.120844,6.591463
345,3.917127,4.116075
346,4.706757,4.827256
347,5.368555,5.552264
348,3.362666,3.481462
349,4.077051,3.961174
350,4.699188,4.607402
351,5.042999,4.955445
352,6.532623,5.683355
353,6.176980,6.550737
354,3.942438,4.088582
355,4.557262,4.715533
356,5.113039,5.374964
357,3.364305,3.461128
358,3.880851,4.050103
359,4.473819,4.675349
360,5.109640,4.861641
361,6.409812,5.554275
362,6.090498,6.386420
363,3.956063,4.073373
364,4.684748,4.657689
365,5.340263,5.356143
366,3.321131,3.476060
367,4.113415,3.944875
368,4.683196,4.450249
369,5.115317,4.824873
370,6.486290,5.410102
371,6.180167,6.247766
372,3.945004,4.031982
373,4.458911,4.585054
374,5.144701,5.204847
375,3.211437,3.411255
376,3.852874,3.934016
377,4.497469,4.342738
378,4.971078,5.022436
379,6.580490,5.730184
380,6.143646,6.671085
381,3.916040,4.172876
382,4.732623,4.920801
383,5.369327,5.592773
384,3.347412,3.558058
385,4.079674,4.243316
386,4.708322,4.621826
387,5.216515,4.967332
388,6.460565,5.673223
389,6.236336,6.478147
390,3.944750,4.134216
391,4.568192,4.732812
392,5.162749,5.402010
393,3.349699,3.529788
394,3.888909,4.072051
395,4.521061,4.653354
396,4.864017,4.900528
397,6.429909,5.631825
398,6.103075,6.402503
399,4.006432,4.138230
400,4.805960,4.716245
401,5.335358,5.386216
402,3.329677,3.457696
403,4.087760,3.952334
404,4.714380,4.436670
405,4.914907,4.882691
406,6.627476,5.522049
407,6.146161,6.269583
408,3.892477,4.062786
409,4.548245,4.595099
410,5.136223,5.211710
411,3.273349,3.458134
412,3.808126,3.800705
413,4.489575,4.526331
414,4.942593,4.993746
415,6.385446,5.776782
416,6.130524,6.560769
417,4.026589,4.200046
418,4.734653,4.821488
419,5.373631,5.556478
420,3.322755,3.546858
421,4.115592,4.038433
422,4.689937,4.549748
423,5.060383,4.994966
424,6.785066,5.715075
425,6.180382,6.507966
426,4.073242,4.140945
427,4.501058,4.734630
428,5.152607,5.410893
429,3.284340,3.542289
430,3.858677,4.016995
431,4.502547,4.604945
432,4.990306,4.958163
433,6.586632,5.779058
434,6.144565,6.566768
435,3.941778,4.158011
436,4.774476,4.818039
437,5.341136,5.542292
438,3.333072,3.534357
439,4.069702,4.034838
440,4.686782,4.409606
441,5.086346,4.969129
442,6.696753,5.631720
443,6.124175,6.446901
444,3.901242,4.152692
445,4.457023,4.678610
446,5.109664,5.366750
447,3.236683,3.534129
448,3.822962,4.034400
449,4.498760,4.653456
450,5.120808,5.048852
451,6.539712,5.845709
452,6.122979,6.525309
453,3.988405,4.253608
454,4.747664,4.845444
455,5.374846,5.536971
456,3.379869,3.570003
457,4.151527,4.016076
458,4.673631,4.400622
459,4.976040,4.978230
460,6.638672,5.724280
461,6.191368,6.477592
462,3.931432,4.145494
463,4.582321,4.778654
464,5.125886,5.418989
465,3.291651,3.553367
466,3.822154,4.079227
467,4.482049,4.646834
468,4.937297,5.146775
469,6.338786,5.978984
470,6.100081,6.855968
471,3.857908,4.275341
472,4.729355,5.006568
473,5.342009,5.734165
474,3.368593,3.605389
475,4.059641,4.177627
476,4.637585,4.624598
477,5.002679,5.114502
478,6.483611,5.915775
479,6.122195,6.799901
480,3.899666,4.219815
481,4.450478,4.904606
482,5.131844,5.464890
483,3.233483,3.576965
484,3.825390,4.037971
485,4.472023,4.661540
486,5.166207,5.036765
487,6.348577,5.826490
488,6.135312,6.646003
489,4.076245,4.160065
490,4.789092,4.834249
491,5.376947,5.606555
492,3.360062,3.485239
493,4.110571,3.979386
494,4.714430,4.480040
495,5.242849,5.034337
496,6.676384,5.741241
497,6.189850,6.552322
498,3.960701,4.093155
499,4.486619,4.722482
500,5.161844,5.301806
501,3.305314,3.487483
502,3.919726,4.051167
503,4.485831,4.529946
504,4.968709,5.104198
505,6.351443,5.987659
506,6.103075,6.883429
507,3.987994,4.271941
508,4.662944,5.016409
509,5.338845,5.751253
510,3.322035,3.591900
511,4.060565,4.115819
512,4.692456,4.603828
513,5.017146,5.144023
514,6.516511,5.880110
515,6.136825,6.769323
516,3.909821,4.256163
517,4.479986,4.910625
518,5.132441,5.587298
519,3.227207,3.600459
520,3.828875,4.198521
521,4.470741,4.834604
522,4.966227,5.034846
523,6.398470,5.772404
524,6.165349,6.626551
525,4.005842,4.128017
526,4.722297,4.829045
527,5.334352,5.540409
528,3.323565,3.477153
529,4.159698,4.041140
530,4.678833,4.598054
531,5.064580,4.986796
532,6.645814,5.738678
533,6.177484,6.481389
534,3.981110,4.093676
535,4.485009,4.735590
536,5.131784,5.420877
537,3.292796,3.472102
538,3.869957,3.970718
539,4.477159,4.685241
540,5.000688,4.834872
541,6.324430,5.576890
542,6.138670,6.336481
543,3.931192,4.083646
544,4.715661,4.673885
545,5.342555,5.368535
546,3.347713,3.454557
547,4.053099,3.931407
548,4.686594,4.257875
549,4.887217,4.793900
550,6.460866,5.498298
551,6.180042,6.240484
552,3.965676,4.062753
553,4.483802,4.591551
554,5.132639,5.207041
555,3.213815,3.437824
556,3.858948,3.924015
557,4.490260,4.489893
558,5.155391,5.028282
559,6.424317,5.775025
560,6.126875,6.717181
561,4.052495,4.190229
562,4.680011,4.856343
563,5.375731,5.580183
564,3.336129,3.567538
565,4.103204,4.219126
566,4.654392,4.600502
567,4.967873,4.984934
568,6.596792,5.695965
569,6.132912,6.451186
570,4.047053,4.145171
571,4.489741,4.754158
572,5.156619,5.396684
573,3.284561,3.505808
574,3.873153,4.051121
575,4.502978,4.646278
576,5.039510,4.943492
577,6.423416,5.548918
578,6.128163,6.353950
579,4.007205,4.092339
580,4.659311,4.690506
581,5.334379,5.357949
582,3.334958,3.461399
583,4.092137,3.828838
584,4.695962,4.287485
585,4.921502,4.898755
586,6.638070,5.498833
587,6.083784,6.275931
588,3.952174,4.076611
589,4.499671,4.607714
590,5.134032,5.213117
591,3.223406,3.450368
592,3.800874,3.929806
593,4.486493,4.368604
594,5.155739,5.022182
595,6.374959,5.782834
596,6.135059,6.584538
597,4.036013,4.201902
598,4.736685,4.823988
599,5.371865,5.532908
600,3.353175,3.540783
601,4.102261,4.062530
602,4.717299,4.401224
603,5.037176,5.010764
604,6.533182,5.681118
605,6.184923,6.494394
606,3.972460,4.161295
607,4.488633,4.744991
608,5.164360,5.383136
609,3.254280,3.540683
610,3.824910,3.886115
611,4.503840,4.565165
612,4.983085,4.995719
613,6.610026,5.783177
614,6.175470,6.647243
615,3.846741,4.191153
616,4.717340,4.839198
617,5.336992,5.535856
618,3.354675,3.541948
619,4.132604,3.948865
620,4.721041,4.530719
621,4.934764,4.958358
622,6.551849,5.657064
623,6.179542,6.470412
624,4.054888,4.155961
625,4.449686,4.717364
626,5.136322,5.331417
627,3.222405,3.533975
628,3.902934,4.009720
629,4.506514,4.618176
630,4.913580,5.091550
631,6.374603,5.821888
632,6.172815,6.601606
633,4.011157,4.215933
634,4.838514,4.867668
635,5.373521,5.526831
636,3.394748,3.577287
637,4.190384,4.066937
638,4.689429,4.549099
639,5.168830,5.029994
640,6.600785,5.705837
641,6.241180,6.505916
642,3.971876,4.156614
643,4.497212,4.762069
644,5.156819,5.349640
645,3.301975,3.575775
646,3.912598,4.071218
647,4.520627,4.521726
648,4.864481,5.154982
649,6.363267,6.016975
650,6.198206,6.913751
651,3.895394,4.262916
652,4.702490,4.984529
653,5.237245,5.729434
654,3.325577,3.593372
655,4.071527,4.200737
656,4.721612,4.738476
657,4.904802,5.149686
658,6.466478,5.896721
659,6.191445,6.744001
660,4.001247,4.217890
661,4.560724,4.899631
662,5.126382,5.586138
663,3.218478,3.583506
664,3.905701,4.075777
665,4.491803,4.820293
666,5.002023,5.059963
667,6.428645,5.839507
668,6.161654,6.664715
669,4.023565,4.153450
670,4.855429,4.829234
671,5.377721,5.523703
672,3.380326,3.499835
673,4.095675,4.059773
674,4.711565,4.468875
675,5.221420,4.961339
676,6.594323,5.751682
677,6.133913,6.485085
678,4.021675,4.108745
679,4.503194,4.722544
680,5.159833,5.422533
681,3.239123,3.437150
682,3.891444,4.065779
683,4.502720,4.549467
684,5.111847,5.130150
685,6.355878,6.046029
686,6.204044,6.863189
687,3.989699,4.310130
688,4.750502,5.000458
689,5.340372,5.728225
690,3.294377,3.588417
691,4.074409,4.201241
692,4.689807,4.593070
693,4.966065,5.112490
694,6.499443,5.908849
695,6.175043,6.779741
696,3.933607,4.237591
697,4.421062,4.869114
698,5.178698,5.599318
699,3.225015,3.571993
700,3.852308,4.184371
701,4.492918,4.822837
702,4.909918,5.041536
703,6.377795,5.808486
704,6.123230,6.634676
705,3.969543,4.130818
706,4.736910,4.812075
707,5.338628,5.537283
708,3.380618,3.453478
709,4.100378,3.949553
710,4.711565,4.440418
711,5.009924,4.993031
712,6.568787,5.704847
713,6.135665,6.540789
714,4.033523,4.098705
715,4.485612,4.724534
716,5.163252,5.376333
717,3.332625,3.484477
718,3.928401,4.060083
719,4.511526,4.539695
720,4.721235,4.200933
721,6.547982,5.119755
722,6.020509,5.658331
723,3.839087,3.759038
724,4.719319,4.480526
725,5.301327,4.861870
726,3.359301,3.306790
727,4.120432,3.929255
728,4.686987,4.455293
729,4.752872,4.228414
730,6.430297,5.087368
731,6.051799,5.609096
732,3.881664,3.728290
733,4.408537,4.462947
734,5.120230,4.887444
735,3.188900,3.316772
736,3.822762,3.845814
737,4.457510,4.303765
738,4.922289,4.214038
739,6.377659,5.146141
740,6.013895,5.633451
741,3.848795,3.740476
742,4.693954,4.462990
743,5.299726,4.915240
744,3.309541,3.255516
745,4.095796,3.879730
746,4.702628,4.462379
747,4.929545,4.221983
748,6.515511,5.103865
749,5.886560,5.649539
750,4.041106,3.769148
751,4.494180,4.480789
752,5.067251,4.945093
753,3.146016,3.328367
754,3.797531,3.978669
755,4.451859,4.328418
756,4.687784,4.280192
757,6.490417,5.250182
758,6.115806,5.714858
759,3.912382,3.789160
760,4.727685,4.507148
761,5.299512,5.005822
762,3.327388,3.325715
763,4.139703,3.861580
764,4.698284,4.457079
765,4.916783,4.286624
766,6.581151,5.158672
767,6.042458,5.839405
768,3.852607,3.772516
769,4.413368,4.506600
770,5.116693,5.049473
771,3.198013,3.359324
772,3.804793,3.922171
773,4.454303,4.525095
774,4.913329,4.288515
775,5.712676,5.284850
776,5.953740,5.734895
777,4.029301,3.793245
778,4.683313,4.500939
779,5.298766,4.981447
780,3.328540,3.361097
781,4.106685,3.973856
782,4.694794,4.451767
783,4.767119,4.401458
784,6.422155,5.218148
785,6.024456,5.818641
786,3.851854,3.763022
787,4.403716,4.460833
788,5.096158,5.069151
789,3.269513,3.374735
790,3.823002,3.970493
791,4.448829,4.652606
792,4.748924,4.281847
793,6.280973,5.262958
794,6.116778,5.852894
795,3.979545,3.816375
796,4.614887,4.570756
797,5.304854,5.056518
798,3.343299,3.358872
799,4.053905,3.987294
800,4.691499,4.495286
801,4.762449,4.329536
802,6.417565,5.173371
803,6.093520,5.859473
804,3.916580,3.806443
805,4.537273,4.494613
806,5.125445,5.101900
807,3.187182,3.417334
808,3.845505,3.913664
809,4.460721,4.540449
810,4.685626,4.288919
811,6.203974,5.212273
812,5.999412,5.723116
813,3.827502,3.785562
814,4.728580,4.503546
815,5.301754,4.939702
816,3.318378,3.353631
817,4.068137,3.821589
818,4.691404,4.419685
819,5.033739,4.406059
820,6.578917,5.175384
821,5.932809,5.722141
822,3.987945,3.762551
823,4.399001,4.462281
824,5.097230,5.021021
825,3.245470,3.340802
826,3.820846,3.895243
827,4.448408,4.481412
828,4.708663,4.445376
829,6.374488,5.442115
830,6.065624,6.129082
831,3.943527,3.912577
832,4.748112,4.697447
833,5.304319,5.239881
834,3.353497,3.405135
835,4.073914,3.970369
836,4.694794,4.626680
837,4.822461,4.486169
838,6.432413,5.365791
839,6.050840,6.289213
840,3.900654,3.878319
841,4.505713,4.653226
842,5.106112,5.470411
843,3.287225,3.417554
844,3.904772,3.993042
845,4.482697,4.770054
846,4.727037,4.296216
847,6.413820,5.255850
848,6.050720,5.868426
849,3.906750,3.773465
850,4.628558,4.493161
851,5.302289,5.013532
852,3.302238,3.334173
853,4.117633,3.941208
854,4.688866,4.522122
855,4.773678,4.258108
856,6.407267,5.166498
857,6.065293,6.027929
858,3.859074,3.742122
859,4.420997,4.480082
860,5.093141,5.269800
861,3.238930,3.341014
862,3.892723,3.854343
863,4.471941,4.594399
864,4.845870,4.414744
865,6.505486,5.418656
866,6.084964,6.221385
867,3.920946,3.905019
868,4.631559,4.667054
869,5.235749,5.248789
870,3.296805,3.443981
871,4.091226,3.986482
872,4.699038,4.658888
873,4.774569,4.397748
874,6.447509,5.361944
875,6.043893,6.310762
876,3.850418,3.862732
877,4.413368,4.682427
878,5.107676,5.466435
879,3.187346,3.415104
880,3.821644,3.991898
881,4.465123,4.789568
882,4.965502,4.314405
883,6.203807,5.206517
884,6.011671,5.847266
885,3.835862,3.776337
886,4.742033,4.478274
887,5.298339,5.041646
888,3.326238,3.282015
889,4.143154,3.815920
890,4.714274,4.430968
891,4.785708,4.268273
892,6.383128,5.353902
893,6.082920,5.969037
894,3.884506,3.726492
895,4.402079,4.462223
896,5.099179,5.249454
897,3.193409,3.341691
898,3.816860,3.945612
899,4.447063,4.580200
900,4.902124,4.777277
901,6.333898,5.634292
902,6.156640,6.388511
903,3.902657,4.047114
904,4.727685,4.699846
905,5.337864,5.255444
906,3.354675,3.445868
907,4.120712,3.778110
908,4.706508,4.406549
909,4.899914,4.798890
910,6.461952,5.498902
911,6.173045,6.349195
912,3.979384,4.012433
913,4.464584,4.595350
914,5.188169,5.234368
915,3.264489,3.439049
916,3.889741,3.874241
917,4.467326,4.364493
918,5.033225,4.912931
919,6.554499,5.858284
920,6.128259,6.589029
921,3.981354,4.175121
922,4.765429,4.817141
923,5.372858,5.428222
924,3.358131,3.525866
925,4.122753,3.943900
926,4.705083,4.597948
927,4.995640,4.898282
928,6.565643,5.740057
929,6.180004,6.576646
930,4.037678,4.168945
931,4.592317,4.774354
932,5.123692,5.491817
933,3.313778,3.570542
934,3.888019,4.087119
935,4.515769,4.517172
936,4.893482,4.818197
937,6.375193,5.655222
938,6.123672,6.422748
939,3.953806,4.116142
940,4.697931,4.710143
941,5.342991,5.276518
942,3.319711,3.463776
943,4.073486,3.921012
944,4.686971,4.491461
945,4.911271,4.837909
946,6.535521,5.549368
947,6.168805,6.370452
948,3.885650,4.052518
949,4.460204,4.629682
950,5.141007,5.200839
951,3.248355,3.493232
952,3.914883,3.946087
953,4.489489,4.553640
954,5.000385,4.934815
955,6.437319,5.867714
956,6.136573,6.624859
957,4.003367,4.202369
958,4.715077,4.847644
959,5.371644,5.482908
960,3.370926,3.576997
961,4.142910,4.065939
962,4.708036,4.639060
963,5.180055,4.950036
964,6.586820,5.734703
965,6.132287,6.601046
966,3.965214,4.185691
967,4.483903,4.780738
968,5.157522,5.521489
969,3.277759,3.549452
970,3.800362,3.934523
971,4.511439,4.754080
972,5.050760,4.909738
973,6.312924,5.808392
974,6.139923,6.651603
975,3.932209,4.187054
976,4.712081,4.848701
977,5.342773,5.419755
978,3.343029,3.521474
979,4.115664,3.916371
980,4.711342,4.621938
981,5.061395,4.894081
982,6.443368,5.708556
983,6.117622,6.565613
984,4.051291,4.150992
985,4.465382,4.751304
986,5.181817,5.425457
987,3.293221,3.527946
988,3.824257,4.029272
989,4.502634,4.592465
990,5.083471,4.978559
991,6.542933,5.895108
992,6.177505,6.659291
993,3.913671,4.245571
994,4.800085,4.847838
995,5.369548,5.470604
996,3.389642,3.599451
997,4.118311,4.129846
998,4.704893,4.655582
999,5.265098,4.984213
1000,6.636067,5.786233
1001,6.192000,6.613855
1002,4.050213,4.159441
1003,4.517338,4.809079
1004,5.185243,5.503304
1005,3.362384,3.617982
1006,3.888999,4.077812
1007,4.482736,4.541859
1008,4.875492,5.070464
1009,6.372200,6.151081
1010,6.182525,6.955048
1011,4.004159,4.301511
1012,4.729810,5.013792
1013,5.377153,5.682084
1014,3.347527,3.595241
1015,4.130766,4.057720
1016,4.713905,4.833213
1017,4.998088,5.013583
1018,6.498528,5.960230
1019,6.182294,6.869284
1020,3.933245,4.245335
1021,4.487236,4.916577
1022,5.168860,5.646216
1023,3.300591,3.655618
1024,3.895383,4.182569
1025,4.548142,4.768639
1026,5.004591,4.971342
1027,6.491216,5.911523
1028,6.226352,6.703050
1029,4.026167,4.157434
1030,4.876651,4.811666
1031,5.372747,5.487169
1032,3.397336,3.486476
1033,4.234515,3.919307
1034,4.736814,4.681317
1035,5.009080,4.914338
1036,6.518168,5.785065
1037,6.200362,6.641466
1038,4.086338,4.143020
1039,4.524647,4.769644
1040,5.230213,5.449990
1041,3.296805,3.497456
1042,3.888717,4.072024
1043,4.561736,4.731846
1044,4.873948,5.086753
1045,6.384049,6.055551
1046,6.137292,6.960110
1047,3.946708,4.308267
1048,4.722216,4.995837
1049,5.405253,5.664971
1050,3.392038,3.596641
1051,4.153186,4.204815
1052,4.720850,4.823299
1053,5.031434,5.059014
1054,6.638259,5.949915
1055,6.092782,6.878407
1056,4.044353,4.244709
1057,4.514235,4.935464
1058,5.203248,5.654831
1059,3.257811,3.589928
1060,3.958726,4.050532
1061,4.548142,4.875094
1062,5.067230,4.958607
1063,6.529418,5.863277
1064,6.174589,6.726980
1065,4.022856,4.168490
1066,4.774181,4.843373
1067,5.408094,5.442485
1068,3.395724,3.480233
1069,4.183960,3.982714
1070,4.773378,4.731686
1071,5.229022,4.935000
1072,6.604729,5.779119
1073,6.136667,6.638644
1074,4.059900,4.112173
1075,4.528820,4.784656
1076,5.195851,5.464083
1077,3.372909,3.550719
1078,3.873681,3.958760
1079,4.537438,4.650136
1080,4.923234,4.778658
1081,6.400833,5.643396
1082,6.137918,6.446014
1083,3.931192,4.065933
1084,4.716203,4.694777
1085,5.376934,5.219727
1086,3.356876,3.407462
1087,4.149129,3.810166
1088,4.751784,4.515613
1089,4.934605,4.796562
1090,6.732814,5.549078
1091,6.132851,6.388947
1092,4.046385,4.014146
1093,4.481842,4.611894
1094,5.211834,5.265904
1095,3.208666,3.396708
1096,3.854612,3.803693
1097,4.552926,4.544300
1098,5.144496,4.936462
1099,6.422745,5.860473
1100,6.174842,6.630163
1101,4.054049,4.187710
1102,4.760205,4.858487
1103,5.406539,5.453894
1104,3.420066,3.564902
1105,4.154514,4.081735
1106,4.731354,4.627810
1107,5.048669,4.921416
1108,6.628043,5.753167
1109,6.171948,6.590902
1110,4.017312,4.149455
1111,4.526376,4.744407
1112,5.236130,5.470100
1113,3.340638,3.593468
1114,3.873252,3.980428
1115,4.570844,4.677340
1116,4.912230,4.862129
1117,6.455465,5.674240
1118,6.151980,6.429971
1119,4.010255,4.146338
1120,4.726680,4.734269
1121,5.304286,5.317601
1122,3.373910,3.435353
1123,4.143022,3.839322
1124,4.743737,4.487773
1125,4.910323,4.856345
1126,6.548720,5.559586
1127,6.147283,6.357269
1128,4.011956,4.046598
1129,4.573019,4.665192
1130,5.167057,5.237551
1131,3.299807,3.477441
1132,3.893241,3.931851
1133,4.544149,4.381172
1134,5.050926,4.984044
1135,6.701771,5.862787
1136,6.177125,6.608240
1137,4.058733,4.204827
1138,4.757600,4.850365
1139,5.406539,5.423759
1140,3.395724,3.539361
1141,4.194094,4.042898
1142,4.732407,4.607802
1143,5.143061,4.978916
1144,6.721139,5.756119
1145,6.186691,6.507520
1146,4.037202,4.165895
1147,4.526275,4.810201
1148,5.194738,5.424887
1149,3.334756,3.565719
1150,3.893137,4.097497
1151,4.554058,4.676540
1152,4.948413,4.890164
1153,6.420533,5.830846
1154,6.137292,6.609082
1155,3.967397,4.172017
1156,4.730257,4.830228
1157,5.374299,5.430858
1158,3.339656,3.507237
1159,4.157935,4.053834
1160,4.750825,4.611209
1161,4.967105,4.938749
1162,6.708150,5.707926
1163,6.129502,6.561673
1164,3.926988,4.179287
1165,4.537870,4.737233
1166,5.169461,5.369210
1167,3.261575,3.597266
1168,3.959748,4.024225
1169,4.575289,4.596282
1170,4.986263,5.037597
1171,6.475915,5.890965
1172,6.173702,6.648147
1173,3.990217,4.231962
1174,4.732736,4.862286
1175,5.405984,5.454490
1176,3.394157,3.606601
1177,4.193321,3.956692
1178,4.798313,4.605134
1179,5.034020,4.988526
1180,6.621438,5.781901
1181,6.181643,6.566682
1182,3.995517,4.189869
1183,4.525461,4.867804
1184,5.195648,5.438453
1185,3.391210,3.615021
1186,3.963724,4.159311
1187,4.528757,4.800931
1188,4.901433,5.066846
1189,6.388609,6.042624
1190,6.180382,6.956399
1191,3.986561,4.323327
1192,4.848116,5.025181
1193,5.374299,5.653421
1194,3.369272,3.577304
1195,4.187119,4.070234
1196,4.776043,4.830497
1197,5.120013,5.025393
1198,6.559618,5.930020
1199,6.128263,6.844713
1200,4.047102,4.249568
1201,4.539204,4.922909
1202,5.175079,5.565887
1203,3.303121,3.646220
1204,3.960856,4.216058
1205,4.549967,4.785670
1206,5.060229,4.949061
1207,6.480461,5.874190
1208,6.239043,6.628090
1209,4.082928,4.186032
1210,4.769741,4.845720
1211,5.408873,5.486348
1212,3.400033,3.486400
1213,4.208852,3.991096
1214,4.732024,4.690265
1215,4.989631,4.936166
1216,6.582686,5.800528
1217,6.176728,6.632319
1218,4.034841,4.118252
1219,4.521193,4.793935
1220,5.185444,5.539730
1221,3.296805,3.464000
1222,3.892156,3.957977
1223,4.529190,4.736906
1224,5.068398,5.055075
1225,6.363941,6.073613
1226,6.131912,6.967322
1227,3.934805,4.288867
1228,4.793521,4.982010
1229,5.382432,5.681063
1230,3.332715,3.563430
1231,4.143532,4.064691
1232,4.710678,4.830522
1233,5.010296,5.073712
1234,6.743161,5.923800
1235,6.133844,6.868320
1236,3.914492,4.256393
1237,4.582911,4.942012
1238,5.190289,5.671296
1239,3.343229,3.657446
1240,3.850122,4.249697
1241,4.553883,4.685648
1242,5.039014,4.927190
1243,6.574247,5.822205
1244,6.170156,6.684535
1245,4.037321,4.148708
1246,4.879934,4.834527
1247,5.407761,5.457383
1248,3.392222,3.517962
1249,4.145020,4.113777
1250,4.742577,4.672944
1251,5.178766,4.933526
1252,6.628610,5.768166
1253,6.175596,6.643581
1254,4.129203,4.119830
1255,4.582314,4.790346
1256,5.154812,5.562929
1257,3.304693,3.483799
1258,3.969680,4.164620
1259,4.530924,4.783485
1260,4.941313,4.774968
1261,6.398704,5.636299
1262,6.134038,6.430960
1263,3.943479,4.068313
1264,4.765763,4.717805
1265,5.343537,5.272932
1266,3.319091,3.408905
1267,4.133735,3.909119
1268,4.694919,4.502201
1269,4.925690,4.791431
1270,6.522273,5.474208
1271,6.125660,6.359406
1272,3.941436,4.044648
1273,4.479848,4.618525
1274,5.169261,5.216431
1275,3.277495,3.445085
1276,3.862068,3.926625
1277,4.521489,4.527246
1278,5.039504,4.897265
1279,6.407242,5.830939
1280,6.182458,6.611053
1281,4.079766,4.215676
1282,4.726205,4.864549
1283,5.371534,5.479264
1284,3.393902,3.581872
1285,4.146542,4.073594
1286,4.704988,4.640819
1287,5.050005,4.952894
1288,6.658406,5.728489
1289,6.198586,6.577361
1290,4.022974,4.168372
1291,4.523021,4.815248
1292,5.159129,5.491539
1293,3.350784,3.561806
1294,3.909528,4.091069
1295,4.530750,4.722696
1296,4.849802,4.810516
1297,6.583062,5.683088
1298,6.142056,6.472074
1299,3.973612,4.093181
1300,4.756130,4.715437
1301,5.372324,5.299046
1302,3.348977,3.498074
1303,4.099977,3.940920
1304,4.689994,4.525778
1305,4.916490,4.863175
1306,6.546831,5.532820
1307,6.184173,6.381861
1308,3.974996,4.069233
1309,4.485137,4.657570
1310,5.165856,5.362963
1311,3.230279,3.505848
1312,3.919762,3.912745
1313,4.532919,4.379753
1314,5.046667,4.958419
1315,6.422388,5.867743
1316,6.174209,6.607635
1317,4.058944,4.228041
1318,4.744490,4.865051
1319,5.371423,5.453747
1320,3.379039,3.609983
1321,4.133833,4.006954
1322,4.702514,4.593973
1323,5.019385,4.952390
1324,6.618177,5.775449
1325,6.232390,6.577665
1326,3.986592,4.233390
1327,4.521716,4.775748
1328,5.163655,5.569042
1329,3.309276,3.549723
1330,3.855422,4.171117
1331,4.527890,4.574166
1332,4.884160,4.898126
1333,6.298340,5.824888
1334,6.202774,6.627087
1335,3.898519,4.209517
1336,4.794093,4.853800
1337,5.235426,5.457231
1338,3.347713,3.495036
1339,4.122329,3.955754
1340,4.738483,4.632514
1341,4.945796,4.905480
1342,6.440311,5.698349
1343,6.183421,6.515563
1344,3.951832,4.146732
1345,4.506116,4.772844
1346,5.136223,5.466756
1347,3.230111,3.511356
1348,3.935434,4.015585
1349,4.516743,4.603827
1350,4.954302,4.961452
1351,6.432979,5.894388
1352,6.228399,6.634235
1353,4.010138,4.262114
1354,4.736910,4.889844
1355,5.378163,5.469646
1356,3.388533,3.630273
1357,4.159522,3.959647
1358,4.744405,4.653913
1359,5.011582,4.964099
1360,6.707376,5.788840
1361,6.178113,6.604661
1362,4.048896,4.190791
1363,4.499235,4.869309
1364,5.198586,5.489423
1365,3.280091,3.643850
1366,3.967700,3.963355
1367,4.543797,4.629424
1368,5.049103,5.048679
1369,6.566951,6.055716
1370,6.182021,6.935276
1371,3.979499,4.316816
1372,4.746760,5.028743
1373,5.339827,5.601325
1374,3.339524,3.564605
1375,4.142966,4.034513
1376,4.720469,4.738582
1377,5.094153,5.035747
1378,6.533855,5.919783
1379,6.174293,6.868905
1380,4.023565,4.257047
1381,4.467324,4.941564
1382,5.169662,5.640244
1383,3.262600,3.610629
1384,3.883467,4.152292
1385,4.511578,4.871537
1386,5.036179,4.972110
1387,6.432257,5.876780
1388,6.184112,6.689758
1389,4.040656,4.171427
1390,4.808270,4.866167
1391,5.371423,5.481764
1392,3.358847,3.531108
1393,4.126470,3.998248
1394,4.715100,4.679427
1395,5.111378,4.920289
1396,6.524065,5.786149
1397,6.181643,6.638706
1398,4.099545,4.127872
1399,4.542717,4.779738
1400,5.189279,5.495280
1401,3.307753,3.477271
1402,3.955944,4.094512
1403,4.529710,4.625231
1404,4.843801,5.076276
1405,6.393351,6.042264
1406,6.185428,6.937283
1407,3.968202,4.313019
1408,4.714542,5.005374
1409,5.376055,5.665634
1410,3.314839,3.617993
1411,4.143404,4.045845
1412,4.714096,4.830789
1413,4.914749,5.085351
1414,6.504939,5.951798
1415,6.132479,6.868110
1416,3.999717,4.263427
1417,4.489037,4.925384
1418,5.175079,5.729696
1419,3.261575,3.654266
1420,3.931965,4.283835
1421,4.515107,4.719937
1422,5.099140,4.956760
1423,6.659430,5.991218
1424,6.176618,6.682652
1425,3.978424,4.174311
1426,4.766115,4.841207
1427,5.371202,5.451806
1428,3.397336,3.507996
1429,4.127318,3.898249
1430,4.705654,4.554266
1431,4.997696,4.927593
1432,6.640459,5.752428
1433,6.235827,6.626043
1434,4.001719,4.128407
1435,4.497515,4.792875
1436,5.185545,5.487125
1437,3.312629,3.505536
1438,3.911412,4.064518
1439,4.544058,4.674573
1440,4.893591,4.250728
1441,6.197476,5.083357
1442,6.046526,5.802794
1443,3.841456,3.708984
1444,4.685596,4.503241
1445,5.323887,5.147797
1446,3.401175,3.298316
1447,4.042746,4.050192
1448,4.694615,4.229378
1449,4.924653,4.224879
1450,6.409739,4.997336
1451,5.995121,5.615257
1452,3.903966,3.685296
1453,4.400172,4.363758
1454,5.089739,4.753438
1455,3.180338,3.268216
1456,3.861008,3.792982
1457,4.472954,4.345503
1458,4.702762,4.284490
1459,6.184190,5.126036
1460,6.035888,5.859613
1461,3.951612,3.742221
1462,4.774652,4.653171
1463,5.291095,5.180980
1464,3.352375,3.309208
1465,4.118285,4.132889
1466,4.709462,4.447886
1467,4.876574,4.260503
1468,6.443660,5.040519
1469,5.990651,5.605923
1470,3.932572,3.713524
1471,4.492815,4.427876
1472,5.115613,4.925017
1473,3.236832,3.293295
1474,3.848145,3.791329
1475,4.495586,4.407803
1476,4.693293,4.315020
1477,6.149746,5.163977
1478,6.029333,5.962191
1479,3.860803,3.803576
1480,4.673334,4.600646
1481,5.289712,5.227744
1482,3.332178,3.327452
1483,4.079568,4.044504
1484,4.724497,4.368858
1485,4.777412,4.339831
1486,6.471993,5.094168
1487,6.050742,5.766610
1488,3.923288,3.763538
1489,4.503423,4.367804
1490,5.093238,5.076976
1491,3.273108,3.301176
1492,3.850399,3.817676
1493,4.497454,4.568908
1494,4.737914,4.364755
1495,6.234647,5.222927
1496,5.979288,5.901628
1497,3.824937,3.762443
1498,4.625668,4.646979
1499,5.289500,5.245546
1500,3.360125,3.350328
1501,4.112841,4.097306
1502,4.693099,4.292119
1503,4.768649,4.300963
1504,6.440805,5.097180
1505,6.008451,5.755767
1506,3.940549,3.725756
1507,4.539283,4.418028
1508,5.086050,5.065282
1509,3.262430,3.312305
1510,3.874994,3.949676
1511,4.474815,4.570877
1512,4.958067,4.351502
1513,6.488787,5.192537
1514,5.988150,6.013289
1515,3.911383,3.834417
1516,4.703380,4.700650
1517,5.291095,5.274622
1518,3.434255,3.403473
1519,4.115210,4.108866
1520,4.704377,4.478833
1521,4.740730,4.345413
1522,6.393527,5.105556
1523,6.065293,5.833208
1524,3.843287,3.769197
1525,4.459923,4.481209
1526,5.088282,5.116036
1527,3.292593,3.343490
1528,3.814154,3.856566
1529,4.472025,4.540761
1530,4.712269,4.343061
1531,6.261035,5.137395
1532,6.081116,5.869498
1533,3.953765,3.746929
1534,4.630594,4.560031
1535,5.283553,5.169494
1536,3.409394,3.324123
1537,4.124825,4.052585
1538,4.725256,4.247593
1539,4.843448,4.359656
1540,6.477221,5.049392
1541,6.044442,5.682841
1542,3.855515,3.700992
1543,4.392283,4.414788
1544,5.101325,5.008760
1545,3.259537,3.297849
1546,3.830367,3.879671
1547,4.474392,4.449893
1548,4.781163,4.408395
1549,6.260820,5.385365
1550,6.037440,6.270704
1551,3.914936,3.856392
1552,4.618191,4.786029
1553,5.325921,5.519521
1554,3.344661,3.410495
1555,4.113396,4.242448
1556,4.728105,4.696034
1557,4.666887,4.371735
1558,6.382297,5.292243
1559,6.055624,6.084672
1560,3.897348,3.849739
1561,4.440418,4.573306
1562,5.091487,5.320193
1563,3.206279,3.396860
1564,3.809785,3.972247
1565,4.497624,4.821656
1566,4.789434,4.291762
1567,6.370409,5.211678
1568,5.994191,6.074271
1569,3.899992,3.780562
1570,4.705138,4.561198
1571,5.327528,5.336971
1572,3.316442,3.299933
1573,4.095926,4.098776
1574,4.716920,4.584254
1575,4.730488,4.287995
1576,6.408326,5.106607
1577,6.010226,5.912779
1578,3.872292,3.698615
1579,4.426693,4.429822
1580,5.085274,5.127254
1581,3.208172,3.284975
1582,3.827896,3.802609
1583,4.482018,4.631206
1584,4.726791,4.513783
1585,6.294372,5.376732
1586,5.999412,6.293136
1587,3.904746,3.888736
1588,4.647488,4.796723
1589,5.320038,5.558197
1590,3.327893,3.424158
1591,4.132259,4.219971
1592,4.716352,4.692742
1593,4.738416,4.441975
1594,6.425070,5.285138
1595,6.052646,6.118233
1596,3.851639,3.841623
1597,4.437547,4.640738
1598,5.121747,5.336601
1599,3.205293,3.406413
1600,3.818683,3.944361
1601,4.499069,4.645553
1602,4.784556,4.316350
1603,6.247306,5.148165
1604,6.024456,6.038196
1605,3.931563,3.706418
1606,4.630166,4.577961
1607,5.328385,5.343731
1608,3.310644,3.309870
1609,4.106965,4.117178
1610,4.711631,4.415912
1611,4.711547,4.281831
1612,6.427632,5.066002
1613,6.015317,5.852670
1614,3.993256,3.691059
1615,4.452334,4.418767
1616,5.121161,5.114760
1617,3.298240,3.294255
1618,3.882890,3.944228
1619,4.494737,4.621287
1620,4.911917,4.777570
1621,6.598120,5.559016
1622,6.113713,6.300678
1623,3.920391,4.011643
1624,4.713979,4.648801
1625,5.353308,5.341230
1626,3.382035,3.407157
1627,4.159742,3.801487
1628,4.734193,4.198297
1629,4.951280,4.758267
1630,6.669824,5.422704
1631,6.104067,6.167513
1632,3.999276,3.983403
1633,4.617127,4.558465
1634,5.151088,5.161891
1635,3.316969,3.409433
1636,3.920841,3.904010
1637,4.542502,4.482080
1638,4.978518,4.970769
1639,6.340510,5.702924
1640,6.120093,6.639874
1641,4.032718,4.175076
1642,4.711314,4.908008
1643,5.393368,5.603443
1644,3.367132,3.546947
1645,4.119322,4.256465
1646,4.716376,4.630558
1647,4.870930,4.900314
1648,6.629177,5.606455
1649,6.093266,6.452139
1650,4.099177,4.110615
1651,4.475467,4.727860
1652,5.157464,5.282755
1653,3.249800,3.525337
1654,3.865087,4.073883
1655,4.505051,4.515411
1656,4.876883,4.858945
1657,6.429545,5.492718
1658,6.086493,6.269780
1659,3.984833,4.091450
1660,4.702784,4.691351
1661,5.352545,5.304374
1662,3.369598,3.442429
1663,4.224150,3.867227
1664,4.698755,4.430836
1665,4.862622,4.834866
1666,6.522774,5.423921
1667,6.140274,6.163561
1668,4.029839,4.020792
1669,4.565687,4.540349
1670,5.121624,5.168067
1671,3.356155,3.416136
1672,3.939247,3.734469
1673,4.533852,4.322218
1674,4.976102,5.017130
1675,5.826035,5.758660
1676,6.021227,6.490785
1677,3.908088,4.162432
1678,4.809658,4.819187
1679,5.356577,5.510463
1680,3.457528,3.501143
1681,4.113415,4.037282
1682,4.748524,4.371851
1683,5.022564,4.954004
1684,6.639313,5.633917
1685,6.092531,6.411475
1686,3.976381,4.109145
1687,4.541897,4.701079
1688,5.151884,5.360339
1689,3.313541,3.524811
1690,3.834694,4.048189
1691,4.533938,4.557914
1692,4.988216,4.960172
1693,6.441570,5.667977
1694,6.084457,6.543070
1695,3.829930,4.120952
1696,4.652245,4.749139
1697,5.316966,5.466808
1698,3.361751,3.514167
1699,4.081766,3.974855
1700,4.696771,4.381629
1701,5.100831,4.900967
1702,6.454000,5.574469
1703,6.161116,6.358685
1704,3.966385,4.102677
1705,4.464522,4.702882
1706,5.106814,5.240507
1707,3.226839,3.499915
1708,3.864872,3.834413
1709,4.509085,4.416727
1710,4.904714,5.035537
1711,5.748966,5.692041
1712,6.008929,6.623418
1713,3.965560,4.225391
1714,4.704112,4.853213
1715,5.359740,5.562189
1716,3.381338,3.546652
1717,4.124398,4.060177
1718,4.722852,4.383710
1719,4.889320,5.002086
1720,6.668907,5.652917
1721,6.033864,6.420419
1722,4.119889,4.120897
1723,4.551946,4.702133
1724,5.154971,5.384720
1725,3.294849,3.523598
1726,3.932219,3.910128
1727,4.501281,4.578508
1728,4.821856,5.047764
1729,6.221201,5.917304
1730,6.089592,6.789711
1731,3.852150,4.252357
1732,4.647273,4.918886
1733,5.327946,5.736364
1734,3.290430,3.566775
1735,4.105175,4.080230
1736,4.668372,4.573668
1737,4.873799,5.060726
1738,6.477762,5.766823
1739,6.161980,6.670667
1740,3.935602,4.192801
1741,4.441113,4.829461
1742,5.141355,5.523418
1743,3.227472,3.546429
1744,3.837679,4.193336
1745,4.446098,4.787108
1746,4.889748,4.957879
1747,5.792400,5.762816
1748,5.962685,6.551292
1749,4.061933,4.143819
1750,4.708541,4.825921
1751,5.354070,5.572025
1752,3.370878,3.480935
1753,4.090974,4.059183
1754,4.715426,4.592880
1755,5.155184,4.888023
1756,6.611541,5.671383
1757,6.087146,6.467518
1758,4.088045,4.088908
1759,4.575025,4.693543
1760,5.148105,5.397113
1761,3.306004,3.461405
1762,3.905272,3.992037
1763,4.513384,4.504128
1764,4.924968,5.065014
1765,6.339814,5.929931
1766,6.128881,6.720104
1767,4.038148,4.212157
1768,4.827310,4.955632
1769,5.354723,5.675904
1770,3.358847,3.584206
1771,4.160694,4.060743
1772,4.716376,4.588154
1773,4.898978,5.022001
1774,6.558180,5.766204
1775,6.098171,6.677264
1776,4.070311,4.181875
1777,4.519368,4.850583
1778,5.192479,5.550440
1779,3.256104,3.560942
1780,3.861497,4.158305
1781,4.524774,4.713813
1782,5.017323,4.939161
1783,5.572391,5.695276
1784,6.011909,6.500951
1785,3.971423,4.135615
1786,4.740188,4.791742
1787,5.391722,5.509548
1788,3.393972,3.468574
1789,4.176126,3.916985
1790,4.775561,4.414585
1791,4.942849,4.908888
1792,6.673118,5.611459
1793,6.182161,6.421130
1794,4.118943,4.064164
1795,4.528405,4.686335
1796,5.148403,5.398060
1797,3.379441,3.431144
1798,3.991405,4.046007
1799,4.631101,4.637910
1800,4.954740,4.853889
1801,6.393527,5.475235
1802,6.122443,6.249970
1803,3.994065,4.028361
1804,4.886778,4.629643
1805,5.382191,5.331890
1806,3.378261,3.431028
1807,4.171649,3.904420
1808,4.651722,4.242267
1809,4.946980,4.806454
1810,6.567027,5.408022
1811,6.179181,6.237719
1812,4.056079,4.003936
1813,4.541203,4.543512
1814,5.218479,5.184556
1815,3.237073,3.407352
1816,3.884977,3.902770
1817,4.597055,4.299721
1818,5.122878,4.941451
1819,6.589169,5.749179
1820,6.149548,6.610850
1821,4.019204,4.162581
1822,4.843438,4.899107
1823,5.395455,5.609258
1824,3.362565,3.562943
1825,4.268398,4.221205
1826,4.778647,4.601221
1827,4.935237,4.901515
1828,6.670438,5.570255
1829,6.196977,6.454378
1830,4.043594,4.119290
1831,4.559826,4.718482
1832,5.219387,5.354455
1833,3.296369,3.486669
1834,3.964657,3.924059
1835,4.596179,4.518373
1836,4.976049,4.896275
1837,6.419647,5.531806
1838,6.171672,6.333627
1839,3.982992,4.055986
1840,4.779935,4.646586
1841,5.400956,5.308485
1842,3.364616,3.456916
1843,4.173733,3.777908
1844,4.754266,4.409591
1845,4.958780,4.869626
1846,6.769344,5.412011
1847,6.190494,6.189126
1848,3.980464,4.028352
1849,4.615856,4.537693
1850,5.186460,5.185898
1851,3.343420,3.417131
1852,3.904554,3.914350
1853,4.619364,4.344713
1854,4.935554,4.988970
1855,5.788913,5.720149
1856,6.012744,6.517438
1857,3.946073,4.171577
1858,4.743381,4.798514
1859,5.393917,5.528132
1860,3.405716,3.533914
1861,4.262538,4.018347
1862,4.776333,4.384947
1863,4.900027,4.969343
1864,6.627665,5.632067
1865,6.139656,6.416787
1866,4.099234,4.110601
1867,4.514281,4.744998
1868,5.185058,5.359854
1869,3.255591,3.516943
1870,3.856206,4.018236
1871,4.542762,4.462771
1872,4.974493,4.956545
1873,6.098464,5.690185
1874,6.058050,6.482700
1875,3.869142,4.137735
1876,4.745952,4.788389
1877,5.355207,5.489779
1878,3.397939,3.517816
1879,4.141896,4.014009
1880,4.705600,4.532272
1881,4.983410,4.923102
1882,6.556659,5.528488
1883,6.096331,6.384864
1884,3.914348,4.094784
1885,4.498162,4.656548
1886,5.183656,5.298741
1887,3.238930,3.490354
1888,3.921779,3.838446
1889,4.556142,4.443534
1890,4.860550,4.987690
1891,5.639687,5.738466
1892,6.006547,6.491852
1893,4.041343,4.178917
1894,4.746400,4.795294
1895,5.354397,5.517379
1896,3.379292,3.548276
1897,4.167848,4.071283
1898,4.750058,4.501560
1899,5.155875,4.988794
1900,6.617608,5.701794
1901,6.089470,6.416779
1902,4.077823,4.137663
1903,4.556489,4.637940
1904,5.154572,5.360628
1905,3.276282,3.522936
1906,3.910821,4.039239
1907,4.534543,4.457829
1908,4.812806,5.100443
1909,6.305170,5.913662
1910,6.056464,6.769323
1911,3.905403,4.220704
1912,4.848466,4.951189
1913,5.361711,5.705451
1914,3.304169,3.570471
1915,4.133798,4.167573
1916,4.697709,4.678267
1917,4.978679,5.087139
1918,6.554257,5.765965
1919,6.137928,6.696380
1920,3.906201,4.179746
1921,4.498658,4.843442
1922,5.186160,5.520098
1923,3.244646,3.554120
1924,3.879767,4.149557
1925,4.513557,4.801636
1926,4.852119,4.967781
1927,5.769664,5.734651
1928,5.954304,6.517248
1929,3.999624,4.134531
1930,4.721101,4.790713
1931,5.393807,5.564404
1932,3.394341,3.475664
1933,4.194993,3.987633
1934,4.746991,4.599771
1935,5.134024,4.956174
1936,6.634922,5.663865
1937,6.116264,6.480015
1938,3.952744,4.076678
1939,4.475367,4.728291
1940,5.113913,5.407683
1941,3.311083,3.482487
1942,3.857913,4.013169
1943,4.534370,4.579563
1944,4.913015,5.089078
1945,6.435462,5.894567
1946,6.122567,6.772924
1947,3.911994,4.237970
1948,4.745841,4.937731
1949,5.393148,5.683327
1950,3.387717,3.571364
1951,4.264344,4.048457
1952,4.776236,4.594505
1953,4.906536,5.087749
1954,6.621249,5.954195
1955,6.146206,6.635097
1956,3.954570,4.220927
1957,4.525593,4.838064
1958,5.168860,5.542379
1959,3.308979,3.566477
1960,3.886828,4.176252
1961,4.585810,4.821447
1962,4.881371,4.950415
1963,5.790358,5.698027
1964,6.012032,6.548483
1965,3.996379,4.129082
1966,4.812771,4.788464
1967,5.357231,5.525952
1968,3.362384,3.466876
1969,4.156672,3.951954
1970,4.721422,4.586218
1971,4.916015,4.945734
1972,6.648697,5.604278
1973,6.100749,6.498976
1974,3.947050,4.110820
1975,4.475864,4.704199
1976,5.154871,5.398122
1977,3.347527,3.457396
1978,3.927660,4.059495
1979,4.502995,4.511825
1980,4.852119,4.888822
1981,6.373432,5.538226
1982,6.103044,6.321432
1983,3.915013,4.020432
1984,4.737243,4.646329
1985,5.355159,5.343416
1986,3.342669,3.418984
1987,4.094731,3.909868
1988,4.730861,4.271265
1989,4.934764,4.764328
1990,6.551291,5.407340
1991,6.098416,6.242583
1992,3.984373,4.015557
1993,4.506217,4.565756
1994,5.149496,5.184019
1995,3.253175,3.401084
1996,3.857344,3.914690
1997,4.534370,4.373994
1998,4.869474,4.949463
1999,6.334593,5.717381
2000,6.112193,6.647429
2001,3.927923,4.163840
2002,4.778958,4.868027
2003,5.358867,5.578585
2004,3.393809,3.562318
2005,4.224204,4.243773
2006,4.712481,4.552279
2007,4.956065,4.918154
2008,6.553524,5.652973
2009,6.098661,6.453609
2010,4.001937,4.102961
2011,4.472484,4.740402
2012,5.149198,5.393622
2013,3.255591,3.516756
2014,3.942473,4.017609
2015,4.505823,4.613243
2016,4.994356,4.842764
2017,6.375721,5.539995
2018,6.095869,6.297544
2019,3.895952,4.065420
2020,4.724446,4.676782
2021,5.349934,5.344870
2022,3.346721,3.446291
2023,4.156985,3.818529
2024,4.744311,4.375380
2025,5.103007,4.890654
2026,6.578173,5.475252
2027,6.079575,6.273584
2028,3.996611,4.035449
2029,4.502303,4.559354
2030,5.152183,5.183678
2031,3.348872,3.420935
2032,3.862965,3.806173
2033,4.534629,4.358603
2034,4.863009,5.005540
2035,5.802888,5.755235
2036,5.976457,6.544679
2037,3.899078,4.160659
2038,4.785491,4.823330
2039,5.355596,5.543058
2040,3.354264,3.524020
2041,4.151195,4.034874
2042,4.756011,4.387651
2043,5.088889,4.985079
2044,6.665276,5.639944
2045,6.099644,6.478276
2046,4.055969,4.138189
2047,4.485837,4.714213
2048,5.154971,5.360338
2049,3.268145,3.468524
2050,3.862720,3.893579
2051,4.553883,4.479304
2052,4.886487,4.955659
2053,6.315178,5.705104
2054,6.082259,6.487754
2055,3.870654,4.170725
2056,4.648785,4.769957
2057,5.316751,5.476730
2058,3.303819,3.519736
2059,4.068340,3.978520
2060,4.672382,4.485675
2061,4.987480,4.916526
2062,6.444196,5.582634
2063,6.029387,6.442361
2064,3.899111,4.086319
2065,4.510989,4.687872
2066,5.154673,5.298472
2067,3.248272,3.483822
2068,3.900192,3.972508
2069,4.549533,4.607734
2070,4.870245,5.076905
2071,5.897402,5.743068
2072,6.003929,6.531092
2073,4.015576,4.174033
2074,4.761778,4.829297
2075,5.351021,5.531535
2076,3.365644,3.552659
2077,4.137215,3.947555
2078,4.738006,4.396953
2079,4.912061,4.983007
2080,6.559857,5.728132
2081,6.103575,6.477360
2082,4.002638,4.134870
2083,4.570936,4.720559
2084,5.152083,5.369603
2085,3.285583,3.559123
2086,3.912957,4.061816
2087,4.536271,4.631805
2088,4.806490,5.083060
2089,6.299835,5.892150
2090,6.095717,6.818057
2091,3.915603,4.270654
2092,4.740700,4.942738
2093,5.313208,5.702957
2094,3.316530,3.574150
2095,4.096355,4.177375
2096,4.699773,4.715315
2097,4.916626,5.096946
2098,6.544297,5.806439
2099,6.120948,6.709686
2100,3.968667,4.223803
2101,4.563674,4.861998
2102,5.146813,5.562701
2103,3.223893,3.552351
2104,3.866983,4.072870
2105,4.537568,4.678538
2106,4.869936,4.999710
2107,5.846699,5.787554
2108,6.010710,6.582511
2109,3.982992,4.125885
2110,4.841239,4.805502
2111,5.358322,5.566138
2112,3.374816,3.490379
2113,4.166708,4.069238
2114,4.737338,4.464375
2115,4.918513,4.930903
2116,6.631444,5.647717
2117,6.095717,6.495461
2118,3.948301,4.076302
2119,4.526095,4.623823
2120,5.201635,5.418134
2121,3.277313,3.485654
2122,3.892747,4.034802
2123,4.585072,4.636262
2124,4.995449,5.121871
2125,6.469653,5.879612
2126,6.056830,6.822767
2127,4.045700,4.246397
2128,4.882638,4.933287
2129,5.394027,5.676876
2130,3.365009,3.560144
2131,4.203089,4.168647
2132,4.770268,4.617203
2133,4.945549,5.093338
2134,6.640345,5.798128
2135,6.194731,6.755095
2136,3.991522,4.210237
2137,4.536861,4.849636
2138,5.193885,5.577940
2139,3.272765,3.521857
2140,3.908922,4.168634
2141,4.557529,4.684364
2142,4.872404,4.938171
2143,5.710311,5.716150
2144,6.017999,6.578206
2145,3.916132,4.153684
2146,4.794777,4.810364
2147,5.391722,5.515738
2148,3.376827,3.476551
2149,4.172124,3.956847
2150,4.779226,4.507384
2151,4.928755,4.944934
2152,6.605639,5.645894
2153,6.094491,6.478086
2154,4.061214,4.077830
2155,4.541809,4.709586
2156,5.151784,5.412350
2157,3.275510,3.479142
2158,3.912060,4.021027
2159,4.584636,4.504984
2160,4.789582,4.250653
2161,6.392648,5.135047
2162,6.082438,5.634449
2163,3.892179,3.733647
2164,4.705486,4.483452
2165,5.326564,4.871868
2166,3.355461,3.309139
2167,4.250061,3.833773
2168,4.737803,4.452315
2169,4.721090,4.194582
2170,6.535287,5.080476
2171,6.068882,5.623497
2172,3.889900,3.719206
2173,4.453598,4.463295
2174,5.196784,4.905522
2175,3.254043,3.322481
2176,3.927325,4.000005
2177,4.580091,4.331607
2178,4.769836,4.257558
2179,6.360303,5.200917
2180,6.081717,5.654233
2181,3.992552,3.729062
2182,4.717669,4.503181
2183,5.324636,4.922251
2184,3.368851,3.312473
2185,4.175351,3.963493
2186,4.760096,4.463055
2187,4.849811,4.239881
2188,6.439022,5.115303
2189,6.057889,5.623192
2190,3.922639,3.741248
2191,4.477749,4.493861
2192,5.205036,4.952564
2193,3.277551,3.320574
2194,3.917922,3.983342
2195,4.555943,4.421222
2196,4.736322,4.282779
2197,6.315173,5.211473
2198,6.137961,5.736578
2199,3.967438,3.815422
2200,4.732616,4.516327
2201,5.430276,5.015239
2202,3.386726,3.351235
2203,4.163991,3.983306
2204,4.828064,4.375087
2205,4.909508,4.272059
2206,6.434389,5.158718
2207,6.100766,5.770449
2208,3.998068,3.802304
2209,4.477847,4.469274
2210,5.207426,5.038178
2211,3.243454,3.393226
2212,3.904948,3.864194
2213,4.602801,4.522221
2214,4.757772,4.249504
2215,6.279754,5.241689
2216,6.123416,5.716546
2217,3.984991,3.799132
2218,4.792479,4.530918
2219,5.355505,4.939521
2220,3.395083,3.365307
2221,4.272572,3.854567
2222,4.809851,4.466587
2223,4.809491,4.262721
2224,6.526552,5.154806
2225,6.107736,5.767253
2226,4.020818,3.776502
2227,4.572299,4.476521
2228,5.194900,5.033902
2229,3.281714,3.389075
2230,3.976754,3.968770
2231,4.636289,4.511689
2232,4.773616,4.267832
2233,6.308204,5.234695
2234,6.127772,5.829984
2235,3.913047,3.859750
2236,4.790959,4.560906
2237,5.428858,5.015839
2238,3.353351,3.375640
2239,4.242273,3.896724
2240,4.849067,4.508856
2241,4.843460,4.316046
2242,6.516209,5.198876
2243,6.130680,5.818544
2244,3.917439,3.800069
2245,4.508828,4.535941
2246,5.194503,5.077889
2247,3.361171,3.400547
2248,3.904298,3.930990
2249,4.642604,4.688142
2250,4.902862,4.255630
2251,6.286546,5.231278
2252,6.126682,5.679986
2253,3.968677,3.775778
2254,4.839593,4.482425
2255,5.425262,4.939508
2256,3.421020,3.337860
2257,4.232792,3.831928
2258,4.859175,4.492365
2259,4.822978,4.275386
2260,6.551546,5.128766
2261,6.104970,5.695612
2262,3.936174,3.755677
2263,4.536184,4.464435
2264,5.205036,5.047638
2265,3.352330,3.359899
2266,3.934178,3.831908
2267,4.644537,4.440274
2268,4.849726,4.383756
2269,6.246502,5.409188
2270,6.132256,6.082927
2271,3.906271,3.914824
2272,4.889553,4.710216
2273,5.434535,5.215624
2274,3.395812,3.428185
2275,4.184598,3.973863
2276,4.838035,4.603327
2277,4.922345,4.486012
2278,6.492922,5.345977
2279,6.097887,6.214360
2280,4.019085,3.892992
2281,4.536382,4.681965
2282,5.234078,5.343173
2283,3.297626,3.448168
2284,3.910856,4.119650
2285,4.662882,4.751963
2286,4.980082,4.303398
2287,6.254670,5.206200
2288,6.175523,5.811886
2289,3.929390,3.808933
2290,4.790824,4.520927
2291,5.468645,5.037186
2292,3.399404,3.314166
2293,4.274854,3.850483
2294,4.890666,4.512983
2295,4.848419,4.323716
2296,6.525643,5.165906
2297,6.156908,5.946975
2298,3.935099,3.724519
2299,4.637170,4.467142
2300,5.226889,5.221728
2301,3.271123,3.305945
2302,3.917349,3.852000
2303,4.615431,4.553456
2304,4.836916,4.376888
2305,6.303453,5.418969
2306,6.126198,6.082833
2307,4.018277,3.922883
2308,4.726409,4.706409
2309,5.434862,5.183508
2310,3.402658,3.422670
2311,4.226442,3.990078
2312,4.791953,4.586018
2313,4.883265,4.381804
2314,6.501748,5.339311
2315,6.098846,6.251477
2316,3.883049,3.889256
2317,4.506176,4.691911
2318,5.206629,5.452589
2319,3.192733,3.440103
2320,3.863555,4.045797
2321,4.578448,4.734906
2322,4.735020,4.250154
2323,6.263855,5.235189
2324,6.081476,5.785519
2325,3.972668,3.767987
2326,4.732767,4.503613
2327,5.325171,5.054212
2328,3.354417,3.351020
2329,4.185449,3.843604
2330,4.768390,4.426300
2331,5.010301,4.210352
2332,6.459637,5.126541
2333,6.063142,5.930256
2334,3.900387,3.751948
2335,4.535670,4.492208
2336,5.201851,5.247374
2337,3.340695,3.243322
2338,3.858266,3.948698
2339,4.550266,4.542441
2340,5.062561,4.711575
2341,6.469472,5.591373
2342,6.146784,6.356672
2343,3.934255,4.055670
2344,4.732789,4.669185
2345,5.388541,5.263626
2346,3.391670,3.433554
2347,4.198870,3.921959
2348,4.735813,4.500534
2349,4.963580,4.743168
2350,6.658025,5.448633
2351,6.193858,6.312501
2352,4.065358,4.044166
2353,4.582911,4.611274
2354,5.186561,5.263186
2355,3.276705,3.475758
2356,3.961435,3.947386
2357,4.560307,4.569991
2358,5.001251,4.889962
2359,6.389135,5.821568
2360,6.122195,6.567445
2361,4.074050,4.157252
2362,4.860823,4.848566
2363,5.364001,5.445653
2364,3.368273,3.560611
2365,4.147718,4.067671
2366,4.776429,4.514994
2367,4.951120,4.885137
2368,6.741331,5.656641
2369,6.186014,6.498086
2370,3.946481,4.134520
2371,4.536055,4.761720
2372,5.185058,5.468608
2373,3.332790,3.581110
2374,3.949185,4.094364
2375,4.606723,4.590334
2376,4.871016,4.815566
2377,6.575755,5.607232
2378,6.146909,6.392953
2379,3.964789,4.062179
2380,4.749871,4.695371
2381,5.391831,5.256219
2382,3.357147,3.491511
2383,4.141802,3.954890
2384,4.757133,4.486469
2385,4.921659,4.815450
2386,6.644518,5.500483
2387,6.153266,6.309395
2388,4.046560,4.041859
2389,4.524891,4.585261
2390,5.202139,5.245026
2391,3.279807,3.468294
2392,3.947081,3.958013
2393,4.564739,4.458586
2394,4.869474,4.934943
2395,5.871643,5.817164
2396,5.993598,6.576368
2397,3.929275,4.201006
2398,4.787708,4.824385
2399,5.390405,5.431242
2400,3.489184,3.537267
2401,4.174450,4.072681
2402,4.775851,4.553136
2403,4.903775,4.930013
2404,6.644138,5.716933
2405,6.144722,6.446108
2406,4.098382,4.152923
2407,4.545001,4.779515
2408,5.183356,5.444669
2409,3.235241,3.573302
2410,3.907850,3.955686
2411,4.555709,4.518877
2412,4.825183,4.901543
2413,6.317598,5.745850
2414,6.090939,6.582400
2415,3.962169,4.170166
2416,4.658855,4.805165
2417,5.352718,5.398197
2418,3.327654,3.486246
2419,4.103062,3.880408
2420,4.741599,4.609147
2421,4.905808,4.840155
2422,6.442768,5.629147
2423,6.178064,6.494130
2424,3.958527,4.146995
2425,4.586207,4.724586
2426,5.189167,5.368405
2427,3.242998,3.509586
2428,3.889383,4.070956
2429,4.557356,4.494649
2430,4.933339,4.928324
2431,5.850666,5.830779
2432,6.033576,6.604399
2433,3.920166,4.157515
2434,4.883621,4.851804
2435,5.351240,5.437566
2436,3.385515,3.577045
2437,4.255102,4.065764
2438,4.774984,4.507003
2439,5.177739,4.907294
2440,6.672734,5.735450
2441,6.149053,6.530524
2442,4.016278,4.147554
2443,4.498008,4.739508
2444,5.150093,5.461022
2445,3.356516,3.596860
2446,3.902652,3.996736
2447,4.530832,4.513608
2448,4.890041,4.975427
2449,6.441210,5.976013
2450,6.090327,6.861012
2451,3.959656,4.273029
2452,4.650622,5.004176
2453,5.355098,5.613693
2454,3.338675,3.575567
2455,4.093605,4.204778
2456,4.694147,4.810979
2457,4.948095,5.011240
2458,6.488969,5.893063
2459,6.199599,6.787913
2460,3.897458,4.237870
2461,4.511188,4.908257
2462,5.159060,5.621189
2463,3.177140,3.601892
2464,3.866659,4.215052
2465,4.556749,4.873172
2466,4.879049,4.941831
2467,5.775403,5.808741
2468,6.004762,6.630535
2469,3.994875,4.169007
2470,4.748975,4.807457
2471,5.355378,5.473613
2472,3.398586,3.528424
2473,4.144099,3.946885
2474,4.748620,4.532949
2475,4.953830,4.900615
2476,6.719974,5.717920
2477,6.096699,6.568851
2478,4.110473,4.119748
2479,4.491131,4.778577
2480,5.150093,5.487899
2481,3.250975,3.509579
2482,3.882728,4.025941
2483,4.511664,4.585718
2484,4.887419,5.024210
2485,6.334836,5.952919
2486,6.113550,6.863683
2487,4.021430,4.269513
2488,4.744387,4.977146
2489,5.394137,5.657842
2490,3.403305,3.580855
2491,4.201737,4.200576
2492,4.737243,4.805788
2493,4.971921,4.997262
2494,6.642810,5.876352
2495,6.150539,6.817875
2496,3.966134,4.207333
2497,4.508211,4.904457
2498,5.156367,5.636251
2499,3.275255,3.580713
2500,3.897733,4.200027
2501,4.536357,4.867822
2502,4.890059,4.947728
2503,5.779135,5.807389
2504,5.983684,6.622143
2505,4.052028,4.151985
2506,4.800722,4.800146
2507,5.389527,5.441712
2508,3.354984,3.527730
2509,4.182810,3.937235
2510,4.717613,4.619560
2511,5.137281,4.918735
2512,6.606765,5.690572
2513,6.141509,6.542155
2514,3.953201,4.135978
2515,4.504405,4.729436
2516,5.152183,5.498397
2517,3.254869,3.529333
2518,3.981278,4.098290
2519,4.570574,4.704276
2520,4.935871,4.715710
2521,6.635797,5.590234
2522,6.150153,6.389444
2523,3.928204,4.051869
2524,4.737131,4.679840
2525,5.389747,5.193729
2526,3.388636,3.454694
2527,4.144054,3.862479
2528,4.730386,4.483262
2529,5.113716,4.752348
2530,6.635039,5.468239
2531,6.195355,6.281026
2532,4.073088,4.023394
2533,4.528003,4.600476
2534,5.156168,5.244042
2535,3.359854,3.417544
2536,3.969501,3.923231
2537,4.528333,4.524302
2538,5.025731,4.893068
2539,6.315869,5.817736
2540,6.115400,6.587460
2541,4.009274,4.155520
2542,4.734903,4.860034
2543,5.357885,5.425945
2544,3.481894,3.513636
2545,4.184820,4.099912
2546,4.750921,4.624728
2547,4.907060,4.914916
2548,6.596458,5.730819
2549,6.134352,6.545713
2550,4.010789,4.155176
2551,4.636744,4.800504
2552,5.162256,5.458400
2553,3.381120,3.542617
2554,3.998644,3.970809
2555,4.559612,4.523312
2556,4.929861,4.777611
2557,6.562765,5.627043
2558,6.130866,6.401423
2559,4.036848,4.106069
2560,4.709982,4.686913
2561,5.389308,5.253400
2562,3.342067,3.469309
2563,4.145327,3.896852
2564,4.743259,4.498947
2565,4.895038,4.820860
2566,6.562096,5.506770
2567,6.207980,6.321275
2568,3.942392,4.045490
2569,4.552447,4.613229
2570,5.144231,5.235061
2571,3.264475,3.442264
2572,3.878637,3.800237
2573,4.541029,4.593415
2574,4.917255,4.926950
2575,5.818609,5.831701
2576,6.029134,6.570504
2577,4.018970,4.207702
2578,4.763919,4.816953
2579,5.402387,5.348243
2580,3.364919,3.573443
2581,4.162726,3.919577
2582,4.781350,4.634316
2583,4.951757,4.967723
2584,6.707956,5.697677
2585,5.996534,6.510301
2586,3.944208,4.171373
2587,4.527903,4.810685
2588,5.195897,5.493492
2589,3.273708,3.547371
2590,3.973254,3.933670
2591,4.533766,4.690168
2592,4.836712,4.915500
2593,6.319848,5.769716
2594,6.065701,6.586070
2595,3.906067,4.178615
2596,4.697125,4.807703
2597,5.354558,5.373050
2598,3.323761,3.563400
2599,4.115312,4.042194
2600,4.731173,4.583626
2601,5.091083,4.914972
2602,6.495312,5.659966
2603,6.133736,6.503052
2604,3.959656,4.114995
2605,4.517379,4.735576
2606,5.198815,5.384552
2607,3.185119,3.528451
2608,3.920176,4.014657
2609,4.560219,4.501075
2610,4.881526,4.964656
2611,5.894562,5.855708
2612,5.989096,6.598624
2613,4.018852,4.203609
2614,4.767755,4.853712
2615,5.390295,5.410483
2616,3.384874,3.537065
2617,4.174791,3.946870
2618,4.749962,4.629066
2619,4.910954,4.984601
2620,6.611273,5.734010
2621,6.092776,6.537468
2622,3.953429,4.172516
2623,4.609306,4.797288
2624,5.189970,5.432791
2625,3.273880,3.561043
2626,3.971282,4.085568
2627,4.540336,4.631970
2628,4.789880,5.020784
2629,6.529047,5.970860
2630,6.093021,6.882725
2631,3.835003,4.277857
2632,4.747299,4.951557
2633,5.351096,5.614668
2634,3.362023,3.627359
2635,4.117377,4.176245
2636,4.723148,4.783949
2637,5.051092,5.031148
2638,6.545218,5.867055
2639,6.125492,6.786962
2640,3.877953,4.231211
2641,4.544899,4.920103
2642,5.220092,5.621053
2643,3.328116,3.594579
2644,3.926799,4.059187
2645,4.555622,4.846451
2646,5.000037,4.952965
2647,5.805100,5.816258
2648,6.014415,6.679479
2649,4.008574,4.174087
2650,4.740142,4.839296
2651,5.391283,5.436348
2652,3.392222,3.487609
2653,4.180707,4.071722
2654,4.715141,4.679438
2655,4.946504,4.931788
2656,6.682129,5.724909
2657,6.090816,6.614628
2658,4.118820,4.109955
2659,4.630326,4.793367
2660,5.201030,5.508662
2661,3.364616,3.486131
2662,3.905542,4.141324
2663,4.567350,4.737077
2664,5.017159,5.043715
2665,6.354395,5.958559
2666,6.118981,6.915554
2667,3.940774,4.294327
2668,4.818761,4.966906
2669,5.355487,5.588847
2670,3.386708,3.550302
2671,4.170223,4.063037
2672,4.774406,4.670487
2673,4.897687,4.979012
2674,6.621215,5.861557
2675,6.144845,6.788512
2676,3.976842,4.220012
2677,4.539485,4.862086
2678,5.186460,5.627161
2679,3.262941,3.579674
2680,3.957963,4.190912
2681,4.540250,4.783732
2682,4.868703,4.906494
2683,5.534393,5.807639
2684,6.020749,6.623216
2685,4.002990,4.175940
2686,4.784335,4.822823
2687,5.391831,5.440706
2688,3.362656,3.482927
2689,4.165095,4.058529
2690,4.805539,4.546568
2691,5.141745,4.856847
2692,6.642430,5.724369
2693,6.095350,6.577498
2694,4.001639,4.118452
2695,4.523186,4.754836
2696,5.151983,5.468641
2697,3.281873,3.493108
2698,3.891101,4.126780
2699,4.535666,4.671000
2700,5.066896,4.736454
2701,6.436348,5.593198
2702,6.137074,6.382125
2703,3.908646,4.039393
2704,4.697151,4.678966
2705,5.383284,5.236344
2706,3.358049,3.410834
2707,4.162442,3.790105
2708,4.761248,4.417463
2709,4.936979,4.824553
2710,6.624079,5.663394
2711,6.134969,6.307319
2712,3.962283,4.003606
2713,4.536256,4.601361
2714,5.175861,5.164733
2715,3.278946,3.427305
2716,3.894045,3.840794
2717,4.565086,4.517000
2718,4.847838,4.924198
2719,6.501823,5.799683
2720,6.136328,6.593616
2721,4.049767,4.156770
2722,4.702453,4.842852
2723,5.393917,5.424506
2724,3.408967,3.520441
2725,4.253420,4.083014
2726,4.779805,4.528066
2727,4.964540,4.911153
2728,6.643000,5.715392
2729,6.143362,6.537486
2730,3.936532,4.134189
2731,4.556893,4.765437
2732,5.203550,5.414204
2733,3.276969,3.580730
2734,3.935087,4.094079
2735,4.587953,4.668283
2736,4.905965,4.744778
2737,6.350456,5.653734
2738,6.173331,6.377742
2739,3.978856,4.073036
2740,4.742822,4.694080
2741,5.353743,5.242482
2742,3.396739,3.418435
2743,4.225614,3.908000
2744,4.764122,4.473109
2745,5.107605,4.823681
2746,6.564247,5.462486
2747,6.132997,6.324440
2748,4.060856,4.041613
2749,4.534039,4.607682
2750,5.147210,5.219358
2751,3.298588,3.440288
2752,3.959322,3.931738
2753,4.533506,4.591763
2754,4.910663,4.952889
2755,5.587385,5.828211
2756,6.031894,6.596186
2757,3.926347,4.171499
2758,4.707987,4.812711
2759,5.356141,5.438115
2760,3.401453,3.537950
2761,4.248481,3.986098
2762,4.716376,4.520257
2763,4.997277,4.912989
2764,6.694247,5.713263
2765,6.137928,6.517210
2766,4.059422,4.184882
2767,4.531220,4.777603
2768,5.182255,5.444963
2769,3.290420,3.546553
2770,3.927825,4.085107
2771,4.587865,4.698004
2772,4.859783,4.852705
2773,6.381422,5.764795
2774,6.125614,6.582131
2775,3.874704,4.154881
2776,4.753934,4.780046
2777,5.313960,5.375736
2778,3.330935,3.531044
2779,4.139326,3.899896
2780,4.733065,4.592175
2781,4.914427,4.871175
2782,6.623116,5.634730
2783,6.175336,6.514489
2784,3.900103,4.115938
2785,4.505511,4.726756
2786,5.209527,5.390565
2787,3.226556,3.483994
2788,3.913797,4.094126
2789,4.594163,4.645452
2790,5.020360,4.960446
2791,5.733399,5.843975
2792,6.100407,6.599011
2793,3.950141,4.233295
2794,4.773969,4.851647
2795,5.387664,5.423776
2796,3.403858,3.581442
2797,4.223634,4.073991
2798,4.775754,4.623710
2799,4.951120,4.934201
2800,6.692321,5.735216
2801,6.087636,6.507234
2802,4.048104,4.184947
2803,4.536055,4.769730
2804,5.195394,5.395566
2805,3.258688,3.630524
2806,3.909912,3.917898
2807,4.588564,4.593446
2808,4.792118,4.987739
2809,6.506033,5.937172
2810,6.089837,6.874867
2811,3.896027,4.262476
2812,4.713578,4.986225
2813,5.357265,5.636406
2814,3.329614,3.564075
2815,4.152693,4.046697
2816,4.749556,4.674737
2817,4.906434,5.018906
2818,6.431542,5.863970
2819,6.170754,6.778078
2820,4.006246,4.209781
2821,4.542316,4.916921
2822,5.245471,5.625645
2823,3.268495,3.618703
2824,3.919468,4.187895
2825,4.592762,4.836192
2826,4.900087,4.903197
2827,5.853022,5.824285
2828,6.096056,6.643785
2829,3.996727,4.150030
2830,4.783206,4.845901
2831,5.388650,5.453642
2832,3.390006,3.478591
2833,4.245809,4.064916
2834,4.798856,4.676396
2835,4.985940,4.918090
2836,6.729499,5.709570
2837,6.199849,6.584116
2838,4.051790,4.117929
2839,4.530617,4.785402
2840,5.191576,5.479416
2841,3.419848,3.496208
2842,3.905954,3.957441
2843,4.586905,4.750203
2844,4.890658,5.076951
2845,6.551856,5.992811
2846,6.206602,6.887839
2847,4.026596,4.275781
2848,4.770373,4.984449
2849,5.387226,5.593712
2850,3.378624,3.553115
2851,4.221116,4.042419
2852,4.798953,4.753414
2853,5.154214,5.045543
2854,6.660122,5.844971
2855,6.215378,6.794529
2856,4.113661,4.220291
2857,4.665640,4.861616
2858,5.257736,5.600358
2859,3.315929,3.599149
2860,3.986678,4.177385
2861,4.619100,4.780518
2862,5.134074,4.918477
2863,5.829840,5.821372
2864,6.112040,6.640465
2865,3.930515,4.172537
2866,4.768690,4.823578
2867,5.387883,5.434398
2868,3.385991,3.502636
2869,4.225657,4.055762
2870,4.799727,4.647071
2871,4.948253,4.919688
2872,6.660694,5.725268
2873,6.190494,6.517674
2874,4.043120,4.102036
2875,4.526196,4.748292
2876,5.217472,5.464083
2877,3.298819,3.511572
2878,3.916528,4.080876
2879,4.583066,4.802956
0,4.896510,4.468058
1,6.354554,5.284706
2,6.012386,5.924857
3,3.948106,3.858261
4,4.672897,4.655045
5,5.299832,5.161820
6,3.343676,3.372746
7,4.104063,4.126269
8,4.730005,4.418866
9,4.956543,4.318223
10,6.384541,5.114176
11,6.058884,5.637168
12,3.949439,3.757700
13,4.421995,4.506816
14,5.108263,4.957088
15,3.224159,3.351580
16,3.827001,3.839071
17,4.465038,4.344667
18,4.719931,4.360852
19,6.442946,5.184965
20,6.016977,5.803859
21,3.927981,3.749334
22,4.758506,4.591954
23,5.262120,5.085059
24,3.445615,3.305367
25,4.086627,4.087705
26,4.700077,4.393353
27,4.721272,4.257930
28,6.658277,5.127580
29,6.018044,5.533172
30,4.017665,3.678587
31,4.443171,4.394667
32,5.099277,4.848403
33,3.268526,3.293555
34,3.822124,3.912795
35,4.476338,4.258683
36,4.691719,4.415397
37,6.183045,5.252275
38,6.017759,5.954237
39,3.857900,3.839868
40,4.610496,4.638787
41,5.305175,5.244500
42,3.341410,3.397227
43,4.053814,4.107801
44,4.676133,4.395685
45,4.873021,4.369044
46,6.460666,5.156956
47,6.055279,5.785745
48,3.971066,3.796748
49,4.405739,4.486464
50,5.116496,5.094215
51,3.211074,3.388306
52,3.853281,3.952976
53,4.480745,4.518148
54,4.688792,4.371212
55,5.772550,5.160107
56,5.976929,5.852672
57,3.840917,3.747449
58,4.638434,4.590126
59,5.304213,5.140508
60,3.362575,3.344181
61,4.187912,4.035883
62,4.716187,4.401423
63,4.958141,4.319776
64,6.531451,5.101190
65,6.028738,5.677009
66,3.830469,3.754164
67,4.412208,4.405398
68,5.104156,5.014659
69,3.249454,3.327060
70,3.819330,3.819903
71,4.491373,4.425707
72,4.704831,4.429993
73,6.180711,5.325689
74,6.070810,5.974198
75,3.905293,3.874349
76,4.700021,4.717956
77,5.270501,5.269683
78,3.343748,3.416640
79,4.104913,4.123585
80,4.693287,4.358354
81,4.786899,4.451778
82,6.409209,5.183455
83,6.084844,5.826781
84,3.907173,3.833976
85,4.543528,4.509237
86,5.109633,5.119900
87,3.190538,3.395584
88,3.838646,3.904011
89,4.478795,4.530480
90,4.773384,4.390256
91,6.279777,5.177692
92,6.050480,5.801865
93,3.907838,3.819459
94,4.606007,4.601714
95,5.302075,5.138314
96,3.316875,3.348919
97,4.081399,4.051244
98,4.686987,4.390275
99,4.985293,4.353183
100,6.352204,5.151620
101,6.022079,5.687945
102,3.880632,3.732732
103,4.460494,4.453372
104,5.090710,5.012491
105,3.188491,3.352839
106,3.864842,3.929064
107,4.474815,4.604516
108,4.693866,4.417388
109,6.214500,5.321661
110,6.066950,6.207773
111,3.903744,3.834721
112,4.750030,4.678363
113,5.309349,5.378485
114,3.298030,3.375839
115,4.115116,4.124128
116,4.689900,4.487240
117,4.795853,4.360394
118,6.513018,5.422880
119,6.047364,6.016131
120,3.850634,3.782099
121,4.484870,4.513794
122,5.119542,5.197824
123,3.251076,3.351231
124,3.823641,3.878727
125,4.450260,4.514227
126,4.743653,4.335417
127,6.264775,5.196317
128,6.056480,5.992626
129,3.830927,3.762641
130,4.684170,4.585023
131,5.310206,5.285830
132,3.312365,3.295890
133,4.161211,4.031254
134,4.677614,4.483912
135,4.807542,4.261542
136,6.466660,5.077508
137,6.055147,5.838197
138,3.902751,3.702921
139,4.388741,4.381619
140,5.135660,5.078589
141,3.281615,3.279151
142,3.821245,3.846541
143,4.478202,4.550194
144,4.861012,4.436944
145,6.329728,5.283887
146,6.062011,6.199979
147,3.926796,3.906279
148,4.641879,4.674683
149,5.300260,5.402524
150,3.355164,3.381462
151,4.121459,4.131368
152,4.692722,4.482009
153,5.047657,4.370169
154,6.408298,5.222837
155,6.087613,6.035223
156,3.963080,3.808723
157,4.445333,4.534646
158,5.117085,5.163027
159,3.250722,3.356735
160,3.798551,3.982454
161,4.483121,4.676767
162,4.718338,4.361334
163,6.484285,5.234318
164,6.046406,6.041812
165,3.913492,3.788944
166,4.665485,4.611390
167,5.309670,5.293622
168,3.341085,3.303570
169,4.071344,4.060307
170,4.723548,4.453362
171,4.863931,4.272479
172,6.457793,5.108243
173,6.074513,5.856836
174,3.916382,3.719438
175,4.515039,4.412486
176,5.099764,5.092307
177,3.288608,3.290557
178,3.835185,3.782825
179,4.472194,4.503025
180,4.890215,5.055008
181,6.317252,5.791474
182,6.127789,6.546202
183,3.948529,4.244532
184,4.698820,4.892028
185,5.338300,5.531621
186,3.402268,3.585845
187,4.106032,4.066938
188,4.708592,4.460383
189,4.922831,5.009417
190,6.441390,5.680203
191,6.131238,6.503535
192,3.951946,4.164669
193,4.460303,4.749818
194,5.169261,5.336579
195,3.254653,3.558731
196,3.871303,3.955619
197,4.516313,4.638537
198,4.992087,5.051759
199,6.428471,5.788132
200,6.181696,6.642870
201,3.983208,4.184315
202,4.842967,4.914099
203,5.373521,5.548621
204,3.386832,3.562948
205,4.140904,4.170379
206,4.712615,4.573471
207,5.096201,5.008100
208,6.530712,5.655225
209,6.170942,6.423455
210,3.951854,4.118579
211,4.608324,4.709142
212,5.184840,5.317924
213,3.283819,3.547733
214,3.822631,4.047227
215,4.501428,4.602410
216,4.927334,5.086911
217,6.356228,5.865893
218,6.145193,6.669153
219,3.974248,4.303590
220,4.703603,4.920253
221,5.333400,5.564183
222,3.371427,3.620430
223,4.091857,4.038161
224,4.692551,4.501070
225,4.926167,5.098347
226,6.527948,5.763380
227,6.204025,6.563213
228,4.028298,4.207381
229,4.604473,4.795017
230,5.144402,5.399857
231,3.294531,3.590434
232,3.915289,4.089988
233,4.486920,4.613125
234,5.052011,5.086304
235,6.476278,5.787214
236,6.219068,6.536506
237,3.967328,4.228405
238,4.744150,4.818247
239,5.372306,5.472794
240,3.386553,3.550910
241,4.153735,3.973572
242,4.741231,4.397488
243,4.985363,4.997210
244,6.629014,5.716172
245,6.134789,6.456999
246,3.937927,4.158275
247,4.516933,4.733685
248,5.165266,5.353645
249,3.316964,3.530119
250,3.885597,3.903875
251,4.508327,4.593562
252,4.855354,5.191483
253,6.312932,5.991260
254,6.182778,6.797754
255,3.976381,4.347368
256,4.810930,4.994792
257,5.341354,5.667546
258,3.327893,3.653114
259,4.155504,4.141315
260,4.711342,4.576899
261,4.938277,5.179945
262,6.509160,5.845099
263,6.182670,6.706778
264,3.869910,4.277859
265,4.446124,4.893920
266,5.167158,5.491954
267,3.273091,3.635997
268,3.833830,4.149040
269,4.488290,4.720470
270,4.994496,5.092669
271,6.628443,5.847806
272,6.143646,6.658274
273,4.005310,4.284192
274,4.738379,4.889647
275,5.377168,5.580018
276,3.389272,3.593215
277,4.059708,4.102872
278,4.708513,4.469568
279,5.017058,5.094582
280,6.629204,5.773956
281,6.233281,6.575871
282,4.093053,4.209491
283,4.576031,4.774853
284,5.157623,5.419409
285,3.332178,3.582555
286,3.904483,4.082715
287,4.475874,4.532462
288,4.895038,5.195892
289,6.334577,5.900434
290,6.131412,6.822346
291,4.003574,4.230394
292,4.712641,4.921966
293,5.341899,5.643749
294,3.386408,3.574218
295,4.104353,4.026471
296,4.689807,4.654021
297,5.109155,5.129207
298,6.492066,5.813839
299,6.182670,6.689804
300,3.974304,4.216742
301,4.497962,4.829062
302,5.171968,5.477749
303,3.239571,3.554730
304,3.886355,4.052073
305,4.518899,4.738419
306,4.969136,5.053681
307,6.413463,5.856273
308,6.175857,6.520912
309,4.059023,4.198946
310,4.797658,4.805779
311,5.373852,5.480581
312,3.356355,3.489436
313,4.103541,4.035880
314,4.718639,4.535172
315,5.012079,5.032102
316,6.764738,5.712975
317,6.175847,6.502575
318,4.064967,4.115727
319,4.488431,4.696565
320,5.159129,5.352923
321,3.298993,3.486840
322,3.869040,3.957649
323,4.508586,4.597642
324,4.844569,5.206398
325,6.315884,5.996381
326,6.176351,6.854605
327,3.917642,4.283108
328,4.783431,4.961059
329,5.306561,5.663567
330,3.349699,3.603120
331,4.151114,4.066082
332,4.718946,4.632150
333,4.889952,5.104948
334,6.483739,5.884281
335,6.172297,6.737944
336,3.983897,4.253278
337,4.543286,4.849535
338,5.142704,5.471675
339,3.237022,3.577566
340,3.816459,4.131730
341,4.501772,4.699509
342,4.942753,5.087149
343,6.402047,5.845081
344,6.120844,6.622996
345,3.917127,4.144695
346,4.706757,4.820796
347,5.368555,5.487512
348,3.362666,3.487385
349,4.077051,3.945478
350,4.699188,4.535627
351,5.042999,5.032407
352,6.532623,5.755241
353,6.176980,6.568517
354,3.942438,4.119032
355,4.557262,4.701834
356,5.113039,5.366145
357,3.364305,3.463480
358,3.880851,4.008064
359,4.473819,4.585452
360,5.109640,5.070573
361,6.409812,5.822816
362,6.090498,6.669735
363,3.956063,4.251457
364,4.684748,4.854725
365,5.340263,5.545145
366,3.321131,3.624972
367,4.113415,4.103240
368,4.683196,4.602024
369,5.115317,5.038873
370,6.486290,5.670546
371,6.180167,6.480381
372,3.945004,4.212745
373,4.458911,4.780269
374,5.144701,5.391705
375,3.211437,3.554590
376,3.852874,4.079829
377,4.497469,4.499644
378,4.971078,5.069796
379,6.580490,5.769151
380,6.143646,6.648313
381,3.916040,4.196945
382,4.732623,4.898825
383,5.369327,5.529261
384,3.347412,3.572078
385,4.079674,4.204006
386,4.708322,4.576095
387,5.216515,5.016716
388,6.460565,5.702108
389,6.236336,6.465870
390,3.944750,4.156668
391,4.568192,4.757641
392,5.162749,5.348088
393,3.349699,3.540865
394,3.888909,4.044085
395,4.521061,4.588488
396,4.864017,5.126851
397,6.429909,6.019281
398,6.103075,6.703496
399,4.006432,4.326475
400,4.805960,4.921144
401,5.335358,5.589337
402,3.329677,3.614366
403,4.087760,4.123649
404,4.714380,4.603652
405,4.914907,5.108191
406,6.627476,5.802183
407,6.146161,6.569090
408,3.892477,4.244977
409,4.548245,4.807239
410,5.136223,5.417253
411,3.273349,3.550720
412,3.808126,3.976158
413,4.489575,4.666019
414,4.942593,5.061030
415,6.385446,5.824078
416,6.130524,6.570936
417,4.026589,4.236231
418,4.734653,4.823139
419,5.373631,5.511136
420,3.322755,3.567840
421,4.115592,4.037066
422,4.689937,4.514979
423,5.060383,5.054736
424,6.785066,5.763022
425,6.180382,6.506918
426,4.073242,4.171757
427,4.501058,4.733560
428,5.152607,5.363151
429,3.284340,3.554088
430,3.858677,3.993456
431,4.502547,4.550269
432,4.990306,5.174696
433,6.586632,6.021903
434,6.144565,6.800553
435,3.941778,4.332999
436,4.774476,4.984800
437,5.341136,5.682765
438,3.333072,3.673840
439,4.069702,4.170390
440,4.686782,4.552858
441,5.086346,5.176825
442,6.696753,5.876540
443,6.124175,6.669968
444,3.901242,4.319474
445,4.457023,4.846886
446,5.109664,5.503519
447,3.236683,3.668397
448,3.822962,4.149061
449,4.498760,4.738429
450,5.120808,5.140976
451,6.539712,5.941356
452,6.122979,6.675069
453,3.988405,4.317638
454,4.747664,4.891061
455,5.374846,5.503885
456,3.379869,3.575104
457,4.151527,4.048524
458,4.673631,4.432356
459,4.976040,5.074301
460,6.638672,5.818893
461,6.191368,6.545856
462,3.931432,4.173472
463,4.582321,4.818663
464,5.125886,5.418691
465,3.291651,3.591068
466,3.822154,4.084269
467,4.482049,4.625741
468,4.937297,5.178122
469,6.338786,5.962055
470,6.100081,6.798441
471,3.857908,4.271934
472,4.729355,4.946115
473,5.342009,5.614125
474,3.368593,3.579770
475,4.059641,4.107911
476,4.637585,4.540690
477,5.002679,5.133494
478,6.483611,5.901027
479,6.122195,6.726866
480,3.899666,4.215543
481,4.450478,4.834754
482,5.131844,5.363556
483,3.233483,3.547746
484,3.825390,3.975728
485,4.472023,4.557214
486,5.166207,5.091199
487,6.348577,5.867129
488,6.135312,6.636289
489,4.076245,4.175560
490,4.789092,4.803862
491,5.376947,5.512496
492,3.360062,3.474339
493,4.110571,3.935600
494,4.714430,4.419673
495,5.242849,5.092569
496,6.676384,5.775501
497,6.189850,6.541980
498,3.960701,4.103645
499,4.486619,4.694368
500,5.161844,5.238767
501,3.305314,3.468110
502,3.919726,3.986625
503,4.485831,4.450006
504,4.968709,5.143193
505,6.351443,5.990707
506,6.103075,6.827806
507,3.987994,4.281193
508,4.662944,4.966979
509,5.338845,5.637108
510,3.322035,3.575560
511,4.060565,4.071284
512,4.692456,4.528230
513,5.017146,5.174097
514,6.516511,5.876202
515,6.136825,6.718566
516,3.909821,4.258270
517,4.479986,4.852974
518,5.132441,5.481104
519,3.227207,3.579287
520,3.828875,4.124207
521,4.470741,4.711297
522,4.966227,5.115761
523,6.398470,5.845032
524,6.165349,6.654883
525,4.005842,4.185256
526,4.722297,4.819267
527,5.334352,5.474802
528,3.323565,3.482281
529,4.159698,4.011786
530,4.678833,4.529682
531,5.064580,5.060779
532,6.645814,5.798666
533,6.177484,6.508878
534,3.981110,4.130907
535,4.485009,4.726944
536,5.131784,5.358165
537,3.292796,3.474021
538,3.869957,3.939699
539,4.477159,4.592713
540,5.000688,5.048937
541,6.324430,5.939024
542,6.138670,6.628546
543,3.931192,4.258506
544,4.715661,4.871503
545,5.342555,5.551917
546,3.347713,3.604259
547,4.053099,4.095516
548,4.686594,4.443003
549,4.887217,5.009984
550,6.460866,5.758805
551,6.180042,6.529009
552,3.965676,4.240294
553,4.483802,4.788009
554,5.132639,5.392571
555,3.213815,3.583112
556,3.858948,4.070686
557,4.490260,4.621255
558,5.155391,5.075388
559,6.424317,5.809727
560,6.126875,6.689139
561,4.052495,4.218683
562,4.680011,4.848269
563,5.375731,5.519378
564,3.336129,3.580121
565,4.103204,4.179125
566,4.654392,4.553647
567,4.967873,5.035347
568,6.596792,5.726551
569,6.132912,6.443577
570,4.047053,4.166725
571,4.489741,4.704185
572,5.156619,5.344855
573,3.284561,3.562834
574,3.873153,4.024030
575,4.502978,4.580327
576,5.039510,5.176785
577,6.423416,5.835841
578,6.128163,6.665269
579,4.007205,4.296309
580,4.659311,4.903843
581,5.334379,5.512260
582,3.334958,3.618884
583,4.092137,4.017707
584,4.695962,4.477242
585,4.921502,5.122518
586,6.638070,5.777006
587,6.083784,6.607893
588,3.952174,4.265901
589,4.499671,4.807526
590,5.134032,5.413500
591,3.223406,3.602171
592,3.800874,4.080579
593,4.486493,4.533658
594,5.155739,5.074610
595,6.374959,5.826818
596,6.135059,6.588733
597,4.036013,4.236510
598,4.736685,4.828525
599,5.371865,5.485578
600,3.353175,3.560452
601,4.102261,4.048273
602,4.717299,4.389185
603,5.037176,5.075004
604,6.533182,5.734199
605,6.184923,6.494586
606,3.972460,4.195028
607,4.488633,4.740270
608,5.164360,5.332945
609,3.254280,3.499587
610,3.824910,3.885246
611,4.503840,4.517129
612,4.983085,5.191468
613,6.610026,6.024094
614,6.175470,6.865493
615,3.846741,4.282701
616,4.717340,5.006927
617,5.336992,5.674510
618,3.354675,3.686727
619,4.132604,4.100433
620,4.721041,4.646714
621,4.934764,5.164782
622,6.551849,5.905263
623,6.179542,6.730609
624,4.054888,4.324277
625,4.449686,4.882834
626,5.136322,5.473614
627,3.222405,3.668288
628,3.902934,4.127793
629,4.506514,4.707340
630,4.913580,5.156377
631,6.374603,5.910498
632,6.172815,6.593869
633,4.011157,4.284371
634,4.838514,4.913964
635,5.373521,5.535242
636,3.394748,3.626791
637,4.190384,4.093355
638,4.689429,4.554014
639,5.168830,5.123030
640,6.600785,5.807221
641,6.241180,6.570910
642,3.971876,4.187886
643,4.497212,4.802834
644,5.156819,5.394876
645,3.301975,3.612324
646,3.912598,4.082985
647,4.520627,4.472487
648,4.864481,5.169804
649,6.363267,6.007675
650,6.198206,6.841802
651,3.895394,4.256564
652,4.702490,4.922974
653,5.237245,5.606709
654,3.325577,3.568109
655,4.071527,4.133465
656,4.721612,4.630401
657,4.904802,5.174035
658,6.466478,5.880497
659,6.191445,6.677537
660,4.001247,4.209746
661,4.560724,4.835785
662,5.126382,5.460660
663,3.218478,3.552440
664,3.905701,4.012014
665,4.491803,4.683856
666,5.002023,5.114061
667,6.428645,5.871602
668,6.161654,6.651718
669,4.023565,4.166003
670,4.855429,4.795704
671,5.377721,5.435120
672,3.380326,3.492601
673,4.095675,4.010385
674,4.711565,4.409033
675,5.221420,5.008668
676,6.594323,5.788934
677,6.133913,6.531809
678,4.021675,4.124923
679,4.503194,4.694743
680,5.159833,5.332507
681,3.239123,3.463486
682,3.891444,4.001999
683,4.502720,4.465646
684,5.111847,5.172169
685,6.355878,6.049772
686,6.204044,6.818968
687,3.989699,4.310577
688,4.750502,4.952209
689,5.340372,5.620042
690,3.294377,3.571293
691,4.074409,4.137999
692,4.689807,4.502953
693,4.966065,5.142038
694,6.499443,5.911247
695,6.175043,6.727889
696,3.933607,4.240350
697,4.421062,4.814462
698,5.178698,5.490250
699,3.225015,3.553153
700,3.852308,4.106437
701,4.492918,4.696321
702,4.909918,5.120894
703,6.377795,5.879845
704,6.123230,6.662472
705,3.969543,4.196278
706,4.736910,4.810932
707,5.338628,5.472334
708,3.380618,3.481584
709,4.100378,3.920846
710,4.711565,4.405335
711,5.009924,5.077921
712,6.568787,5.770014
713,6.135665,6.571028
714,4.033523,4.126774
715,4.485612,4.717025
716,5.163252,5.353239
717,3.332625,3.485056
718,3.928401,4.013759
719,4.511526,4.469415
720,4.721235,4.247217
721,6.547982,5.163622
722,6.020509,5.654654
723,3.839087,3.786434
724,4.719319,4.514020
725,5.301327,4.869805
726,3.359301,3.318927
727,4.120432,3.982417
728,4.686987,4.462900
729,4.752872,4.272197
730,6.430297,5.130542
731,6.051799,5.599051
732,3.881664,3.755914
733,4.408537,4.499078
734,5.120230,4.852085
735,3.188900,3.343617
736,3.822762,3.900404
737,4.457510,4.303496
738,4.922289,4.198398
739,6.377659,5.109153
740,6.013895,5.519115
741,3.848795,3.712395
742,4.693954,4.416630
743,5.299726,4.818883
744,3.309541,3.211209
745,4.095796,3.852515
746,4.702628,4.387267
747,4.929545,4.213308
748,6.515511,5.050225
749,5.886560,5.517356
750,4.041106,3.686190
751,4.494180,4.420507
752,5.067251,4.802669
753,3.146016,3.304266
754,3.797531,3.927437
755,4.451859,4.238860
756,4.687784,4.331641
757,6.490417,5.285108
758,6.115806,5.754580
759,3.912382,3.819124
760,4.727685,4.531610
761,5.299512,4.990616
762,3.327388,3.342866
763,4.139703,3.904539
764,4.698284,4.451175
765,4.916783,4.325823
766,6.581151,5.177080
767,6.042458,5.817054
768,3.852607,3.796244
769,4.413368,4.520343
770,5.116693,5.011118
771,3.198013,3.382605
772,3.804793,3.940540
773,4.454303,4.531716
774,4.913329,4.275051
775,5.712676,5.250462
776,5.953740,5.631450
777,4.029301,3.772132
778,4.683313,4.455902
779,5.298766,4.890758
780,3.328540,3.315217
781,4.106685,3.942506
782,4.694794,4.385326
783,4.767119,4.321088
784,6.422155,5.398409
785,6.024456,5.707596
786,3.851854,3.726885
787,4.403716,4.404509
788,5.096158,4.950288
789,3.269513,3.319650
790,3.823002,3.918534
791,4.448829,4.583432
792,4.748924,4.324415
793,6.280973,5.270667
794,6.116778,5.756714
795,3.979545,3.835059
796,4.614887,4.570786
797,5.304854,5.013883
798,3.343299,3.384506
799,4.053905,3.993695
800,4.691499,4.471270
801,4.762449,4.355043
802,6.417565,5.182735
803,6.093520,5.805573
804,3.916580,3.819218
805,4.537273,4.486783
806,5.125445,5.032661
807,3.187182,3.395102
808,3.845505,3.923299
809,4.460721,4.529543
810,4.685626,4.318448
811,6.203974,5.208427
812,5.999412,5.668491
813,3.827502,3.789328
814,4.728580,4.491623
815,5.301754,4.896034
816,3.318378,3.318223
817,4.068137,3.836660
818,4.691404,4.380244
819,5.033739,4.299975
820,6.578917,5.176198
821,5.932809,5.659669
822,3.987945,3.763032
823,4.399001,4.442653
824,5.097230,4.937982
825,3.245470,3.337961
826,3.820846,3.831343
827,4.448408,4.440068
828,4.708663,4.366427
829,6.374488,5.495465
830,6.065624,5.896529
831,3.943527,3.823874
832,4.748112,4.563387
833,5.304319,5.044378
834,3.353497,3.330767
835,4.073914,3.867400
836,4.694794,4.455475
837,4.822461,4.319128
838,6.432413,5.213556
839,6.050840,6.078390
840,3.900654,3.785506
841,4.505713,4.506472
842,5.106112,5.264894
843,3.287225,3.338965
844,3.904772,3.866441
845,4.482697,4.609569
846,4.727037,4.281658
847,6.413820,5.204290
848,6.050720,5.752254
849,3.906750,3.740372
850,4.628558,4.427781
851,5.302289,4.888880
852,3.302238,3.262047
853,4.117633,3.872437
854,4.688866,4.407007
855,4.773678,4.241006
856,6.407267,5.117199
857,6.065293,5.922355
858,3.859074,3.723396
859,4.420997,4.395610
860,5.093141,5.139282
861,3.238930,3.267871
862,3.892723,3.785775
863,4.471941,4.493266
864,4.845870,4.352284
865,6.505486,5.276033
866,6.084964,6.013588
867,3.920946,3.828991
868,4.631559,4.536110
869,5.235749,5.059665
870,3.296805,3.339136
871,4.091226,3.845726
872,4.699038,4.515585
873,4.774569,4.328582
874,6.447509,5.215351
875,6.043893,6.109567
876,3.850418,3.778884
877,4.413368,4.543383
878,5.107676,5.267584
879,3.187346,3.337138
880,3.821644,3.854098
881,4.465123,4.649758
882,4.965502,4.330863
883,6.203807,5.182344
884,6.011671,5.767226
885,3.835862,3.755040
886,4.742033,4.428160
887,5.298339,4.940052
888,3.326238,3.269611
889,4.143154,3.777995
890,4.714274,4.345024
891,4.785708,4.280542
892,6.383128,5.122108
893,6.082920,5.903290
894,3.884506,3.736752
895,4.402079,4.403382
896,5.099179,5.143641
897,3.193409,3.275705
898,3.816860,3.827515
899,4.447063,4.481767
900,4.902124,4.974752
901,6.333898,5.870400
902,6.156640,6.641018
903,3.902657,4.205672
904,4.727685,4.873979
905,5.337864,5.436816
906,3.354675,3.552520
907,4.120712,3.941334
908,4.706508,4.553549
909,4.899914,5.003394
910,6.461952,5.725405
911,6.173045,6.589396
912,3.979384,4.163523
913,4.464584,4.767112
914,5.188169,5.388080
915,3.264489,3.565971
916,3.889741,4.003919
917,4.467326,4.496479
918,5.033225,4.965630
919,6.554499,5.867562
920,6.128259,6.566895
921,3.981354,4.185215
922,4.765429,4.797910
923,5.372858,5.381458
924,3.358131,3.525040
925,4.122753,3.933861
926,4.705083,4.542934
927,4.995640,4.940232
928,6.565643,5.742138
929,6.180004,6.528111
930,4.037678,4.126865
931,4.592317,4.738341
932,5.123692,5.364770
933,3.313778,3.530806
934,3.888019,4.034120
935,4.515769,4.454681
936,4.893482,5.042298
937,6.375193,5.905798
938,6.123672,6.687143
939,3.953806,4.283069
940,4.697931,4.893960
941,5.342991,5.475419
942,3.319711,3.569727
943,4.073486,4.058796
944,4.686971,4.638507
945,4.911271,5.045111
946,6.535521,5.791681
947,6.168805,6.618860
948,3.885650,4.213942
949,4.460204,4.803927
950,5.141007,5.374514
951,3.248355,3.583955
952,3.914883,4.060518
953,4.489489,4.666545
954,5.000385,4.985289
955,6.437319,5.886528
956,6.136573,6.601345
957,4.003367,4.214461
958,4.715077,4.823256
959,5.371644,5.432415
960,3.370926,3.536735
961,4.142910,4.037082
962,4.708036,4.583174
963,5.180055,4.993869
964,6.586820,5.740242
965,6.132287,6.563421
966,3.965214,4.167937
967,4.483903,4.748246
968,5.157522,5.381333
969,3.277759,3.543998
970,3.800362,3.902996
971,4.511439,4.607474
972,5.050760,5.108074
973,6.312924,6.086703
974,6.139923,6.838421
975,3.932209,4.335747
976,4.712081,4.988420
977,5.342773,5.559427
978,3.343029,3.650352
979,4.115664,4.049260
980,4.711342,4.715268
981,5.061395,5.077797
982,6.443368,5.906533
983,6.117622,6.742500
984,4.051291,4.259390
985,4.465382,4.880489
986,5.181817,5.525311
987,3.293221,3.642462
988,3.824257,4.131394
989,4.502634,4.615844
990,5.083471,5.055475
991,6.542933,5.959520
992,6.177505,6.696918
993,3.913671,4.248479
994,4.800085,4.871125
995,5.369548,5.471281
996,3.389642,3.584886
997,4.118311,4.083207
998,4.704893,4.628094
999,5.265098,5.070366
1000,6.636067,5.849464
1001,6.192000,6.631505
1002,4.050213,4.189795
1003,4.517338,4.813201
1004,5.185243,5.437664
1005,3.362384,3.592453
1006,3.888999,4.058182
1007,4.482736,4.516864
1008,4.875492,5.084594
1009,6.372200,6.040631
1010,6.182525,6.856154
1011,4.004159,4.271344
1012,4.729810,4.933320
1013,5.377153,5.553317
1014,3.347527,3.559147
1015,4.130766,3.991111
1016,4.713905,4.698027
1017,4.998088,5.021482
1018,6.498528,5.908842
1019,6.182294,6.752365
1020,3.933245,4.211568
1021,4.487236,4.822349
1022,5.168860,5.436604
1023,3.300591,3.567888
1024,3.895383,4.078476
1025,4.548142,4.657398
1026,5.004591,5.012189
1027,6.491216,5.919895
1028,6.226352,6.664267
1029,4.026167,4.173011
1030,4.876651,4.764968
1031,5.372747,5.392740
1032,3.397336,3.459936
1033,4.234515,3.873032
1034,4.736814,4.576469
1035,5.009080,4.957389
1036,6.518168,5.788743
1037,6.200362,6.589727
1038,4.086338,4.127920
1039,4.524647,4.704277
1040,5.230213,5.324287
1041,3.296805,3.462684
1042,3.888717,3.986671
1043,4.561736,4.597220
1044,4.873948,5.101717
1045,6.384049,6.036449
1046,6.137292,6.883111
1047,3.946708,4.239285
1048,4.722216,4.921805
1049,5.405253,5.551920
1050,3.392038,3.578529
1051,4.153186,4.122042
1052,4.720850,4.702718
1053,5.031434,5.073817
1054,6.638259,6.062562
1055,6.092782,6.790225
1056,4.044353,4.213742
1057,4.514235,4.857905
1058,5.203248,5.512465
1059,3.257811,3.546639
1060,3.958726,3.977315
1061,4.548142,4.684228
1062,5.067230,5.028085
1063,6.529418,5.896154
1064,6.174589,6.709686
1065,4.022856,4.178151
1066,4.774181,4.819453
1067,5.408094,5.377473
1068,3.395724,3.467989
1069,4.183960,3.946111
1070,4.773378,4.602767
1071,5.229022,5.003882
1072,6.604729,5.970214
1073,6.136667,6.617410
1074,4.059900,4.116979
1075,4.528820,4.737196
1076,5.195851,5.370441
1077,3.372909,3.485015
1078,3.873681,3.915559
1079,4.537438,4.563627
1080,4.923234,4.976091
1081,6.400833,5.876112
1082,6.137918,6.699351
1083,3.931192,4.218781
1084,4.716203,4.869289
1085,5.376934,5.410768
1086,3.356876,3.521072
1087,4.149129,3.966749
1088,4.751784,4.621911
1089,4.934605,4.992078
1090,6.732814,5.759605
1091,6.132851,6.630680
1092,4.046385,4.168597
1093,4.481842,4.773668
1094,5.211834,5.374241
1095,3.208666,3.563676
1096,3.854612,3.944836
1097,4.552926,4.650608
1098,5.144496,4.980835
1099,6.422745,5.872110
1100,6.174842,6.608018
1101,4.054049,4.188448
1102,4.760205,4.834039
1103,5.406539,5.408267
1104,3.420066,3.521672
1105,4.154514,4.051973
1106,4.731354,4.572015
1107,5.048669,4.957236
1108,6.628043,5.924883
1109,6.171948,6.548456
1110,4.017312,4.146443
1111,4.526376,4.709084
1112,5.236130,5.382102
1113,3.340638,3.536065
1114,3.873252,3.939643
1115,4.570844,4.590620
1116,4.912230,5.087423
1117,6.455465,5.916257
1118,6.151980,6.705976
1119,4.010255,4.264733
1120,4.726680,4.916171
1121,5.304286,5.518001
1122,3.373910,3.578310
1123,4.143022,4.001205
1124,4.743737,4.631342
1125,4.910323,5.066738
1126,6.548720,5.799422
1127,6.147283,6.616541
1128,4.011956,4.204535
1129,4.573019,4.839259
1130,5.167057,5.440120
1131,3.299807,3.603997
1132,3.893241,4.088316
1133,4.544149,4.527100
1134,5.050926,5.037395
1135,6.701771,5.886935
1136,6.177125,6.595072
1137,4.058733,4.209987
1138,4.757600,4.831584
1139,5.406539,5.382038
1140,3.395724,3.534211
1141,4.194094,4.012999
1142,4.732407,4.558945
1143,5.143061,5.019113
1144,6.721139,5.766467
1145,6.186691,6.535477
1146,4.037202,4.168721
1147,4.526275,4.774281
1148,5.194738,5.402482
1149,3.334756,3.547102
1150,3.893137,4.046178
1151,4.554058,4.539313
1152,4.948413,5.092324
1153,6.420533,6.040385
1154,6.137292,6.815352
1155,3.967397,4.321959
1156,4.730257,4.976455
1157,5.374299,5.589325
1158,3.339656,3.630908
1159,4.157935,4.169509
1160,4.750825,4.704180
1161,4.967105,5.134574
1162,6.708150,5.902100
1163,6.129502,6.745903
1164,3.926988,4.317726
1165,4.537870,4.869989
1166,5.169461,5.481566
1167,3.261575,3.669578
1168,3.959748,4.126439
1169,4.575289,4.666603
1170,4.986263,5.120914
1171,6.475915,5.955523
1172,6.173702,6.695394
1173,3.990217,4.270507
1174,4.732736,4.882096
1175,5.405984,5.446256
1176,3.394157,3.594986
1177,4.193321,3.979780
1178,4.798313,4.594942
1179,5.034020,5.064264
1180,6.621438,5.841684
1181,6.181643,6.593907
1182,3.995517,4.219214
1183,4.525461,4.822425
1184,5.195648,5.351426
1185,3.391210,3.586686
1186,3.963724,4.092047
1187,4.528757,4.669588
1188,4.901433,5.083741
1189,6.388609,6.018775
1190,6.180382,6.873038
1191,3.986561,4.298620
1192,4.848116,4.950572
1193,5.374299,5.537714
1194,3.369272,3.562399
1195,4.187119,4.033229
1196,4.776043,4.703546
1197,5.120013,5.036141
1198,6.559618,5.886039
1199,6.128263,6.656705
1200,4.047102,4.218089
1201,4.539204,4.840392
1202,5.175079,5.488687
1203,3.303121,3.561940
1204,3.960856,4.110544
1205,4.549967,4.648164
1206,5.060229,4.994168
1207,6.480461,5.898281
1208,6.239043,6.669970
1209,4.082928,4.178873
1210,4.769741,4.799950
1211,5.408873,5.400937
1212,3.400033,3.454743
1213,4.208852,3.936502
1214,4.732024,4.582977
1215,4.989631,4.975140
1216,6.582686,5.789139
1217,6.176728,6.585758
1218,4.034841,4.108274
1219,4.521193,4.733969
1220,5.185444,5.386360
1221,3.296805,3.469404
1222,3.892156,3.885003
1223,4.529190,4.612788
1224,5.068398,5.084702
1225,6.363941,6.045675
1226,6.131912,6.906191
1227,3.934805,4.278237
1228,4.793521,4.944389
1229,5.382432,5.574876
1230,3.332715,3.535261
1231,4.143532,4.005992
1232,4.710678,4.713558
1233,5.010296,5.092889
1234,6.743161,5.906569
1235,6.133844,6.789774
1236,3.914492,4.234983
1237,4.582911,4.865317
1238,5.190289,5.497120
1239,3.343229,3.579844
1240,3.850122,4.102626
1241,4.553883,4.568336
1242,5.039014,4.992776
1243,6.574247,5.864556
1244,6.170156,6.691854
1245,4.037321,4.185419
1246,4.879934,4.813778
1247,5.407761,5.401260
1248,3.392222,3.468499
1249,4.145020,4.034145
1250,4.742577,4.589327
1251,5.178766,5.008577
1252,6.628610,5.810601
1253,6.175596,6.624129
1254,4.129203,4.123403
1255,4.582314,4.749122
1256,5.154812,5.407569
1257,3.304693,3.464109
1258,3.969680,4.036520
1259,4.530924,4.639687
1260,4.941313,4.975123
1261,6.398704,5.877582
1262,6.134038,6.696568
1263,3.943479,4.224488
1264,4.765763,4.894639
1265,5.343537,5.468734
1266,3.319091,3.543586
1267,4.133735,4.051650
1268,4.694919,4.641660
1269,4.925690,4.990224
1270,6.522273,5.700930
1271,6.125660,6.608694
1272,3.941436,4.190499
1273,4.479848,4.776734
1274,5.169261,5.383711
1275,3.277495,3.568899
1276,3.862068,4.055303
1277,4.521489,4.622307
1278,5.039504,4.946078
1279,6.407242,5.855465
1280,6.182458,6.595706
1281,4.079766,4.195410
1282,4.726205,4.848362
1283,5.371534,5.433386
1284,3.393902,3.538478
1285,4.146542,4.043468
1286,4.704988,4.584322
1287,5.050005,4.993342
1288,6.658406,5.725627
1289,6.198586,6.545302
1290,4.022974,4.164966
1291,4.523021,4.772316
1292,5.159129,5.402327
1293,3.350784,3.541448
1294,3.909528,4.039500
1295,4.530750,4.638047
1296,4.849802,5.030347
1297,6.583062,5.931272
1298,6.142056,6.746255
1299,3.973612,4.256171
1300,4.756130,4.877353
1301,5.372324,5.511957
1302,3.348977,3.597114
1303,4.099977,4.095609
1304,4.689994,4.663362
1305,4.916490,5.077781
1306,6.546831,5.782475
1307,6.184173,6.648778
1308,3.974996,4.224119
1309,4.485137,4.834540
1310,5.165856,5.492381
1311,3.230279,3.598530
1312,3.919762,4.049286
1313,4.532919,4.520036
1314,5.046667,5.008873
1315,6.422388,5.890759
1316,6.174209,6.604259
1317,4.058944,4.235310
1318,4.744490,4.844055
1319,5.371423,5.416089
1320,3.379039,3.561215
1321,4.133833,3.955955
1322,4.702514,4.553905
1323,5.019385,5.004225
1324,6.618177,5.788365
1325,6.232390,6.549248
1326,3.986592,4.194003
1327,4.521716,4.735704
1328,5.163655,5.440876
1329,3.309276,3.535606
1330,3.855422,4.065976
1331,4.527890,4.476798
1332,4.884160,5.096859
1333,6.298340,6.100998
1334,6.202774,6.826897
1335,3.898519,4.357615
1336,4.794093,5.004091
1337,5.235426,5.604658
1338,3.347713,3.572883
1339,4.122329,4.084547
1340,4.738483,4.730127
1341,4.945796,5.096593
1342,6.440311,5.898767
1343,6.183421,6.753302
1344,3.951832,4.284073
1345,4.506116,4.903930
1346,5.136223,5.544722
1347,3.230111,3.625801
1348,3.935434,4.111486
1349,4.516743,4.679536
1350,4.954302,5.042605
1351,6.432979,5.967592
1352,6.228399,6.688198
1353,4.010138,4.278883
1354,4.736910,4.911181
1355,5.378163,5.481500
1356,3.388533,3.611578
1357,4.159522,3.975858
1358,4.744405,4.638865
1359,5.011582,5.041391
1360,6.707376,5.848464
1361,6.178113,6.633533
1362,4.048896,4.235696
1363,4.499235,4.846664
1364,5.198586,5.456620
1365,3.280091,3.608517
1366,3.967700,3.957148
1367,4.543797,4.515118
1368,5.049103,5.075093
1369,6.566951,6.023669
1370,6.182021,6.861564
1371,3.979499,4.295048
1372,4.746760,4.955112
1373,5.339827,5.493733
1374,3.339524,3.530432
1375,4.142966,3.969129
1376,4.720469,4.622925
1377,5.094153,5.045276
1378,6.533855,5.879536
1379,6.174293,6.767336
1380,4.023565,4.227003
1381,4.467324,4.853166
1382,5.169662,5.500651
1383,3.262600,3.564131
1384,3.883467,4.060964
1385,4.511578,4.733045
1386,5.036179,5.022481
1387,6.432257,5.896737
1388,6.184112,6.669138
1389,4.040656,4.167596
1390,4.808270,4.818289
1391,5.371423,5.398481
1392,3.358847,3.466606
1393,4.126470,3.940917
1394,4.715100,4.583076
1395,5.111378,4.964740
1396,6.524065,5.784885
1397,6.181643,6.589406
1398,4.099545,4.114920
1399,4.542717,4.720336
1400,5.189279,5.385703
1401,3.307753,3.481418
1402,3.955944,4.009201
1403,4.529710,4.480434
1404,4.843801,5.102141
1405,6.393351,6.022909
1406,6.185428,6.877215
1407,3.968202,4.299089
1408,4.714542,4.946528
1409,5.376055,5.566648
1410,3.314839,3.560402
1411,4.143404,3.986259
1412,4.714096,4.718271
1413,4.914749,5.104010
1414,6.504939,5.920344
1415,6.132479,6.787658
1416,3.999717,4.238968
1417,4.489037,4.849350
1418,5.175079,5.539460
1419,3.261575,3.575138
1420,3.931965,4.144113
1421,4.515107,4.595644
1422,5.099140,5.021042
1423,6.659430,5.885800
1424,6.176618,6.694915
1425,3.978424,4.187448
1426,4.766115,4.822763
1427,5.371202,5.392229
1428,3.397336,3.432460
1429,4.127318,3.861935
1430,4.705654,4.483062
1431,4.997696,4.994016
1432,6.640459,5.795408
1433,6.235827,6.614063
1434,4.001719,4.128855
1435,4.497515,4.752197
1436,5.185545,5.397015
1437,3.312629,3.470587
1438,3.911412,4.000435
1439,4.544058,4.574541
1440,4.893591,4.301208
1441,6.197476,5.150102
1442,6.046526,5.841980
1443,3.841456,3.756410
1444,4.685596,4.553805
1445,5.323887,5.167294
1446,3.401175,3.347095
1447,4.042746,4.064849
1448,4.694615,4.276238
1449,4.924653,4.386810
1450,6.409739,5.041017
1451,5.995121,5.648525
1452,3.903966,3.723744
1453,4.400172,4.416919
1454,5.089739,4.777232
1455,3.180338,3.306692
1456,3.861008,3.841798
1457,4.472954,4.362278
1458,4.702762,4.280260
1459,6.184190,5.118302
1460,6.035888,5.776004
1461,3.951612,3.729742
1462,4.774652,4.622193
1463,5.291095,5.101747
1464,3.352375,3.303807
1465,4.118285,4.096854
1466,4.709462,4.396957
1467,4.876574,4.250289
1468,6.443660,5.020020
1469,5.990651,5.523164
1470,3.932572,3.699454
1471,4.492815,4.401985
1472,5.115613,4.838406
1473,3.236832,3.282195
1474,3.848145,3.776749
1475,4.495586,4.347137
1476,4.693293,4.358191
1477,6.149746,5.374082
1478,6.029333,5.976105
1479,3.860803,3.848132
1480,4.673334,4.627239
1481,5.289712,5.229891
1482,3.332178,3.370441
1483,4.079568,4.065328
1484,4.724497,4.402938
1485,4.777412,4.380879
1486,6.471993,5.126572
1487,6.050742,5.789049
1488,3.923288,3.799147
1489,4.503423,4.421178
1490,5.093238,5.088668
1491,3.273108,3.342711
1492,3.850399,3.852714
1493,4.497454,4.588474
1494,4.737914,4.355595
1495,6.234647,5.198954
1496,5.979288,5.829844
1497,3.824937,3.762058
1498,4.625668,4.608826
1499,5.289500,5.171735
1500,3.360125,3.347332
1501,4.112841,4.050188
1502,4.693099,4.270221
1503,4.768649,4.289819
1504,6.440805,5.082682
1505,6.008451,5.690808
1506,3.940549,3.714567
1507,4.539283,4.387276
1508,5.086050,4.993586
1509,3.262430,3.286233
1510,3.874994,3.917305
1511,4.474815,4.530242
1512,4.958067,4.386489
1513,6.488787,5.233455
1514,5.988150,5.994492
1515,3.911383,3.847424
1516,4.703380,4.709083
1517,5.291095,5.249260
1518,3.434255,3.432217
1519,4.115210,4.115479
1520,4.704377,4.480204
1521,4.740730,4.370917
1522,6.393527,5.139976
1523,6.065293,5.822282
1524,3.843287,3.795567
1525,4.459923,4.500356
1526,5.088282,5.091309
1527,3.292593,3.369832
1528,3.814154,3.876809
1529,4.472025,4.554413
1530,4.712269,4.422986
1531,6.261035,5.152144
1532,6.081116,5.837958
1533,3.953765,3.767998
1534,4.630594,4.557559
1535,5.283553,5.131069
1536,3.409394,3.341331
1537,4.124825,4.040926
1538,4.725256,4.259046
1539,4.843448,4.284133
1540,6.477221,5.072967
1541,6.044442,5.719171
1542,3.855515,3.712006
1543,4.392283,4.403020
1544,5.101325,4.977543
1545,3.259537,3.307096
1546,3.830367,3.880977
1547,4.474392,4.450351
1548,4.781163,4.335280
1549,6.260820,5.274610
1550,6.037440,6.076501
1551,3.914936,3.792989
1552,4.618191,4.644319
1553,5.325921,5.331712
1554,3.344661,3.353460
1555,4.113396,4.130009
1556,4.728105,4.561230
1557,4.666887,4.290033
1558,6.382297,5.163616
1559,6.055624,5.926567
1560,3.897348,3.769586
1561,4.440418,4.445586
1562,5.091487,5.136780
1563,3.206279,3.327121
1564,3.809785,3.873740
1565,4.497624,4.668041
1566,4.789434,4.277309
1567,6.370409,5.182618
1568,5.994191,5.967196
1569,3.899992,3.750459
1570,4.705138,4.522934
1571,5.327528,5.216794
1572,3.316442,3.282252
1573,4.095926,4.024817
1574,4.716920,4.446109
1575,4.730488,4.275233
1576,6.408326,5.083072
1577,6.010226,5.798728
1578,3.872292,3.669134
1579,4.426693,4.367931
1580,5.085274,5.017947
1581,3.208172,3.242121
1582,3.827896,3.758422
1583,4.482018,4.537348
1584,4.726791,4.389845
1585,6.294372,5.270769
1586,5.999412,6.078485
1587,3.904746,3.822051
1588,4.647488,4.673027
1589,5.320038,5.368809
1590,3.327893,3.369272
1591,4.132259,4.105103
1592,4.716352,4.560195
1593,4.738416,4.358850
1594,6.425070,5.171547
1595,6.052646,5.930013
1596,3.851639,3.767145
1597,4.437547,4.520379
1598,5.121747,5.159682
1599,3.205293,3.315334
1600,3.818683,3.859012
1601,4.499069,4.526322
1602,4.784556,4.317256
1603,6.247306,5.137029
1604,6.024456,5.961133
1605,3.931563,3.701080
1606,4.630166,4.529169
1607,5.328385,5.232008
1608,3.310644,3.292871
1609,4.106965,4.061951
1610,4.711631,4.356816
1611,4.711547,4.271937
1612,6.427632,5.047567
1613,6.015317,5.784784
1614,3.993256,3.675244
1615,4.452334,4.377753
1616,5.121161,5.020300
1617,3.298240,3.272731
1618,3.882890,3.888587
1619,4.494737,4.544141
1620,4.911917,4.972942
1621,6.598120,5.807047
1622,6.113713,6.575114
1623,3.920391,4.185536
1624,4.713979,4.840489
1625,5.353308,5.526376
1626,3.382035,3.558142
1627,4.159742,3.972664
1628,4.734193,4.378343
1629,4.951280,4.961828
1630,6.669824,5.673587
1631,6.104067,6.391447
1632,3.999276,4.156877
1633,4.617127,4.744180
1634,5.151088,5.302086
1635,3.316969,3.507459
1636,3.920841,4.044858
1637,4.542502,4.611828
1638,4.978518,5.019325
1639,6.340510,5.740099
1640,6.120093,6.622886
1641,4.032718,4.200586
1642,4.711314,4.891824
1643,5.393368,5.543447
1644,3.367132,3.561601
1645,4.119322,4.224108
1646,4.716376,4.589885
1647,4.870930,4.957925
1648,6.629177,5.830061
1649,6.093266,6.445895
1650,4.099177,4.135345
1651,4.475467,4.719949
1652,5.157464,5.247900
1653,3.249800,3.535724
1654,3.865087,4.014970
1655,4.505051,4.478403
1656,4.876883,5.088731
1657,6.429545,5.760894
1658,6.086493,6.572418
1659,3.984833,4.275566
1660,4.702784,4.896303
1661,5.352545,5.509095
1662,3.369598,3.596914
1663,4.224150,4.028321
1664,4.698755,4.591349
1665,4.862622,5.053037
1666,6.522774,5.857235
1667,6.140274,6.412905
1668,4.029839,4.203171
1669,4.565687,4.748561
1670,5.121624,5.369184
1671,3.356155,3.563860
1672,3.939247,3.913731
1673,4.533852,4.490382
1674,4.976102,5.090253
1675,5.826035,5.797653
1676,6.021227,6.503097
1677,3.908088,4.202105
1678,4.809658,4.821301
1679,5.356577,5.468209
1680,3.457528,3.536201
1681,4.113415,4.030922
1682,4.748524,4.373713
1683,5.022564,5.024993
1684,6.639313,5.682559
1685,6.092531,6.410736
1686,3.976381,4.124148
1687,4.541897,4.696970
1688,5.151884,5.316924
1689,3.313541,3.538679
1690,3.834694,3.984443
1691,4.533938,4.517396
1692,4.988216,5.162845
1693,6.441570,5.886811
1694,6.084457,6.756390
1695,3.829930,4.285391
1696,4.652245,4.910526
1697,5.316966,5.537236
1698,3.361751,3.651129
1699,4.081766,4.107313
1700,4.696771,4.518954
1701,5.100831,5.095573
1702,6.454000,5.801969
1703,6.161116,6.570914
1704,3.966385,4.265194
1705,4.464522,4.789297
1706,5.106814,5.382761
1707,3.226839,3.629026
1708,3.864872,3.973470
1709,4.509085,4.536171
1710,4.904714,5.132459
1711,5.748966,5.772704
1712,6.008929,6.667723
1713,3.965560,4.276120
1714,4.704112,4.882843
1715,5.359740,5.557214
1716,3.381338,3.594053
1717,4.124398,4.082973
1718,4.722852,4.418776
1719,4.889320,5.086188
1720,6.668907,5.737007
1721,6.033864,6.474824
1722,4.119889,4.180861
1723,4.551946,4.735919
1724,5.154971,5.377846
1725,3.294849,3.561839
1726,3.932219,3.936639
1727,4.501281,4.564418
1728,4.821856,5.050663
1729,6.221201,5.887250
1730,6.089592,6.716095
1731,3.852150,4.242709
1732,4.647273,4.891110
1733,5.327946,5.615433
1734,3.290430,3.544308
1735,4.105175,4.034907
1736,4.668372,4.506811
1737,4.873799,5.063958
1738,6.477762,5.888451
1739,6.161980,6.546598
1740,3.935602,4.151345
1741,4.441113,4.770667
1742,5.141355,5.364234
1743,3.227472,3.522518
1744,3.837679,4.111784
1745,4.446098,4.669757
1746,4.889748,4.995789
1747,5.792400,5.781297
1748,5.962685,6.531871
1749,4.061933,4.151880
1750,4.708541,4.792934
1751,5.354070,5.475662
1752,3.370878,3.475138
1753,4.090974,4.013365
1754,4.715426,4.510406
1755,5.155184,4.925721
1756,6.611541,5.681482
1757,6.087146,6.432174
1758,4.088045,4.097112
1759,4.575025,4.651302
1760,5.148105,5.305619
1761,3.306004,3.446063
1762,3.905272,3.943611
1763,4.513384,4.434299
1764,4.924968,5.078473
1765,6.339814,5.905418
1766,6.128881,6.661380
1767,4.038148,4.190385
1768,4.827310,4.898372
1769,5.354723,5.568962
1770,3.358847,3.527874
1771,4.160694,4.017456
1772,4.716376,4.523586
1773,4.898978,5.020514
1774,6.558180,5.745683
1775,6.098171,6.612155
1776,4.070311,4.173686
1777,4.519368,4.789276
1778,5.192479,5.441327
1779,3.256104,3.538306
1780,3.861497,4.087592
1781,4.524774,4.608960
1782,5.017323,4.987290
1783,5.572391,5.739985
1784,6.011909,6.504866
1785,3.971423,4.158983
1786,4.740188,4.774819
1787,5.391722,5.439507
1788,3.393972,3.475166
1789,4.176126,3.909540
1790,4.775561,4.382550
1791,4.942849,4.962328
1792,6.673118,5.657556
1793,6.182161,6.396292
1794,4.118943,4.089113
1795,4.528405,4.675278
1796,5.148403,5.325468
1797,3.379441,3.445993
1798,3.991405,4.000874
1799,4.631101,4.566638
1800,4.954740,5.053675
1801,6.393527,5.734025
1802,6.122443,6.527198
1803,3.994065,4.198926
1804,4.886778,4.821701
1805,5.382191,5.513137
1806,3.378261,3.581226
1807,4.171649,4.059216
1808,4.651722,4.421698
1809,4.946980,5.005062
1810,6.567027,5.663080
1811,6.179181,6.504810
1812,4.056079,4.158930
1813,4.541203,4.728549
1814,5.218479,5.362957
1815,3.237073,3.551426
1816,3.884977,4.045137
1817,4.597055,4.461386
1818,5.122878,4.993164
1819,6.589169,5.925047
1820,6.149548,6.586397
1821,4.019204,4.192278
1822,4.843438,4.879081
1823,5.395455,5.543243
1824,3.362565,3.571933
1825,4.268398,4.180650
1826,4.778647,4.558955
1827,4.935237,4.957564
1828,6.670438,5.605947
1829,6.196977,6.446179
1830,4.043594,4.145857
1831,4.559826,4.715135
1832,5.219387,5.307219
1833,3.296369,3.536810
1834,3.964657,3.921247
1835,4.596179,4.480278
1836,4.976049,5.127485
1837,6.419647,5.804007
1838,6.171672,6.628920
1839,3.982992,4.244232
1840,4.779935,4.855059
1841,5.400956,5.509387
1842,3.364616,3.615164
1843,4.173733,3.967554
1844,4.754266,4.579475
1845,4.958780,5.087906
1846,6.769344,5.689184
1847,6.190494,6.485930
1848,3.980464,4.214229
1849,4.615856,4.736066
1850,5.186460,5.380816
1851,3.343420,3.564053
1852,3.904554,4.067159
1853,4.619364,4.509604
1854,4.935554,5.048712
1855,5.788913,5.761749
1856,6.012744,6.517943
1857,3.946073,4.209454
1858,4.743381,4.786951
1859,5.393917,5.483265
1860,3.405716,3.557786
1861,4.262538,4.016032
1862,4.776333,4.385674
1863,4.900027,5.034934
1864,6.627665,5.677436
1865,6.139656,6.416634
1866,4.099234,4.147370
1867,4.514281,4.742162
1868,5.185058,5.308792
1869,3.255591,3.482509
1870,3.856206,3.996064
1871,4.542762,4.435177
1872,4.974493,5.155529
1873,6.098464,5.910954
1874,6.058050,6.697289
1875,3.869142,4.304080
1876,4.745952,4.950956
1877,5.355207,5.622879
1878,3.397939,3.653339
1879,4.141896,4.146060
1880,4.705600,4.644732
1881,4.983410,5.117702
1882,6.556659,5.753218
1883,6.096331,6.590032
1884,3.914348,4.254600
1885,4.498162,4.808243
1886,5.183656,5.429703
1887,3.238930,3.623582
1888,3.921779,3.985686
1889,4.556142,4.559959
1890,4.860550,5.080563
1891,5.639687,5.814153
1892,6.006547,6.555171
1893,4.041343,4.241080
1894,4.746400,4.832921
1895,5.354397,5.515443
1896,3.379292,3.589959
1897,4.167848,4.084143
1898,4.750058,4.512709
1899,5.155875,5.073903
1900,6.617608,5.783894
1901,6.089470,6.467572
1902,4.077823,4.200998
1903,4.556489,4.681062
1904,5.154572,5.351066
1905,3.276282,3.563914
1906,3.910821,4.045204
1907,4.534543,4.466012
1908,4.812806,5.111767
1909,6.305170,5.880603
1910,6.056464,6.701027
1911,3.905403,4.214860
1912,4.848466,4.889171
1913,5.361711,5.535493
1914,3.304169,3.549987
1915,4.133798,4.098647
1916,4.697709,4.584855
1917,4.978679,5.094579
1918,6.554257,5.740002
1919,6.137928,6.606110
1920,3.906201,4.169631
1921,4.498658,4.782557
1922,5.186160,5.402417
1923,3.244646,3.528528
1924,3.879767,4.069696
1925,4.513557,4.676382
1926,4.852119,5.005635
1927,5.769664,5.745425
1928,5.954304,6.492776
1929,3.999624,4.142274
1930,4.721101,4.755244
1931,5.393807,5.466890
1932,3.394341,3.465718
1933,4.194993,3.950974
1934,4.746991,4.515086
1935,5.134024,4.997725
1936,6.634922,5.675216
1937,6.116264,6.452561
1938,3.952744,4.090878
1939,4.475367,4.693925
1940,5.113913,5.280308
1941,3.311083,3.469524
1942,3.857913,3.961716
1943,4.534370,4.492886
1944,4.913015,5.099155
1945,6.435462,5.872467
1946,6.122567,6.706963
1947,3.911994,4.225786
1948,4.745841,4.886003
1949,5.393148,5.572887
1950,3.387717,3.558455
1951,4.264344,4.008625
1952,4.776236,4.526238
1953,4.906536,5.090196
1954,6.621249,5.759223
1955,6.146206,6.629800
1956,3.954570,4.210403
1957,4.525593,4.744902
1958,5.168860,5.434671
1959,3.308979,3.541984
1960,3.886828,4.098604
1961,4.585810,4.696982
1962,4.881371,5.000433
1963,5.790358,5.748237
1964,6.012032,6.550384
1965,3.996379,4.146354
1966,4.812771,4.774709
1967,5.357231,5.424307
1968,3.362384,3.472354
1969,4.156672,3.969416
1970,4.721422,4.520263
1971,4.916015,5.006777
1972,6.648697,5.655586
1973,6.100749,6.494475
1974,3.947050,4.105134
1975,4.475864,4.688896
1976,5.154871,5.330357
1977,3.347527,3.454111
1978,3.927660,4.015149
1979,4.502995,4.453059
1980,4.852119,5.073963
1981,6.373432,5.796833
1982,6.103044,6.592523
1983,3.915013,4.201190
1984,4.737243,4.837044
1985,5.355159,5.524986
1986,3.342669,3.569833
1987,4.094731,4.067997
1988,4.730861,4.442845
1989,4.934764,4.971407
1990,6.551291,5.665614
1991,6.098416,6.508774
1992,3.984373,4.190096
1993,4.506217,4.758934
1994,5.149496,5.364567
1995,3.253175,3.543244
1996,3.857344,4.053957
1997,4.534370,4.505107
1998,4.869474,4.991043
1999,6.334593,5.752167
2000,6.112193,6.538454
2001,3.927923,4.189361
2002,4.778958,4.870974
2003,5.358867,5.516068
2004,3.393809,3.579593
2005,4.224204,4.201390
2006,4.712481,4.517063
2007,4.956065,4.975273
2008,6.553524,5.685893
2009,6.098661,6.439496
2010,4.001937,4.126564
2011,4.472484,4.733198
2012,5.149198,5.335628
2013,3.255591,3.527102
2014,3.942473,3.997212
2015,4.505823,4.559097
2016,4.994356,5.079048
2017,6.375721,5.815206
2018,6.095869,6.632351
2019,3.895952,4.252668
2020,4.724446,4.882218
2021,5.349934,5.544315
2022,3.346721,3.602887
2023,4.156985,4.006121
2024,4.744311,4.545194
2025,5.103007,5.105292
2026,6.578173,5.746854
2027,6.079575,6.565283
2028,3.996611,4.222984
2029,4.502303,4.763721
2030,5.152183,5.382443
2031,3.348872,3.573015
2032,3.862965,3.976054
2033,4.534629,4.528077
2034,4.863009,5.076458
2035,5.802888,5.793518
2036,5.976457,6.538588
2037,3.899078,4.198170
2038,4.785491,4.815989
2039,5.355596,5.492674
2040,3.354264,3.551044
2041,4.151195,4.023899
2042,4.756011,4.436781
2043,5.088889,5.039160
2044,6.665276,5.682553
2045,6.099644,6.470357
2046,4.055969,4.183113
2047,4.485837,4.710155
2048,5.154971,5.308311
2049,3.268145,3.527267
2050,3.862720,3.898899
2051,4.553883,4.448841
2052,4.886487,5.162917
2053,6.315178,5.935706
2054,6.082259,6.704020
2055,3.870654,4.331623
2056,4.648785,4.929718
2057,5.316751,5.608391
2058,3.303819,3.662505
2059,4.068340,4.122214
2060,4.672382,4.591076
2061,4.987480,5.115639
2062,6.444196,5.801458
2063,6.029387,6.650521
2064,3.899111,4.248257
2065,4.510989,4.848088
2066,5.154673,5.433805
2067,3.248272,3.614954
2068,3.900192,4.110117
2069,4.549533,4.693352
2070,4.870245,5.171539
2071,5.897402,5.828781
2072,6.003929,6.589703
2073,4.015576,4.265901
2074,4.761778,4.862899
2075,5.351021,5.527586
2076,3.365644,3.600835
2077,4.137215,3.975760
2078,4.738006,4.428865
2079,4.912061,5.068319
2080,6.559857,5.810166
2081,6.103575,6.525023
2082,4.002638,4.195405
2083,4.570936,4.723883
2084,5.152083,5.357263
2085,3.285583,3.599899
2086,3.912957,4.065550
2087,4.536271,4.605127
2088,4.806490,5.103251
2089,6.299835,5.869359
2090,6.095717,6.739895
2091,3.915603,4.255928
2092,4.740700,4.879995
2093,5.313208,5.577784
2094,3.316530,3.551792
2095,4.096355,4.112161
2096,4.699773,4.617411
2097,4.916626,5.090820
2098,6.544297,5.777102
2099,6.120948,6.624906
2100,3.968667,4.213404
2101,4.563674,4.794700
2102,5.146813,5.438494
2103,3.223893,3.519243
2104,3.866983,4.009127
2105,4.537568,4.572875
2106,4.869936,5.038754
2107,5.846699,5.807964
2108,6.010710,6.552866
2109,3.982992,4.136612
2110,4.841239,4.765515
2111,5.358322,5.466933
2112,3.374816,3.483365
2113,4.166708,4.020202
2114,4.737338,4.405142
2115,4.918513,4.966202
2116,6.631444,5.665699
2117,6.095717,6.463184
2118,3.948301,4.084103
2119,4.526095,4.601214
2120,5.201635,5.319057
2121,3.277313,3.470668
2122,3.892747,3.983752
2123,4.585072,4.543355
2124,4.995449,5.126317
2125,6.469653,5.855822
2126,6.056830,6.752829
2127,4.045700,4.241673
2128,4.882638,4.878365
2129,5.394027,5.567160
2130,3.365009,3.542321
2131,4.203089,4.106841
2132,4.770268,4.539948
2133,4.945549,5.092059
2134,6.640345,5.776171
2135,6.194731,6.619603
2136,3.991522,4.197495
2137,4.536861,4.789800
2138,5.193885,5.457756
2139,3.272765,3.546084
2140,3.908922,4.096403
2141,4.557529,4.586423
2142,4.872404,4.994638
2143,5.710311,5.756535
2144,6.017999,6.578328
2145,3.916132,4.170450
2146,4.794777,4.793599
2147,5.391722,5.447714
2148,3.376827,3.478708
2149,4.172124,3.942242
2150,4.779226,4.455893
2151,4.928755,4.992918
2152,6.605639,5.686034
2153,6.094491,6.435743
2154,4.061214,4.101519
2155,4.541809,4.694725
2156,5.151784,5.338750
2157,3.275510,3.477287
2158,3.912060,4.001431
2159,4.584636,4.442993
2160,4.789582,4.283610
2161,6.392648,5.159889
2162,6.082438,5.626694
2163,3.892179,3.760014
2164,4.705486,4.513761
2165,5.326564,4.880555
2166,3.355461,3.342431
2167,4.250061,3.889838
2168,4.737803,4.485433
2169,4.721090,4.232103
2170,6.535287,5.116506
2171,6.068882,5.602361
2172,3.889900,3.747706
2173,4.453598,4.492733
2174,5.196784,4.865434
2175,3.254043,3.352646
2176,3.927325,4.016088
2177,4.580091,4.325532
2178,4.769836,4.240394
2179,6.360303,5.154850
2180,6.081717,5.526462
2181,3.992552,3.701811
2182,4.717669,4.453698
2183,5.324636,4.822304
2184,3.368851,3.264159
2185,4.175351,3.925929
2186,4.760096,4.394186
2187,4.849811,4.222494
2188,6.439022,5.069717
2189,6.057889,5.487529
2190,3.922639,3.699257
2191,4.477749,4.435511
2192,5.205036,4.748246
2193,3.277551,3.287408
2194,3.917922,3.933193
2195,4.555943,4.283114
2196,4.736322,4.313694
2197,6.315173,5.239719
2198,6.137961,5.711133
2199,3.967438,3.837628
2200,4.732616,4.528260
2201,5.430276,4.995039
2202,3.386726,3.381076
2203,4.163991,4.007279
2204,4.828064,4.440905
2205,4.909508,4.305818
2206,6.434389,5.182991
2207,6.100766,5.741079
2208,3.998068,3.819924
2209,4.477847,4.474162
2210,5.207426,4.993200
2211,3.243454,3.348496
2212,3.904948,3.889089
2213,4.602801,4.536707
2214,4.757772,4.243465
2215,6.279754,5.204267
2216,6.123416,5.608397
2217,3.984991,3.770747
2218,4.792479,4.476471
2219,5.355505,4.850674
2220,3.395083,3.304506
2221,4.272572,3.832217
2222,4.809851,4.395859
2223,4.809491,4.248775
2224,6.526552,5.109097
2225,6.107736,5.653697
2226,4.020818,3.738862
2227,4.572299,4.408504
2228,5.194900,4.913318
2229,3.281714,3.324434
2230,3.976754,3.917575
2231,4.636289,4.457293
2232,4.773616,4.294368
2233,6.308204,5.241110
2234,6.127772,5.767764
2235,3.913047,3.871638
2236,4.790959,4.557013
2237,5.428858,4.975266
2238,3.353351,3.398827
2239,4.242273,3.919097
2240,4.849067,4.477972
2241,4.843460,4.338303
2242,6.516209,5.206763
2243,6.130680,5.752244
2244,3.917439,3.804979
2245,4.508828,4.522770
2246,5.194503,5.008386
2247,3.361171,3.378500
2248,3.904298,3.930937
2249,4.642604,4.646691
2250,4.902862,4.276382
2251,6.286546,5.233072
2252,6.126682,5.618778
2253,3.968677,3.772555
2254,4.839593,4.456925
2255,5.425262,4.886703
2256,3.421020,3.343676
2257,4.232792,3.842133
2258,4.859175,4.385100
2259,4.822978,4.295940
2260,6.551546,5.121202
2261,6.104970,5.627740
2262,3.936174,3.750736
2263,4.536184,4.427630
2264,5.205036,4.960441
2265,3.352330,3.321327
2266,3.934178,3.826837
2267,4.644537,4.418692
2268,4.849726,4.297477
2269,6.246502,5.248264
2270,6.132256,5.832637
2271,3.906271,3.820698
2272,4.889553,4.563059
2273,5.434535,5.003058
2274,3.395812,3.331645
2275,4.184598,3.879269
2276,4.838035,4.433654
2277,4.922345,4.285960
2278,6.492922,5.186243
2279,6.097887,5.978711
2280,4.019085,3.792033
2281,4.536382,4.533322
2282,5.234078,5.136729
2283,3.297626,3.359669
2284,3.910856,3.972178
2285,4.662882,4.602693
2286,4.980082,4.286465
2287,6.254670,5.138340
2288,6.175523,5.673556
2289,3.929390,3.740525
2290,4.790824,4.456878
2291,5.468645,4.896646
2292,3.399404,3.277607
2293,4.274854,3.809522
2294,4.890666,4.391678
2295,4.848419,4.195119
2296,6.525643,5.106084
2297,6.156908,5.881853
2298,3.935099,3.682295
2299,4.637170,4.372735
2300,5.226889,5.090208
2301,3.271123,3.256994
2302,3.917349,3.794543
2303,4.615431,4.466956
2304,4.836916,4.300566
2305,6.303453,5.281910
2306,6.126198,5.841565
2307,4.018277,3.862589
2308,4.726409,4.571533
2309,5.434862,4.985021
2310,3.402658,3.355826
2311,4.226442,3.893649
2312,4.791953,4.428190
2313,4.883265,4.292168
2314,6.501748,5.197183
2315,6.098846,6.019450
2316,3.883049,3.795017
2317,4.506176,4.539374
2318,5.206629,5.238839
2319,3.192733,3.359787
2320,3.863555,3.927503
2321,4.578448,4.585508
2322,4.735020,4.255489
2323,6.263855,5.204926
2324,6.081476,5.671482
2325,3.972668,3.733789
2326,4.732767,4.441041
2327,5.325171,4.931034
2328,3.354417,3.280063
2329,4.185449,3.810409
2330,4.768390,4.328966
2331,5.010301,4.201816
2332,6.459637,5.088536
2333,6.063142,5.873410
2334,3.900387,3.684780
2335,4.535670,4.419962
2336,5.201851,5.127917
2337,3.340695,3.218883
2338,3.858266,3.904032
2339,4.550266,4.466092
2340,5.062561,4.914595
2341,6.469472,5.809557
2342,6.146784,6.588096
2343,3.934255,4.200549
2344,4.732789,4.835916
2345,5.388541,5.438831
2346,3.391670,3.559785
2347,4.198870,4.056560
2348,4.735813,4.625882
2349,4.963580,4.934652
2350,6.658025,5.671534
2351,6.193858,6.538866
2352,4.065358,4.188638
2353,4.582911,4.764218
2354,5.186561,5.405570
2355,3.276705,3.510166
2356,3.961435,4.067914
2357,4.560307,4.647713
2358,5.001251,4.935312
2359,6.389135,5.826451
2360,6.122195,6.537335
2361,4.074050,4.164410
2362,4.860823,4.820343
2363,5.364001,5.392267
2364,3.368273,3.516361
2365,4.147718,4.033435
2366,4.776429,4.474861
2367,4.951120,4.925265
2368,6.741331,5.659308
2369,6.186014,6.454321
2370,3.946481,4.132086
2371,4.536055,4.722703
2372,5.185058,5.375075
2373,3.332790,3.529229
2374,3.949185,4.041042
2375,4.606723,4.457155
2376,4.871016,5.031891
2377,6.575755,5.854095
2378,6.146909,6.648500
2379,3.964789,4.220730
2380,4.749871,4.882604
2381,5.391831,5.433782
2382,3.357147,3.587906
2383,4.141802,4.098353
2384,4.757133,4.623984
2385,4.921659,5.023943
2386,6.644518,5.738655
2387,6.153266,6.558485
2388,4.046560,4.202837
2389,4.524891,4.761839
2390,5.202139,5.408614
2391,3.279807,3.593873
2392,3.947081,4.082696
2393,4.564739,4.591078
2394,4.869474,4.988605
2395,5.871643,5.835074
2396,5.993598,6.548664
2397,3.929275,4.206055
2398,4.787708,4.801992
2399,5.390405,5.384126
2400,3.489184,3.525163
2401,4.174450,4.041173
2402,4.775851,4.475694
2403,4.903775,4.977098
2404,6.644138,5.724631
2405,6.144722,6.463384
2406,4.098382,4.157396
2407,4.545001,4.740761
2408,5.183356,5.356792
2409,3.235241,3.563932
2410,3.907850,3.921323
2411,4.555709,4.454482
2412,4.825183,5.089508
2413,6.317598,5.934568
2414,6.090939,6.755234
2415,3.962169,4.307399
2416,4.658855,4.935050
2417,5.352718,5.520602
2418,3.327654,3.606208
2419,4.103062,4.006686
2420,4.741599,4.695415
2421,4.905808,5.020041
2422,6.442768,5.811467
2423,6.178064,6.658137
2424,3.958527,4.279466
2425,4.586207,4.844275
2426,5.189167,5.458385
2427,3.242998,3.614135
2428,3.889383,4.118177
2429,4.557356,4.578884
2430,4.933339,5.001471
2431,5.850666,5.884384
2432,6.033576,6.628875
2433,3.920166,4.239447
2434,4.883621,4.866040
2435,5.351240,5.431849
2436,3.385515,3.558873
2437,4.255102,4.090780
2438,4.774984,4.504148
2439,5.177739,4.982775
2440,6.672734,5.778282
2441,6.149053,6.538548
2442,4.016278,4.200790
2443,4.498008,4.744013
2444,5.150093,5.401632
2445,3.356516,3.521233
2446,3.902652,3.964586
2447,4.530832,4.475379
2448,4.890041,4.979043
2449,6.441210,5.924376
2450,6.090327,6.751924
2451,3.959656,4.241239
2452,4.650622,4.915429
2453,5.355098,5.483262
2454,3.338675,3.531625
2455,4.093605,4.121336
2456,4.694147,4.619164
2457,4.948095,5.016686
2458,6.488969,5.828638
2459,6.199599,6.665878
2460,3.897458,4.200467
2461,4.511188,4.813935
2462,5.159060,5.462252
2463,3.177140,3.552048
2464,3.866659,4.102890
2465,4.556749,4.666677
2466,4.879049,4.970185
2467,5.775403,5.794773
2468,6.004762,6.574284
2469,3.994875,4.156405
2470,4.748975,4.753280
2471,5.355378,5.378544
2472,3.398586,3.464479
2473,4.144099,3.900489
2474,4.748620,4.447135
2475,4.953830,4.928501
2476,6.719974,5.692207
2477,6.096699,6.492790
2478,4.110473,4.100457
2479,4.491131,4.711669
2480,5.150093,5.356752
2481,3.250975,3.473119
2482,3.882728,3.935251
2483,4.511664,4.473206
2484,4.887419,5.023283
2485,6.334836,5.909244
2486,6.113550,6.766033
2487,4.021430,4.242902
2488,4.744387,4.898447
2489,5.394137,5.540886
2490,3.403305,3.543227
2491,4.201737,4.124233
2492,4.737243,4.688676
2493,4.971921,4.991527
2494,6.642810,5.815102
2495,6.150539,6.702020
2496,3.966134,4.172387
2497,4.508211,4.815022
2498,5.156367,5.484762
2499,3.275255,3.539749
2500,3.897733,4.102735
2501,4.536357,4.726709
2502,4.890059,4.997669
2503,5.779135,5.820169
2504,5.983684,6.498237
2505,4.052028,4.154447
2506,4.800722,4.765527
2507,5.389527,5.370723
2508,3.354984,3.474970
2509,4.182810,3.906593
2510,4.717613,4.527629
2511,5.137281,5.002039
2512,6.606765,5.687785
2513,6.141509,6.502079
2514,3.953201,4.129578
2515,4.504405,4.679128
2516,5.152183,5.359334
2517,3.254869,3.463805
2518,3.981278,4.031004
2519,4.570574,4.591094
2520,4.935871,4.898301
2521,6.635797,5.807620
2522,6.150153,6.621379
2523,3.928204,4.196723
2524,4.737131,4.841425
2525,5.389747,5.377206
2526,3.388636,3.563594
2527,4.144054,4.004039
2528,4.730386,4.607308
2529,5.113716,4.941542
2530,6.635039,5.685791
2531,6.195355,6.509183
2532,4.073088,4.162936
2533,4.528003,4.755955
2534,5.156168,5.387926
2535,3.359854,3.537347
2536,3.969501,4.039345
2537,4.528333,4.632106
2538,5.025731,4.933833
2539,6.315869,5.824817
2540,6.115400,6.563541
2541,4.009274,4.151973
2542,4.734903,4.834453
2543,5.357885,5.377497
2544,3.481894,3.508879
2545,4.184820,4.067833
2546,4.750921,4.570718
2547,4.907060,4.948268
2548,6.596458,5.731975
2549,6.134352,6.502283
2550,4.010789,4.149410
2551,4.636744,4.734234
2552,5.162256,5.325543
2553,3.381120,3.524990
2554,3.998644,3.928955
2555,4.559612,4.451458
2556,4.929861,4.982640
2557,6.562765,5.861286
2558,6.130866,6.660555
2559,4.036848,4.267065
2560,4.709982,4.866895
2561,5.389308,5.449815
2562,3.342067,3.578640
2563,4.145327,4.048655
2564,4.743259,4.630219
2565,4.895038,5.024883
2566,6.562096,5.898713
2567,6.207980,6.569777
2568,3.942392,4.197840
2569,4.552447,4.783039
2570,5.144231,5.398352
2571,3.264475,3.565424
2572,3.878637,3.943155
2573,4.541029,4.667190
2574,4.917255,4.976955
2575,5.818609,5.844303
2576,6.029134,6.549875
2577,4.018970,4.213030
2578,4.763919,4.793348
2579,5.402387,5.309002
2580,3.364919,3.530216
2581,4.162726,3.906617
2582,4.781350,4.573754
2583,4.951757,5.012108
2584,6.707956,5.702732
2585,5.996534,6.469844
2586,3.944208,4.168491
2587,4.527903,4.769455
2588,5.195897,5.347848
2589,3.273708,3.537230
2590,3.973254,3.900442
2591,4.533766,4.602607
2592,4.836712,5.102057
2593,6.319848,5.961535
2594,6.065701,6.767572
2595,3.906067,4.316708
2596,4.697125,4.944085
2597,5.354558,5.500329
2598,3.323761,3.637628
2599,4.115312,4.156935
2600,4.731173,4.665872
2601,5.091083,5.096262
2602,6.495312,5.844126
2603,6.133736,6.672313
2604,3.959656,4.247933
2605,4.517379,4.858965
2606,5.198815,5.476856
2607,3.185119,3.635753
2608,3.920176,4.057435
2609,4.560219,4.567684
2610,4.881526,5.041578
2611,5.894562,5.920544
2612,5.989096,6.631794
2613,4.018852,4.236550
2614,4.767755,4.863931
2615,5.390295,5.424366
2616,3.384874,3.559966
2617,4.174791,3.957685
2618,4.749962,4.604242
2619,4.910954,5.054918
2620,6.611273,5.772394
2621,6.092776,6.548361
2622,3.953429,4.198691
2623,4.609306,4.791121
2624,5.189970,5.389742
2625,3.273880,3.570191
2626,3.971282,4.062516
2627,4.540336,4.581709
2628,4.789880,5.018566
2629,6.529047,6.044030
2630,6.093021,6.774633
2631,3.835003,4.246519
2632,4.747299,4.867641
2633,5.351096,5.491036
2634,3.362023,3.553563
2635,4.117377,4.096338
2636,4.723148,4.660879
2637,5.051092,5.024033
2638,6.545218,5.804145
2639,6.125492,6.668639
2640,3.877953,4.189571
2641,4.544899,4.820574
2642,5.220092,5.467879
2643,3.328116,3.521826
2644,3.926799,3.968847
2645,4.555622,4.656705
2646,5.000037,4.982354
2647,5.805100,5.811602
2648,6.014415,6.623027
2649,4.008574,4.161046
2650,4.740142,4.785010
2651,5.391283,5.346590
2652,3.392222,3.455876
2653,4.180707,4.008349
2654,4.715141,4.567066
2655,4.946504,4.951650
2656,6.682129,5.710188
2657,6.090816,6.536883
2658,4.118820,4.093329
2659,4.630326,4.727672
2660,5.201030,5.363387
2661,3.364616,3.452538
2662,3.905542,3.997790
2663,4.567350,4.539806
2664,5.017159,5.047680
2665,6.354395,5.919087
2666,6.118981,6.810048
2667,3.940774,4.257225
2668,4.818761,4.914937
2669,5.355487,5.512372
2670,3.386708,3.546790
2671,4.170223,3.998900
2672,4.774406,4.563540
2673,4.897687,4.979292
2674,6.621215,5.806019
2675,6.144845,6.683711
2676,3.976842,4.180501
2677,4.539485,4.772307
2678,5.186460,5.486814
2679,3.262941,3.539613
2680,3.957963,4.091616
2681,4.540250,4.614366
2682,4.868703,4.950291
2683,5.534393,5.791601
2684,6.020749,6.612311
2685,4.002990,4.176639
2686,4.784335,4.791371
2687,5.391831,5.370233
2688,3.362656,3.472110
2689,4.165095,4.007767
2690,4.805539,4.467932
2691,5.141745,4.886210
2692,6.642430,5.727399
2693,6.095350,6.532728
2694,4.001639,4.113056
2695,4.523186,4.705048
2696,5.151983,5.369528
2697,3.281873,3.464409
2698,3.891101,4.006113
2699,4.535666,4.566585
2700,5.066896,4.933365
2701,6.436348,5.808543
2702,6.137074,6.625689
2703,3.908646,4.184828
2704,4.697151,4.847915
2705,5.383284,5.414929
2706,3.358049,3.535741
2707,4.162442,3.936624
2708,4.761248,4.513615
2709,4.936979,4.973402
2710,6.624079,5.677469
2711,6.134969,6.536815
2712,3.962283,4.152154
2713,4.536256,4.755329
2714,5.175861,5.322670
2715,3.278946,3.542019
2716,3.894045,3.965966
2717,4.565086,4.626289
2718,4.847838,4.966196
2719,6.501823,5.810479
2720,6.136328,6.573096
2721,4.049767,4.155673
2722,4.702453,4.815324
2723,5.393917,5.373999
2724,3.408967,3.510693
2725,4.253420,4.051310
2726,4.779805,4.478283
2727,4.964540,4.940917
2728,6.643000,5.718303
2729,6.143362,6.497311
2730,3.936532,4.127142
2731,4.556893,4.723760
2732,5.203550,5.329816
2733,3.276969,3.519456
2734,3.935087,4.043278
2735,4.587953,4.585534
2736,4.905965,4.959214
2737,6.350456,5.898988
2738,6.173331,6.649673
2739,3.978856,4.232060
2740,4.742822,4.874506
2741,5.353743,5.445450
2742,3.396739,3.547377
2743,4.225614,4.061034
2744,4.764122,4.617400
2745,5.107605,5.025414
2746,6.564247,5.700413
2747,6.132997,6.578545
2748,4.060856,4.195011
2749,4.534039,4.773859
2750,5.147210,5.389184
2751,3.298588,3.568395
2752,3.959322,4.055554
2753,4.533506,4.659089
2754,4.910663,4.999850
2755,5.587385,5.843349
2756,6.031894,6.576061
2757,3.926347,4.180717
2758,4.707987,4.773058
2759,5.356141,5.394122
2760,3.401453,3.536740
2761,4.248481,3.963020
2762,4.716376,4.469843
2763,4.997277,4.954956
2764,6.694247,5.720106
2765,6.137928,6.475979
2766,4.059422,4.185106
2767,4.531220,4.731489
2768,5.182255,5.357939
2769,3.290420,3.531566
2770,3.927825,4.034308
2771,4.587865,4.613725
2772,4.859783,5.041833
2773,6.381422,5.957756
2774,6.125614,6.767127
2775,3.874704,4.296985
2776,4.753934,4.914778
2777,5.313960,5.501262
2778,3.330935,3.609499
2779,4.139326,4.018191
2780,4.733065,4.682611
2781,4.914427,5.051992
2782,6.623116,5.820128
2783,6.175336,6.684239
2784,3.900103,4.240555
2785,4.505511,4.851051
2786,5.209527,5.490787
2787,3.226556,3.590039
2788,3.913797,4.126590
2789,4.594163,4.714023
2790,5.020360,5.039021
2791,5.733399,5.905859
2792,6.100407,6.634214
2793,3.950141,4.237642
2794,4.773969,4.858922
2795,5.387664,5.420823
2796,3.403858,3.523040
2797,4.223634,4.072408
2798,4.775754,4.598520
2799,4.951120,4.992482
2800,6.692321,5.782059
2801,6.087636,6.521762
2802,4.048104,4.203932
2803,4.536055,4.758149
2804,5.195394,5.349581
2805,3.258688,3.586073
2806,3.909912,3.922035
2807,4.588564,4.488112
2808,4.792118,4.988431
2809,6.506033,5.891693
2810,6.089837,6.774396
2811,3.896027,4.229385
2812,4.713578,4.903141
2813,5.357265,5.486482
2814,3.329614,3.516269
2815,4.152693,3.972025
2816,4.749556,4.555161
2817,4.906434,5.004793
2818,6.431542,5.797946
2819,6.170754,6.666525
2820,4.006246,4.168659
2821,4.542316,4.820375
2822,5.245471,5.470171
2823,3.268495,3.530847
2824,3.919468,4.084852
2825,4.592762,4.654703
2826,4.900087,4.924986
2827,5.853022,5.816316
2828,6.096056,6.595214
2829,3.996727,4.130570
2830,4.783206,4.793493
2831,5.388650,5.362182
2832,3.390006,3.450870
2833,4.245809,4.001464
2834,4.798856,4.588004
2835,4.985940,4.949473
2836,6.729499,5.688440
2837,6.199849,6.516429
2838,4.051790,4.099783
2839,4.530617,4.714260
2840,5.191576,5.355387
2841,3.419848,3.455359
2842,3.905954,3.880769
2843,4.586905,4.609367
2844,4.890658,5.070179
2845,6.551856,5.946387
2846,6.206602,6.800909
2847,4.026596,4.245874
2848,4.770373,4.910911
2849,5.387226,5.484997
2850,3.378624,3.514126
2851,4.221116,3.975708
2852,4.798953,4.638760
2853,5.154214,5.041650
2854,6.660122,5.800745
2855,6.215378,6.684557
2856,4.113661,4.182374
2857,4.665640,4.780322
2858,5.257736,5.464607
2859,3.315929,3.522586
2860,3.986678,4.076803
2861,4.619100,4.647281
2862,5.134074,4.964092
2863,5.829840,5.826877
2864,6.112040,6.621526
2865,3.930515,4.168993
2866,4.768690,4.787936
2867,5.387883,5.366760
2868,3.385991,3.447445
2869,4.225657,4.005517
2870,4.799727,4.557796
2871,4.948253,4.950607
2872,6.660694,5.722501
2873,6.190494,6.538500
2874,4.043120,4.093363
2875,4.526196,4.694324
2876,5.217472,5.337825
2877,3.298819,3.439852
2878,3.916528,4.003761
2879,4.583066,4.622008
