0,6.548884,7.952892
1,7.642613,8.585106
2,8.100480,8.595205
3,9.595444,10.994497
4,10.259557,11.338185
5,11.299852,11.036090
6,11.328315,11.971645
7,11.508778,11.690252
8,9.801307,11.359880
9,6.649521,7.897202
10,7.274198,8.491123
11,7.631399,8.390797
12,9.439336,11.397620
13,9.338513,10.861388
14,10.672793,10.425687
15,10.521166,11.677334
16,10.798777,10.658197
17,8.660966,9.992367
18,6.637428,7.505922
19,7.437243,8.015809
20,8.092285,8.200423
21,9.749872,10.851569
22,10.473785,11.432888
23,11.269661,10.797887
24,11.130439,11.834474
25,11.297537,11.307117
26,9.790415,11.024299
27,6.625197,7.839477
28,7.059750,8.566479
29,7.693800,8.350611
30,9.618723,11.068600
31,9.491176,10.311611
32,10.777071,10.278214
33,10.689093,11.499573
34,10.755680,10.947849
35,8.634730,9.486335
36,7.014446,7.965628
37,8.421896,9.104248
38,9.080783,8.584259
39,11.158369,11.121838
40,11.447895,11.748416
41,12.668978,11.338923
42,12.588353,12.160537
43,12.768017,11.977282
44,11.314333,11.224737
45,7.224778,7.764197
46,8.274187,8.770880
47,8.561307,8.759396
48,10.335980,11.003353
49,10.685638,11.142959
50,12.163777,10.691776
51,11.888550,11.841784
52,12.247290,11.440359
53,9.839072,10.624876
54,7.393827,7.808956
55,8.109274,8.908228
56,9.100076,8.739707
57,11.103928,11.162534
58,11.247478,11.783644
59,12.690639,11.840158
60,12.207135,12.095167
61,12.590771,12.007114
62,11.275767,11.774109
63,6.893900,7.830327
64,8.087925,8.926723
65,8.596801,8.758207
66,10.627584,11.263191
67,10.706057,11.183248
68,12.147187,10.787718
69,11.760056,12.038239
70,11.978800,11.470384
71,9.862255,10.353426
72,7.001044,7.849051
73,8.264133,8.611322
74,8.908717,8.648437
75,11.106312,11.088807
76,11.065703,11.543444
77,12.682910,11.547277
78,11.757112,12.441132
79,12.287697,12.026082
80,11.072758,11.340654
81,6.846085,7.778939
82,8.153981,8.760189
83,8.534811,8.945704
84,10.455290,11.464203
85,10.072798,11.558949
86,12.182386,11.124434
87,11.739291,12.203691
88,11.491102,11.376615
89,9.750259,10.439741
90,7.138999,7.573648
91,8.246609,8.570980
92,9.024246,8.716688
93,10.772993,11.270947
94,11.193208,11.650045
95,12.567859,11.254862
96,12.156335,11.913113
97,12.577447,11.835966
98,11.078874,11.735640
99,6.874943,8.107393
100,7.891176,8.895456
101,8.660874,8.700792
102,10.621510,11.200481
103,10.311663,11.155389
104,12.196898,10.727768
105,11.364392,12.142188
106,11.753377,11.424691
107,9.747460,10.778562
108,7.006950,8.003448
109,8.329243,8.809289
110,9.057058,9.566778
111,10.538099,11.261761
112,11.044018,11.805012
113,12.575619,12.148113
114,11.358120,12.050580
115,11.979896,11.868299
116,10.980420,11.653021
117,7.125152,7.920135
118,8.248548,9.002103
119,8.575079,9.541509
120,10.194901,11.058423
121,10.238242,11.693419
122,11.953594,11.828247
123,10.954619,11.640225
124,11.495880,11.191392
125,9.740376,10.814728
126,7.444455,7.745321
127,8.515429,8.615543
128,9.073457,9.419828
129,10.502365,11.252630
130,11.331626,11.570695
131,12.584059,11.713364
132,11.472045,11.896235
133,12.205663,11.948473
134,11.028890,11.421552
135,7.234855,7.494127
136,8.105181,8.714824
137,8.688663,9.203790
138,10.264769,11.419598
139,10.122548,11.384739
140,12.181885,11.288634
141,10.943509,11.978182
142,11.904325,11.331835
143,9.752028,11.069465
144,6.962493,7.623372
145,8.197591,8.623130
146,8.970505,9.443625
147,10.502197,10.984033
148,11.019188,11.882785
149,12.386556,12.159290
150,11.386113,12.156068
151,12.312416,11.781461
152,10.825782,11.722363
153,7.356561,7.730824
154,7.857472,9.050541
155,8.570696,9.614084
156,10.186155,11.621860
157,10.174493,11.773634
158,11.942318,11.770514
159,10.930167,11.700521
160,11.792961,11.677119
161,9.697885,11.328274
162,7.018335,7.800068
163,8.385637,8.762622
164,9.055296,9.438327
165,10.471325,11.130903
166,11.072759,11.901056
167,12.592629,11.781335
168,11.370822,12.226613
169,12.067286,11.754634
170,10.818329,11.657477
171,7.146695,7.611751
172,8.124960,8.805116
173,8.625776,9.422958
174,10.051507,11.247575
175,10.171932,11.303315
176,12.022122,11.757829
177,10.874642,11.553514
178,11.431265,10.877438
179,9.647223,11.149521
180,8.110620,8.754547
181,8.658734,9.540267
182,9.170711,9.631004
183,11.185555,11.793961
184,10.806206,11.733542
185,11.435768,11.705874
186,12.138362,12.487555
187,11.957806,11.682682
188,9.926633,11.187745
189,7.792051,8.872826
190,8.572338,9.354555
191,8.760229,9.783889
192,10.682684,11.928131
193,10.034138,11.474172
194,11.038511,11.391268
195,11.404192,12.137591
196,11.317799,11.578956
197,8.994864,10.766391
198,7.814119,8.620385
199,8.604819,9.321516
200,9.138153,9.623760
201,10.984947,11.799363
202,11.254128,11.624708
203,11.686789,11.547849
204,12.055316,12.432637
205,12.156510,11.759237
206,9.912196,11.368468
207,7.997458,8.760681
208,8.481897,9.227616
209,8.572048,9.719954
210,10.710794,11.949082
211,10.367814,11.276520
212,11.087451,11.430553
213,11.313566,12.309750
214,11.318816,11.769290
215,8.874644,10.730784
216,9.354453,8.816617
217,9.922846,9.410953
218,10.004582,9.784692
219,12.787715,11.881370
220,12.055155,12.018914
221,12.734110,11.847530
222,13.712121,12.830166
223,12.960906,11.605109
224,11.034971,11.430335
225,9.325264,8.764497
226,9.823966,9.733494
227,9.428654,9.855906
228,12.410146,11.865699
229,11.221918,11.703693
230,12.112471,11.499780
231,12.928691,12.753666
232,12.352411,12.084470
233,9.852610,11.012706
234,9.409646,8.676346
235,9.723991,9.486252
236,10.053873,10.056149
237,12.719637,11.951464
238,11.972578,11.836613
239,12.708697,11.733574
240,13.536496,13.329885
241,13.358487,11.434127
242,11.060542,11.342989
243,8.772810,8.723174
244,9.563102,9.445377
245,9.445535,9.744041
246,12.497025,12.407433
247,11.437784,11.760362
248,12.106420,11.446780
249,12.915890,12.653957
250,12.236517,11.446118
251,9.832008,11.039799
252,8.665318,8.557404
253,9.559754,9.490743
254,9.860737,9.771679
255,12.556700,11.904357
256,11.994629,11.895221
257,12.403000,12.141073
258,13.077191,12.757530
259,12.922345,11.742124
260,10.879003,11.886824
261,9.092963,8.686411
262,9.604512,9.749831
263,9.234612,9.626760
264,12.042612,11.891096
265,11.195396,11.826866
266,11.956440,11.512646
267,12.606424,12.550661
268,12.132807,11.971698
269,9.801883,11.488267
270,8.567828,8.408032
271,9.591242,9.317747
272,9.822720,9.717126
273,12.601116,12.106983
274,11.953535,12.121753
275,12.531660,11.771996
276,13.197035,12.593071
277,12.881403,11.837063
278,10.847052,11.577709
279,8.645522,8.517754
280,9.674115,9.315646
281,9.332320,9.917187
282,12.227468,12.020397
283,11.242453,11.539718
284,11.953808,11.414041
285,12.643834,12.400640
286,12.108089,11.994877
287,9.842684,11.032392
288,8.813301,8.709066
289,9.434677,9.648876
290,10.169701,10.038761
291,11.455560,11.878469
292,11.472587,11.912809
293,12.292157,11.953940
294,11.715698,12.384235
295,12.291677,12.077588
296,10.780085,12.094928
297,8.570959,8.661530
298,9.401371,9.533690
299,9.319165,10.012862
300,10.916542,12.089924
301,11.072323,11.524524
302,11.937553,11.507411
303,11.508696,12.332591
304,11.740183,11.632329
305,9.785257,11.260944
306,8.719980,8.461057
307,9.408566,9.316228
308,9.811819,9.812038
309,11.328142,11.678029
310,11.680061,11.722300
311,12.448242,11.746118
312,12.152333,12.302494
313,12.460064,11.771726
314,10.866539,11.720028
315,8.763801,8.363812
316,9.449257,9.360880
317,9.394650,9.927967
318,11.259069,11.825664
319,10.909129,11.553323
320,11.997724,11.630201
321,11.403542,12.532095
322,11.803440,11.267868
323,9.723243,11.063243
324,8.676794,8.597458
325,9.632952,9.494452
326,10.023536,10.022932
327,11.306977,11.661102
328,11.292568,11.903144
329,12.254576,11.950622
330,11.811732,12.524328
331,12.436262,11.555579
332,10.684687,11.838820
333,8.325366,8.506771
334,9.257062,9.791590
335,9.369461,9.819339
336,11.276466,11.968154
337,10.681635,11.746204
338,12.009655,11.878428
339,11.715626,12.221492
340,12.020927,11.623768
341,9.830571,10.992022
342,8.633712,8.536874
343,9.370991,9.285599
344,9.899996,9.791887
345,11.460933,11.787543
346,11.536320,11.824305
347,12.326446,11.705482
348,11.982146,12.433561
349,12.199314,11.441738
350,10.794250,11.384259
351,8.282047,8.681594
352,9.066921,9.457217
353,9.303609,9.883919
354,11.159410,12.032578
355,10.864199,11.682728
356,12.008863,11.711804
357,11.638872,12.588669
358,11.827785,11.441224
359,9.802807,11.509188
360,8.053144,8.717830
361,8.827997,9.393009
362,9.164596,9.708718
363,11.178102,11.710617
364,11.022750,11.457255
365,11.576949,11.648607
366,11.844488,12.541490
367,12.036152,11.826726
368,9.903243,11.574400
369,7.848021,8.549304
370,8.528527,9.590613
371,8.680371,9.194617
372,10.293178,12.054853
373,10.409680,11.364367
374,11.050463,11.160273
375,11.714725,12.102723
376,11.269947,11.713665
377,8.932243,10.401355
378,7.973531,8.917051
379,8.683819,9.035587
380,9.117709,9.576643
381,11.141992,11.710467
382,11.054782,11.807622
383,11.549249,11.749005
384,12.050305,12.396695
385,12.048681,11.481907
386,10.030605,11.419956
387,7.895318,8.546740
388,8.751514,9.175906
389,8.612194,9.811740
390,10.713967,11.874316
391,10.196447,11.523999
392,11.085339,11.118806
393,11.333689,12.102455
394,11.347870,11.328712
395,8.950270,10.643894
396,9.082030,8.812352
397,10.071869,9.439539
398,9.930230,9.935496
399,13.442032,11.799195
400,12.191316,12.094708
401,12.766781,12.136064
402,13.656122,12.495853
403,13.130603,12.078367
404,11.022853,11.867282
405,8.957234,8.699165
406,9.622988,9.621098
407,9.353086,9.854284
408,12.290221,12.203770
409,11.122738,11.585249
410,12.165837,11.626731
411,12.966599,12.435233
412,12.243454,11.222103
413,9.876424,10.925235
414,9.550046,9.109750
415,9.677638,9.610513
416,10.058529,9.956507
417,13.004578,12.355865
418,12.294268,11.944662
419,12.773458,11.627935
420,13.453753,12.560702
421,13.312488,11.683138
422,11.032938,11.831032
423,9.295485,8.730110
424,9.634791,9.454886
425,9.452973,9.860402
426,12.375583,12.159927
427,11.434074,11.658762
428,12.190870,11.357209
429,12.954583,12.585880
430,12.170792,11.485283
431,9.841954,10.625856
432,8.630716,8.538567
433,9.707204,9.522222
434,9.809906,10.093474
435,12.183990,11.868196
436,12.043583,11.949913
437,12.536406,11.961349
438,13.349131,12.873060
439,13.036008,12.245715
440,10.835249,11.690665
441,9.112337,8.777063
442,9.372470,9.543447
443,9.299245,9.784941
444,11.810361,11.822283
445,11.132518,11.635106
446,12.013217,11.628822
447,12.825266,12.288170
448,12.048025,11.567500
449,9.734394,11.281138
450,8.781528,8.449529
451,9.406039,9.521730
452,9.814715,9.893490
453,12.633286,12.207688
454,11.862354,11.927015
455,12.603848,11.789634
456,12.973951,12.542990
457,13.004274,11.686730
458,10.873637,11.405808
459,8.882846,8.697692
460,9.214341,9.410880
461,9.342177,9.705724
462,11.820507,11.890387
463,11.278944,11.453201
464,11.955299,10.704901
465,12.537056,12.439425
466,11.960629,11.495045
467,9.805880,10.952684
468,8.684576,8.555079
469,9.456800,9.462915
470,9.820204,10.192388
471,11.462584,11.944077
472,11.634551,11.912058
473,12.273186,11.905476
474,11.981209,12.484962
475,12.421985,12.012805
476,10.703251,11.226354
477,8.428543,8.644760
478,9.270199,9.765744
479,9.372181,10.006468
480,11.062480,11.715385
481,10.691778,11.513633
482,11.989213,11.458752
483,11.485128,12.455806
484,11.736464,11.145171
485,9.749879,11.142845
486,8.959576,8.570062
487,9.469427,9.175407
488,10.013330,10.020185
489,11.622515,11.892899
490,11.510292,11.821710
491,12.363805,11.710131
492,11.986240,12.579576
493,12.354764,11.815366
494,10.824355,11.511164
495,8.720101,8.655600
496,9.326790,9.448857
497,9.380804,9.959414
498,11.092253,11.964570
499,10.767621,11.351878
500,12.065327,11.255208
501,11.414383,12.571028
502,11.823696,12.020407
503,9.744283,10.839559
504,8.394026,8.623300
505,9.528717,9.571337
506,9.814001,9.978091
507,11.682235,12.089347
508,11.512262,12.048767
509,12.171013,11.850149
510,11.647346,12.328858
511,12.115965,11.540874
512,10.626384,11.603487
513,8.754123,8.705530
514,9.400615,9.749691
515,9.343575,10.058399
516,10.996904,11.833030
517,11.040573,11.725712
518,11.908756,11.809635
519,11.260978,12.658221
520,11.921555,12.165618
521,9.728873,11.410745
522,8.552970,8.575733
523,9.638898,9.327956
524,9.891503,9.721210
525,11.466813,11.940057
526,11.484218,11.990836
527,12.199713,11.694040
528,11.722294,12.631145
529,12.204445,11.633140
530,10.717295,11.802609
531,8.572931,8.688485
532,9.286077,9.424109
533,9.303674,9.945290
534,11.116611,11.918341
535,10.793881,11.741126
536,11.957668,11.535302
537,11.544563,12.122673
538,11.655674,11.500478
539,9.734655,11.545471
540,8.034879,8.658922
541,8.918580,9.285833
542,9.215468,9.671710
543,11.248212,11.659119
544,11.033295,11.925786
545,11.463654,11.517982
546,12.158488,12.278179
547,11.914996,11.635802
548,9.856694,11.064424
549,7.956213,8.737840
550,8.591050,9.649878
551,8.712081,9.865849
552,10.550556,11.971616
553,10.351205,11.223217
554,11.089679,11.559006
555,11.196555,12.270732
556,11.137567,11.645219
557,8.915861,10.699500
558,7.934835,8.496524
559,8.828480,9.092264
560,9.130676,9.514937
561,11.340035,11.827648
562,11.107351,11.930412
563,11.672473,11.561782
564,12.221127,12.316780
565,12.082220,11.627808
566,9.950896,11.411570
567,8.014700,8.184857
568,8.620358,9.156895
569,8.491414,9.674914
570,10.493470,12.030848
571,10.211125,11.562337
572,11.112963,11.229221
573,11.484280,12.235541
574,11.482277,11.705356
575,8.950048,10.677617
576,9.184370,8.956314
577,9.588312,9.443165
578,10.073833,9.870872
579,12.557107,11.926388
580,12.164959,11.898267
581,12.769641,12.157519
582,13.587786,12.714940
583,13.327899,11.530840
584,11.038674,10.962194
585,8.876496,8.584733
586,9.719471,9.512942
587,9.453124,9.873639
588,12.274727,11.965237
589,11.218344,11.731816
590,12.155370,11.461139
591,12.938919,12.290394
592,12.430948,12.046434
593,9.877315,10.374599
594,9.171918,8.582642
595,9.874640,9.310038
596,10.003761,9.866636
597,12.872633,11.870280
598,12.182869,12.236821
599,12.751774,12.124455
600,13.670453,12.780402
601,13.095726,11.903282
602,11.062169,11.253584
603,9.163177,8.972620
604,9.496252,9.563005
605,9.396307,10.010978
606,12.493540,12.127665
607,11.432382,11.844548
608,12.048989,11.762303
609,12.981148,12.617002
610,12.560929,11.408092
611,9.871565,11.063105
612,8.840228,8.617646
613,9.686765,9.488654
614,9.765123,9.887015
615,12.379217,11.742266
616,11.993019,11.839153
617,12.703720,12.069421
618,12.983155,12.699573
619,13.148867,11.594136
620,10.867429,12.161958
621,8.835056,8.442362
622,9.272749,9.525131
623,9.274297,10.009512
624,11.670569,11.857341
625,11.045298,11.640530
626,11.977319,11.911265
627,12.641221,12.318584
628,12.143401,11.646247
629,9.835961,11.632809
630,8.811792,8.640404
631,9.849517,9.485831
632,9.856289,9.843200
633,12.522583,12.017927
634,11.776875,12.048888
635,12.752814,11.775243
636,13.080080,12.827159
637,12.811283,12.068951
638,10.927408,11.780525
639,8.845558,8.708358
640,9.416703,9.905922
641,9.314888,9.678070
642,11.946348,12.148094
643,11.290577,11.586818
644,12.032427,11.531822
645,12.972502,12.604860
646,12.064178,12.111315
647,9.849517,10.697523
648,8.702250,8.580252
649,9.582230,9.713111
650,9.848047,10.133507
651,11.376287,12.032421
652,11.611677,11.983971
653,12.345481,12.127994
654,11.986131,12.504292
655,12.235062,11.796366
656,10.861908,11.915495
657,8.724984,8.731698
658,9.490800,9.558428
659,9.327681,10.244103
660,11.160347,11.737749
661,10.950870,11.794108
662,12.088621,11.505768
663,11.679000,12.407723
664,11.789117,11.733307
665,9.809019,11.785599
666,8.733512,8.626183
667,9.479078,9.341644
668,9.987061,9.657594
669,11.346635,11.786519
670,11.620533,11.754024
671,12.277246,11.704720
672,12.106733,12.565140
673,12.232805,11.737919
674,10.826577,11.484887
675,8.913270,8.380262
676,9.117292,9.516732
677,9.344603,9.913568
678,11.220015,11.797703
679,10.940495,11.569321
680,12.000089,11.131086
681,11.325541,12.458757
682,12.106955,11.842140
683,9.807193,10.675995
684,8.455984,8.644517
685,9.301771,9.520270
686,10.063796,9.981330
687,11.390728,12.023441
688,11.423369,12.032082
689,12.232051,11.979556
690,11.770850,12.373415
691,12.307936,12.082437
692,10.658246,11.636551
693,8.432071,8.427143
694,9.407420,9.667921
695,9.262894,10.093957
696,11.149993,11.611458
697,10.714037,11.727067
698,11.926154,11.908172
699,11.507998,12.148403
700,11.816046,11.713311
701,9.801291,11.453396
702,8.505497,8.354172
703,9.395551,9.403087
704,9.882765,9.759386
705,11.218403,11.535653
706,11.532354,11.731402
707,12.271360,11.668087
708,11.798634,12.447160
709,12.098013,11.417957
710,10.658654,11.307711
711,8.440370,8.465605
712,9.304255,9.367648
713,9.349584,9.928864
714,10.983278,11.764659
715,10.814659,11.932714
716,11.924609,11.783026
717,11.467466,12.269220
718,11.791029,11.917102
719,9.739984,10.967154
720,6.267504,7.675239
721,7.303736,8.182900
722,8.083975,8.085259
723,9.531668,11.098754
724,10.126576,10.279644
725,11.258417,10.730275
726,10.799771,11.453597
727,11.508226,11.200728
728,9.776349,11.226645
729,6.541996,7.186284
730,7.092253,8.631781
731,7.580440,8.109924
732,9.365614,11.327223
733,9.632894,10.206217
734,10.569593,10.103549
735,10.313563,11.412995
736,10.672037,10.236587
737,8.640080,9.785288
738,6.406305,7.798082
739,7.334944,8.016181
740,8.072247,8.196499
741,9.677872,11.144891
742,10.192971,10.639878
743,11.337347,10.816529
744,11.119622,11.496943
745,11.340273,10.908880
746,9.897694,11.033636
747,6.375340,7.404635
748,7.530702,8.605587
749,7.573466,8.361253
750,9.531919,11.367444
751,9.450859,10.433466
752,10.629979,9.967594
753,10.687551,11.376461
754,10.477868,10.685577
755,8.642063,9.149717
756,7.389827,7.591511
757,8.408841,8.670082
758,9.083947,8.538853
759,11.039511,11.141644
760,11.566498,11.555162
761,12.735972,11.637324
762,12.294087,12.179711
763,12.519325,11.479583
764,11.266437,11.379998
765,7.204834,7.704563
766,8.077560,8.967358
767,8.643581,8.489880
768,10.561419,11.033268
769,10.270992,10.921759
770,12.125187,10.361665
771,11.745635,12.014878
772,11.814898,11.574230
773,9.797963,10.057565
774,7.051836,7.853616
775,8.406984,8.651989
776,8.932634,8.506131
777,11.205144,11.386796
778,11.575178,11.414232
779,12.804489,10.932620
780,12.374021,12.142089
781,12.483912,12.152935
782,11.100931,11.606490
783,7.467188,7.757236
784,8.375101,8.836446
785,8.689214,8.574890
786,10.726568,11.664715
787,10.513577,11.321761
788,12.205286,10.389734
789,11.500751,12.079828
790,12.232403,11.868773
791,9.829781,10.424360
792,6.880388,7.832043
793,8.096302,8.608873
794,8.992563,8.537187
795,10.814161,11.199147
796,11.004408,11.622052
797,12.605442,11.160665
798,11.786138,12.243244
799,12.564212,11.929045
800,11.058112,11.845022
801,7.097160,7.714747
802,8.044896,8.847224
803,8.568811,8.605303
804,10.193710,11.711523
805,10.454465,11.315846
806,12.138423,10.557566
807,11.431909,11.931399
808,11.949005,10.992923
809,9.757723,10.204131
810,7.230453,7.598444
811,8.140612,9.003326
812,9.085648,8.697541
813,11.268853,11.473729
814,11.307419,11.471617
815,12.731506,10.942862
816,12.367974,12.312211
817,12.639221,11.638268
818,11.081538,11.281725
819,7.033988,7.698936
820,8.214933,8.884854
821,8.437593,8.424321
822,10.376328,11.290226
823,10.317478,10.967726
824,12.139229,10.431237
825,11.530405,12.051994
826,11.954583,11.586269
827,9.754291,9.996526
828,6.848372,7.896595
829,8.224257,9.142389
830,9.032521,9.047920
831,10.452829,11.277467
832,11.027178,11.794107
833,12.588095,11.641818
834,11.408876,12.007048
835,12.267934,11.564695
836,10.965672,11.683270
837,7.279489,7.682442
838,8.104712,9.172669
839,8.595256,9.318173
840,10.195148,11.486694
841,10.170300,11.450010
842,12.028140,11.326333
843,11.039257,11.947231
844,11.778708,11.028865
845,9.744733,10.732700
846,7.117838,7.473442
847,8.182959,8.928685
848,9.127380,8.787559
849,10.489625,11.061140
850,11.138526,11.571278
851,12.492321,11.848044
852,11.310820,12.042250
853,12.262684,12.156584
854,10.966257,11.385854
855,7.269875,7.613827
856,8.176178,9.287931
857,8.619774,8.993967
858,10.149982,11.563241
859,10.397013,11.214738
860,12.168003,11.078787
861,10.883918,12.192661
862,11.322517,10.866170
863,9.672955,10.427490
864,6.913519,7.530880
865,8.158803,9.198178
866,8.979815,9.374625
867,10.408932,11.217134
868,10.986270,11.612725
869,12.330112,11.566120
870,11.289629,12.215999
871,12.020487,11.468758
872,10.868822,11.917147
873,7.036528,7.772960
874,8.080202,8.881660
875,8.506664,9.172969
876,9.948164,11.301125
877,10.186915,11.249803
878,12.043323,11.235719
879,10.635077,11.826261
880,11.580296,11.229944
881,9.759993,10.747552
882,7.383121,7.619586
883,8.201304,9.070846
884,9.001789,8.916740
885,10.215670,11.384067
886,10.963839,11.476999
887,12.403470,11.395452
888,11.063329,12.319560
889,11.874785,11.662782
890,10.774406,11.430436
891,7.166852,7.603132
892,8.143486,9.043550
893,8.501912,9.096994
894,10.086803,11.617380
895,10.246922,11.570583
896,11.985935,11.195031
897,10.835285,12.024515
898,11.367383,11.143611
899,9.676227,10.357178
900,8.087892,8.543989
901,8.843619,9.649493
902,9.072576,9.822088
903,11.048278,11.669555
904,10.946765,11.904598
905,11.411494,11.793509
906,11.916292,12.387814
907,11.747398,11.354357
908,9.853831,11.491465
909,8.118471,8.379367
910,8.597268,9.500277
911,8.725742,9.792423
912,10.645071,11.863482
913,10.348490,11.603848
914,10.984375,11.414707
915,11.277509,12.294247
916,11.230660,11.603285
917,8.889861,9.825618
918,7.683962,8.376295
919,8.663795,9.158204
920,9.153320,9.643452
921,10.996048,11.885786
922,10.903080,11.897475
923,11.559500,11.841332
924,11.967848,12.505157
925,11.986317,11.302204
926,10.001482,11.512413
927,7.605725,8.654853
928,8.673068,9.384029
929,8.455656,9.383037
930,10.578709,12.084188
931,10.320858,11.369668
932,11.027878,11.195500
933,11.531228,12.097223
934,11.283447,11.275103
935,8.875587,9.551598
936,9.262650,8.592960
937,9.953389,9.804729
938,10.014915,9.989403
939,13.204526,11.865379
940,12.207140,11.934010
941,12.614951,12.029653
942,13.171042,12.636997
943,13.175248,12.241376
944,11.039839,12.074238
945,8.927742,8.541224
946,9.628897,9.582212
947,9.458315,10.053716
948,12.545631,12.152491
949,11.368003,11.840614
950,12.032701,11.255285
951,13.092227,12.336864
952,12.200209,11.706762
953,9.854697,11.386755
954,9.141167,8.569145
955,9.757381,9.810804
956,10.057758,10.141779
957,12.609461,12.034316
958,12.364102,11.999926
959,12.865542,12.129244
960,13.590426,12.944982
961,13.193018,12.116339
962,11.029726,12.065928
963,9.139870,8.547636
964,9.828034,9.926327
965,9.492451,9.911202
966,12.444654,12.362111
967,10.912712,11.782084
968,12.113195,11.752378
969,13.013021,12.395232
970,12.246737,11.972980
971,9.890532,11.202142
972,8.833419,8.464745
973,9.599108,9.663810
974,9.833310,10.109797
975,12.313167,11.823832
976,11.861430,12.104473
977,12.574636,12.098371
978,13.119525,12.798613
979,13.055273,11.815912
980,10.854000,11.975781
981,8.794638,8.518149
982,9.371022,9.800150
983,9.269850,10.166603
984,11.965541,12.030649
985,10.891352,12.016875
986,11.976596,11.827281
987,12.413116,12.116399
988,11.963890,11.893030
989,9.775972,10.954147
990,8.750010,8.290466
991,9.281809,9.632327
992,9.900679,10.005260
993,12.125443,11.983534
994,12.108778,12.170803
995,12.754965,11.947263
996,12.901765,12.720986
997,13.155590,12.138177
998,10.913792,11.998904
999,9.017241,8.431576
1000,9.341493,9.802756
1001,9.330842,10.182199
1002,12.061280,11.941223
1003,11.053160,12.159470
1004,11.951795,11.815642
1005,12.535591,12.440217
1006,12.257444,12.129002
1007,9.838930,10.334206
1008,8.509468,8.469566
1009,9.609591,9.773445
1010,9.876136,10.210594
1011,11.382053,11.780419
1012,11.560769,12.015885
1013,12.182386,12.116927
1014,12.146726,12.307975
1015,12.287082,11.484164
1016,10.774032,12.192838
1017,8.520291,8.401071
1018,9.247121,9.793299
1019,9.356167,10.250543
1020,11.284197,11.916952
1021,10.654068,11.708767
1022,11.886656,11.745439
1023,11.573649,12.189440
1024,11.997123,11.884290
1025,9.724306,11.105380
1026,8.549389,8.357238
1027,9.547748,9.756873
1028,9.844081,10.302999
1029,11.353540,11.731302
1030,11.708187,11.959684
1031,12.296478,11.894278
1032,12.018026,12.455584
1033,12.223618,12.029282
1034,10.703401,11.944715
1035,8.932400,8.599069
1036,9.272459,9.508269
1037,9.445845,10.082903
1038,11.187941,11.659914
1039,10.830599,11.787397
1040,11.933395,11.321178
1041,11.365835,12.479974
1042,11.748493,11.587037
1043,9.702516,11.382655
1044,8.512520,8.260464
1045,9.389868,9.710609
1046,10.227968,10.240800
1047,11.416974,11.743757
1048,11.410884,12.112820
1049,12.246897,11.931477
1050,11.668978,12.383738
1051,12.307149,12.188737
1052,10.630237,12.160275
1053,8.725111,8.395676
1054,9.424109,9.657344
1055,9.276726,9.971353
1056,10.975878,11.884682
1057,10.833872,11.545874
1058,11.955434,11.690174
1059,11.600960,12.182119
1060,11.618567,11.176288
1061,9.806766,11.235602
1062,8.493660,8.367224
1063,9.372340,9.488464
1064,9.884383,10.253948
1065,11.360408,11.792680
1066,11.727410,11.840003
1067,12.310326,11.835534
1068,11.902723,12.501375
1069,12.230522,11.646468
1070,10.724718,12.021669
1071,8.543468,8.541406
1072,9.214391,9.504009
1073,9.284681,10.116899
1074,11.003805,11.991508
1075,10.676899,11.821812
1076,11.985265,11.533553
1077,11.373472,12.421469
1078,11.900092,11.176379
1079,9.743902,11.116705
1080,7.838201,8.630429
1081,8.616611,9.433730
1082,9.234672,10.021598
1083,11.152946,11.659753
1084,10.964952,11.750751
1085,11.570614,11.629437
1086,11.831664,12.193167
1087,11.877404,11.334751
1088,9.825115,11.715308
1089,7.758923,8.252632
1090,8.744074,9.401009
1091,8.737430,9.695231
1092,10.644238,11.969810
1093,10.367118,11.434567
1094,10.996323,11.554654
1095,11.431331,12.056804
1096,11.139137,11.406277
1097,8.934736,11.057550
1098,7.952336,8.359822
1099,8.859194,9.237452
1100,9.067022,9.485861
1101,11.105593,11.939185
1102,11.049383,11.947461
1103,11.623114,11.711698
1104,12.226387,12.608517
1105,12.193041,11.695581
1106,9.994101,11.621772
1107,7.831797,8.636219
1108,8.492864,9.603236
1109,8.586735,9.381809
1110,10.643864,11.953164
1111,10.567442,11.044978
1112,11.065512,11.205206
1113,11.790136,12.413280
1114,11.291157,10.769139
1115,8.914228,10.608318
1116,9.371057,8.361560
1117,9.929033,9.498921
1118,10.054600,9.952101
1119,13.011646,12.352222
1120,12.116930,12.115769
1121,12.784434,11.941203
1122,13.384461,12.688794
1123,13.189228,11.671795
1124,11.034365,11.905415
1125,9.399847,8.696047
1126,9.805048,9.733619
1127,9.436894,10.070581
1128,12.077120,11.976252
1129,11.289610,11.965942
1130,12.013237,11.829746
1131,12.874137,12.163874
1132,12.219401,11.483550
1133,9.839476,10.470249
1134,9.595881,8.662453
1135,9.859817,9.801646
1136,10.002760,10.327020
1137,13.207768,12.141360
1138,12.234360,12.177177
1139,12.558968,11.962181
1140,13.628019,12.828300
1141,13.187811,11.937637
1142,11.076121,11.709959
1143,9.235533,8.641245
1144,9.317666,9.883801
1145,9.392785,10.266102
1146,12.186628,12.512364
1147,11.229027,11.719499
1148,12.044793,11.476447
1149,13.114706,12.443748
1150,12.366394,11.639003
1151,9.848639,10.654769
1152,8.987805,8.483595
1153,9.504599,9.628689
1154,9.808238,10.258601
1155,12.553467,11.593056
1156,11.994358,11.979719
1157,12.598703,12.140202
1158,13.083714,12.531029
1159,12.971520,12.189012
1160,10.925660,12.094397
1161,8.839996,8.483459
1162,9.369010,9.663221
1163,9.280487,10.133919
1164,12.136756,11.891592
1165,11.108820,11.803602
1166,11.898347,11.746778
1167,12.765718,12.321975
1168,12.115099,12.123799
1169,9.684515,11.033819
1170,9.268404,8.411231
1171,9.492541,9.899846
1172,9.864867,10.003315
1173,12.575516,11.930345
1174,11.992674,11.761713
1175,12.765951,11.936399
1176,12.909198,12.646852
1177,12.998322,11.601860
1178,10.746389,11.838914
1179,8.637010,8.566447
1180,9.301522,9.837885
1181,9.275616,10.279585
1182,12.264086,12.297691
1183,11.189196,11.807344
1184,11.904907,11.474904
1185,12.581846,12.061004
1186,12.007665,12.051855
1187,9.830974,10.819963
1188,8.624186,8.500456
1189,9.544906,9.842228
1190,10.000937,10.407211
1191,11.488256,11.834081
1192,11.519251,12.238678
1193,12.245797,12.096661
1194,11.846579,12.384467
1195,12.406479,11.738968
1196,10.721582,12.144888
1197,8.358945,8.693954
1198,9.314348,9.767455
1199,9.304238,10.272237
1200,11.185952,11.722718
1201,10.820918,12.156918
1202,12.006865,11.808203
1203,11.548892,11.896564
1204,11.736588,11.786737
1205,9.769317,11.100616
1206,8.555876,8.322373
1207,9.365868,9.729128
1208,9.857019,9.981852
1209,11.314198,11.916809
1210,11.708591,11.887615
1211,12.303459,12.047082
1212,12.114304,12.425543
1213,12.316902,11.618899
1214,10.802508,11.873569
1215,8.708537,8.241899
1216,9.168413,9.654278
1217,9.374832,10.127346
1218,11.439854,11.979703
1219,11.091953,11.514669
1220,11.975183,11.713301
1221,11.492887,12.208305
1222,12.055717,11.114042
1223,9.815502,10.902161
1224,8.476022,8.292879
1225,9.507257,9.662970
1226,10.198841,10.109716
1227,11.410286,11.951399
1228,11.595572,11.948780
1229,12.280250,11.928188
1230,11.766428,12.235456
1231,12.141314,11.388788
1232,10.638758,11.587037
1233,8.532873,8.540260
1234,9.273430,9.595180
1235,9.281677,9.816305
1236,11.308851,11.971869
1237,10.718738,11.801158
1238,11.900129,11.790052
1239,11.240896,11.828411
1240,11.730995,11.720747
1241,9.751297,11.010692
1242,8.338219,8.268625
1243,9.268026,9.487362
1244,9.759562,10.136844
1245,11.349512,11.725407
1246,11.665056,11.734070
1247,12.223420,11.782606
1248,11.933175,12.670318
1249,12.229186,12.022637
1250,10.750164,11.933166
1251,8.552815,8.095881
1252,9.223699,9.545190
1253,9.312344,10.132315
1254,11.088487,11.931024
1255,10.799747,12.362859
1256,11.929578,11.674735
1257,11.756783,12.162169
1258,11.751123,11.609301
1259,9.760843,11.190538
1260,7.989932,8.487597
1261,8.747630,9.371624
1262,9.164170,9.700975
1263,11.199594,11.535837
1264,10.940629,11.828588
1265,11.380322,11.813095
1266,12.023066,12.356809
1267,12.054611,11.752359
1268,9.787029,11.948911
1269,7.977561,8.389307
1270,8.322993,9.312062
1271,8.686422,9.837568
1272,10.448962,11.703594
1273,10.372797,11.205324
1274,11.019044,11.065544
1275,11.429708,11.894647
1276,11.310337,11.261710
1277,8.893259,10.749023
1278,7.961531,8.278167
1279,8.684895,9.226819
1280,9.145939,9.653263
1281,11.226538,11.868901
1282,11.174827,11.839934
1283,11.564487,11.529136
1284,12.091835,12.489182
1285,12.160231,11.784473
1286,9.986619,11.442545
1287,7.948703,8.360986
1288,8.346073,9.528913
1289,8.592505,9.738195
1290,10.491583,12.099570
1291,10.440282,11.392415
1292,11.113257,10.993617
1293,11.783819,12.315292
1294,11.221430,11.334131
1295,8.915627,10.660476
1296,9.072074,8.447573
1297,10.103001,9.643363
1298,10.035743,9.858285
1299,12.728463,11.641897
1300,12.084588,11.882749
1301,12.967150,11.830915
1302,13.347426,12.412366
1303,13.328609,12.017629
1304,11.031093,11.850456
1305,9.389669,8.428380
1306,9.673010,9.417382
1307,9.369452,9.942280
1308,12.447956,11.898386
1309,11.149597,11.742183
1310,12.035757,11.812834
1311,13.031360,11.913773
1312,12.133740,11.579963
1313,9.863327,10.449515
1314,9.555367,8.326485
1315,9.994899,9.819576
1316,9.968287,9.965546
1317,12.934781,11.901366
1318,12.086569,12.017854
1319,12.747283,11.715810
1320,13.626885,12.619091
1321,13.206468,11.504130
1322,11.038692,12.015026
1323,9.181667,8.476239
1324,9.759138,9.867508
1325,9.431821,10.027576
1326,12.347288,12.245274
1327,11.208802,11.767105
1328,12.040960,11.601428
1329,13.090927,12.656673
1330,12.435689,11.771248
1331,9.868830,10.617459
1332,9.011467,8.233660
1333,9.485756,9.542492
1334,9.805274,9.921286
1335,12.500457,11.938140
1336,12.074850,11.951669
1337,12.602458,12.152651
1338,13.104504,12.596342
1339,12.834989,12.038610
1340,10.879456,12.181178
1341,8.807839,8.408756
1342,9.520074,9.506916
1343,9.259731,9.866006
1344,11.905281,11.744796
1345,11.157640,11.388164
1346,11.994863,11.797347
1347,12.284783,12.019586
1348,12.059042,11.862810
1349,9.724987,10.901422
1350,8.819068,8.168399
1351,9.429307,9.341538
1352,9.818724,9.907350
1353,12.298144,11.728594
1354,11.947508,12.043942
1355,12.683941,11.805428
1356,13.316425,12.665504
1357,13.009071,11.511597
1358,10.850705,11.904975
1359,8.795905,8.390784
1360,9.524324,9.481981
1361,9.313020,9.668049
1362,12.203968,11.883590
1363,11.169369,11.505517
1364,11.958422,11.824769
1365,12.751400,12.422522
1366,12.124820,11.349459
1367,9.793896,10.544466
1368,8.486198,8.384689
1369,9.315135,9.500952
1370,9.857582,10.204596
1371,11.279703,11.510955
1372,11.672278,12.038127
1373,12.309534,11.900935
1374,12.047859,12.381400
1375,12.367846,11.410330
1376,10.799276,11.827391
1377,8.653248,8.491142
1378,9.162009,9.540031
1379,9.371469,9.996341
1380,11.309482,11.553407
1381,10.843836,11.575155
1382,11.984303,11.666403
1383,11.546822,12.116726
1384,11.844345,11.558966
1385,9.746135,11.370815
1386,8.778056,8.499733
1387,9.314127,9.489914
1388,9.920532,10.039392
1389,11.387721,11.580379
1390,11.732345,11.924191
1391,12.272814,11.858710
1392,12.094745,12.141912
1393,12.349695,11.688621
1394,10.753136,11.778657
1395,8.697470,8.138226
1396,9.239870,9.445865
1397,9.362124,10.055702
1398,11.111736,12.024320
1399,10.914288,11.732270
1400,11.996970,11.520574
1401,11.796237,12.065305
1402,11.821352,11.560276
1403,9.758290,10.598478
1404,8.595416,8.202837
1405,9.407449,9.408877
1406,9.818237,9.890196
1407,11.318796,11.607661
1408,11.379984,11.732305
1409,12.269912,11.934910
1410,11.974005,11.937758
1411,11.937620,11.511917
1412,10.721622,11.808313
1413,8.571561,8.188015
1414,9.099421,9.575219
1415,9.367889,10.040532
1416,11.298560,11.577305
1417,10.702456,11.762561
1418,11.968769,11.783664
1419,11.231080,11.879737
1420,11.803669,11.465150
1421,9.707450,10.790791
1422,8.505971,8.206356
1423,9.276132,9.391941
1424,9.839251,9.933352
1425,11.307636,11.701686
1426,11.532848,11.932241
1427,12.234255,11.753885
1428,11.894101,12.468349
1429,12.135320,11.335973
1430,10.626427,11.429232
1431,8.704172,8.129055
1432,9.161951,9.452735
1433,9.302374,10.012444
1434,11.141853,11.796048
1435,11.014612,11.898956
1436,11.936368,11.814851
1437,11.773731,12.198544
1438,11.779637,11.861699
1439,9.668757,10.934067
1440,6.380093,7.415823
1441,7.542078,7.993461
1442,8.103491,8.159204
1443,9.576582,10.182098
1444,10.357468,11.495710
1445,11.252624,10.707780
1446,10.589663,11.674577
1447,11.340868,11.044384
1448,9.770824,10.505613
1449,5.989294,7.766920
1450,7.387515,8.289242
1451,7.637198,7.992138
1452,9.315680,10.813402
1453,9.305720,10.417289
1454,10.820286,9.692452
1455,10.620278,11.391929
1456,10.607065,10.181687
1457,8.605964,9.724259
1458,6.483868,7.316802
1459,7.596113,7.593516
1460,7.942338,8.200153
1461,9.882668,10.766996
1462,10.214859,10.837344
1463,11.229592,10.469344
1464,11.027242,11.218155
1465,11.490499,11.054653
1466,9.733782,10.734932
1467,6.267460,7.312052
1468,7.537098,8.329074
1469,7.635903,7.793517
1470,9.156839,10.775096
1471,9.272484,9.880170
1472,10.734680,9.760171
1473,10.341290,11.090745
1474,10.729321,10.089611
1475,8.668858,9.039069
1476,7.117301,7.439052
1477,8.336708,8.588781
1478,9.088315,8.299799
1479,11.089564,11.106833
1480,11.403330,11.513506
1481,12.698103,11.040533
1482,12.679748,11.698374
1483,12.775922,11.610498
1484,11.197270,11.121325
1485,7.292881,7.624401
1486,8.291229,8.680058
1487,8.682054,8.396845
1488,11.045928,11.129975
1489,10.640330,10.447598
1490,12.198967,10.263382
1491,11.760927,11.382606
1492,11.947029,10.632029
1493,9.870102,10.523606
1494,7.512508,7.757075
1495,8.162888,8.374729
1496,9.162099,8.432632
1497,10.923690,11.405472
1498,11.195829,10.995872
1499,12.772536,10.904048
1500,12.587968,11.810145
1501,12.660820,12.170863
1502,11.217498,10.819745
1503,6.934377,7.793938
1504,8.089916,8.560105
1505,8.627439,8.390797
1506,10.492229,10.893748
1507,10.419221,10.807628
1508,12.193185,10.438891
1509,12.039615,11.948000
1510,12.072506,11.408474
1511,9.817867,10.272579
1512,6.781853,7.147022
1513,8.280281,8.507287
1514,9.059952,8.159360
1515,10.992742,11.118303
1516,11.333566,11.509639
1517,12.617688,10.761282
1518,12.342633,11.834297
1519,12.554691,11.828214
1520,11.065821,11.343501
1521,6.678617,7.256718
1522,8.058202,8.724789
1523,8.549527,8.350576
1524,10.269777,10.775002
1525,10.508203,11.426344
1526,12.097187,10.562781
1527,11.594829,11.839521
1528,11.920581,11.127966
1529,9.774771,10.319898
1530,6.872504,7.676892
1531,8.247564,8.458866
1532,8.895059,8.059422
1533,10.903866,11.052268
1534,11.364178,11.269111
1535,12.504454,11.272089
1536,12.262894,11.756604
1537,12.531689,11.816242
1538,11.109684,10.989184
1539,7.400429,7.670575
1540,8.229413,8.682012
1541,8.549435,8.360449
1542,10.793818,11.045500
1543,10.227456,10.913931
1544,12.091169,10.490648
1545,11.578438,11.687387
1546,11.901904,10.873245
1547,9.810403,10.008659
1548,6.828327,7.291993
1549,8.335591,7.906207
1550,9.064454,8.479118
1551,10.689991,10.171732
1552,11.225424,10.621426
1553,12.655041,10.610443
1554,11.418887,10.964131
1555,12.750293,11.134177
1556,10.963856,10.991405
1557,7.092055,7.085804
1558,8.366344,8.231894
1559,8.606981,8.624224
1560,10.293062,10.391899
1561,10.329643,10.615575
1562,12.173978,10.349084
1563,10.981577,10.989033
1564,11.280471,10.606326
1565,9.747967,10.542030
1566,7.057005,6.965328
1567,8.369288,7.898499
1568,9.072968,8.040932
1569,10.707302,10.301703
1570,11.054714,10.759857
1571,12.658671,11.137456
1572,11.431350,11.205476
1573,12.181500,10.779319
1574,11.093383,10.436905
1575,6.937397,6.791885
1576,8.154327,8.103917
1577,8.641773,8.358994
1578,9.944507,10.540987
1579,10.030020,10.268374
1580,12.119540,10.168970
1581,11.020765,10.947116
1582,11.681366,9.897823
1583,9.690989,10.189863
1584,6.873281,7.170876
1585,8.273456,7.990089
1586,9.029974,8.608273
1587,10.183170,10.235628
1588,10.824126,10.888734
1589,12.379189,11.251873
1590,11.350769,10.936276
1591,12.061255,10.848364
1592,10.799002,10.624721
1593,6.796674,6.949607
1594,7.838264,8.062946
1595,8.508024,8.597608
1596,10.126795,10.189268
1597,10.139284,10.504389
1598,12.057681,10.239352
1599,10.717846,10.943874
1600,11.746116,10.165311
1601,9.704717,9.713344
1602,7.065703,6.913921
1603,8.466733,7.928216
1604,8.966616,8.144823
1605,10.382732,10.221962
1606,11.026558,10.412565
1607,12.343053,10.529372
1608,11.252668,11.047061
1609,11.984236,10.714412
1610,10.881280,10.340990
1611,7.156815,7.007242
1612,8.042506,8.152451
1613,8.573498,8.321754
1614,9.941364,10.446653
1615,10.178537,10.215526
1616,12.037402,10.238002
1617,10.884178,10.777777
1618,11.789857,10.406959
1619,9.689101,9.982775
1620,7.964730,8.558812
1621,8.951179,9.220978
1622,9.217794,9.198827
1623,11.237888,11.544955
1624,10.934487,11.397080
1625,11.459633,11.197435
1626,11.772813,12.123023
1627,11.977037,11.282594
1628,9.814466,10.973739
1629,7.813100,8.310753
1630,8.539740,9.337757
1631,8.721632,9.322662
1632,10.630110,11.811617
1633,10.320965,11.266248
1634,10.974829,10.869194
1635,11.574058,11.920633
1636,11.166594,11.725660
1637,8.941724,10.933890
1638,7.801031,8.324747
1639,8.867183,8.976557
1640,9.139759,9.311115
1641,11.284214,11.651250
1642,11.205606,11.379041
1643,11.465789,11.395483
1644,11.986981,12.281913
1645,12.221087,11.785873
1646,9.927301,11.280935
1647,7.517047,8.517309
1648,8.680932,9.112523
1649,8.594558,9.296838
1650,10.517759,11.682688
1651,10.380642,11.032084
1652,11.116020,10.762754
1653,11.454645,11.914301
1654,11.317099,11.219285
1655,8.944802,10.223560
1656,9.506353,8.878714
1657,9.680321,9.044949
1658,10.029756,9.460907
1659,13.194718,11.737466
1660,11.996636,11.511439
1661,12.817020,11.290189
1662,13.299921,12.446589
1663,13.089451,11.223893
1664,11.030559,11.595111
1665,9.430223,8.439309
1666,9.562931,9.423738
1667,9.391843,9.252902
1668,12.176677,12.000379
1669,11.148907,11.275456
1670,12.019239,11.202984
1671,12.901654,11.967793
1672,12.291751,11.372422
1673,9.809248,10.020270
1674,9.535080,8.747383
1675,9.934792,9.566842
1676,9.955729,9.625907
1677,12.951635,11.666837
1678,12.140163,11.439644
1679,12.612195,11.330815
1680,13.547235,12.559342
1681,13.403732,11.618630
1682,11.037936,10.842940
1683,9.485609,8.447665
1684,9.720611,9.479745
1685,9.436914,9.450771
1686,12.301708,12.077697
1687,11.403620,11.519899
1688,12.003575,10.949917
1689,12.868090,12.540892
1690,12.354294,11.629645
1691,9.809832,10.815207
1692,9.121907,8.696211
1693,9.496404,9.139597
1694,10.268661,9.476872
1695,12.299606,11.502857
1696,11.753056,11.436790
1697,12.548760,11.540870
1698,13.427584,12.464187
1699,12.755651,11.733255
1700,10.870503,11.089322
1701,8.758147,8.500259
1702,9.357458,9.285742
1703,9.268232,9.604628
1704,12.353492,11.863010
1705,10.977795,11.470414
1706,11.940985,10.947105
1707,12.892275,12.273321
1708,12.188262,10.874275
1709,9.684240,10.516500
1710,9.158567,8.637792
1711,9.583447,9.173812
1712,9.847564,9.265377
1713,12.562756,11.918631
1714,11.712800,11.305587
1715,12.695165,11.228046
1716,13.279376,12.357951
1717,12.793667,11.757887
1718,10.808857,10.989339
1719,8.768057,8.325693
1720,9.433876,9.263729
1721,9.326749,9.488356
1722,11.880866,11.897406
1723,11.112662,11.176415
1724,11.978899,10.963613
1725,12.611785,12.337810
1726,12.069078,11.555443
1727,9.766964,10.473018
1728,8.610124,8.049178
1729,9.295674,8.771570
1730,9.814720,9.451965
1731,11.299191,11.249304
1732,11.523331,11.645129
1733,12.219679,11.838698
1734,11.864280,12.194425
1735,12.487066,11.020172
1736,10.735590,11.235196
1737,8.705736,8.060086
1738,9.079432,9.294857
1739,9.331985,9.372874
1740,11.054391,11.491582
1741,10.821109,11.411750
1742,11.948269,11.309176
1743,11.585688,11.882269
1744,11.773928,11.578127
1745,9.753412,10.495216
1746,8.567288,7.966770
1747,9.523046,8.568730
1748,9.808207,9.423954
1749,11.457073,11.046268
1750,11.274183,11.171212
1751,12.211115,11.413457
1752,11.718790,11.858507
1753,12.272617,11.432071
1754,10.718856,11.318740
1755,8.637547,7.891777
1756,9.098577,8.943709
1757,9.357158,9.374436
1758,11.377273,11.557313
1759,10.972450,11.214767
1760,11.942906,11.420021
1761,11.515712,12.126892
1762,11.971979,11.591329
1763,9.747246,10.363043
1764,8.530394,7.724550
1765,9.369802,8.514627
1766,9.699819,9.496651
1767,11.258210,11.057739
1768,11.473738,11.219452
1769,12.142294,11.400241
1770,12.030970,11.777671
1771,11.906034,11.041352
1772,10.573367,11.180494
1773,8.397587,7.946244
1774,9.298375,9.005835
1775,9.255138,9.481069
1776,11.202204,10.959771
1777,10.734161,11.287378
1778,11.770087,11.118767
1779,11.547585,11.727299
1780,11.511191,11.277389
1781,9.659629,10.585140
1782,8.693763,7.579573
1783,9.080360,8.661242
1784,9.863654,9.091693
1785,11.451913,11.105413
1786,11.545323,11.186158
1787,12.206137,11.147761
1788,11.876646,11.751191
1789,12.053234,11.291362
1790,10.671036,11.021504
1791,8.304043,7.645239
1792,9.212629,8.718032
1793,9.310181,9.351505
1794,11.417767,11.191644
1795,10.799251,11.194405
1796,11.841420,11.083802
1797,11.505294,12.011885
1798,11.654507,11.324303
1799,9.711315,10.760586
1800,8.030964,8.508524
1801,8.708712,9.067162
1802,9.102767,9.357779
1803,11.167295,11.607168
1804,10.788618,11.332454
1805,11.473961,11.306078
1806,11.962662,12.251934
1807,11.781239,11.577617
1808,9.794582,11.032400
1809,7.850008,8.399413
1810,8.698700,8.854953
1811,8.738386,9.325918
1812,10.491982,11.716143
1813,10.325197,11.244017
1814,11.011909,11.048215
1815,11.352998,12.038172
1816,11.178200,11.355978
1817,8.913782,10.384673
1818,7.791567,8.044711
1819,8.642179,8.921345
1820,9.092937,9.335525
1821,11.235748,11.809962
1822,10.997902,11.600686
1823,11.551708,11.205005
1824,11.998486,12.053119
1825,11.948647,11.417184
1826,9.900275,11.228326
1827,7.739467,8.232985
1828,8.524000,9.140066
1829,8.608961,9.457759
1830,10.772184,11.892574
1831,10.380619,11.595327
1832,11.119833,10.948567
1833,11.535849,11.912724
1834,11.275099,11.213460
1835,8.883711,10.178251
1836,9.369555,8.546966
1837,9.624200,8.978809
1838,10.000148,9.611482
1839,12.570256,11.737604
1840,12.171969,11.490546
1841,12.620672,11.310645
1842,13.459539,12.787659
1843,12.977334,11.065854
1844,11.053276,11.072145
1845,9.110559,8.296552
1846,9.610416,9.428796
1847,9.362795,9.408514
1848,12.385964,11.811719
1849,11.161383,11.026939
1850,12.038328,10.942294
1851,13.120150,12.492576
1852,12.140211,11.517844
1853,9.809086,10.649083
1854,9.550449,8.991857
1855,9.917571,9.081908
1856,10.003079,9.686093
1857,12.942571,11.955454
1858,12.203298,11.419522
1859,12.994317,11.285898
1860,13.677830,12.445753
1861,13.282758,11.568719
1862,11.043234,11.103515
1863,9.476988,8.989640
1864,9.595017,9.384516
1865,9.447638,9.452009
1866,12.680707,11.977741
1867,11.259755,11.180062
1868,11.945274,11.121824
1869,12.661531,12.446709
1870,12.107298,11.529748
1871,9.836331,10.303620
1872,9.030902,8.629638
1873,9.546880,9.273096
1874,9.791647,9.619174
1875,12.231033,11.686209
1876,11.847449,11.382198
1877,12.699364,11.440470
1878,12.913085,12.381829
1879,12.803457,11.784101
1880,10.745316,11.746278
1881,8.682119,8.578145
1882,9.462188,9.094016
1883,9.270433,9.507956
1884,11.866759,11.859122
1885,11.189037,11.393684
1886,11.873250,11.107678
1887,12.846398,12.061583
1888,12.085105,10.890489
1889,9.740385,10.627378
1890,9.270994,8.765523
1891,9.551383,9.202658
1892,9.864890,9.458975
1893,12.625689,11.720742
1894,11.830822,11.393484
1895,12.587761,11.306048
1896,12.998090,12.659740
1897,12.914196,11.666400
1898,10.797617,11.438694
1899,9.101511,8.504611
1900,9.563870,9.022724
1901,9.333425,9.396124
1902,11.848177,11.780484
1903,11.214344,10.966815
1904,11.902174,10.981564
1905,12.802405,12.337684
1906,12.032415,11.519054
1907,9.775647,10.265227
1908,8.541955,7.974426
1909,9.550715,9.084727
1910,9.817149,9.540098
1911,11.362752,11.460466
1912,11.505470,11.426132
1913,12.171976,11.376924
1914,11.713167,12.033014
1915,12.229148,11.544622
1916,10.730227,11.245994
1917,8.602798,8.110903
1918,9.112515,9.102669
1919,9.323014,9.405899
1920,11.026610,11.460036
1921,10.774990,11.436666
1922,11.844191,11.573296
1923,11.557024,11.980639
1924,11.641129,11.173288
1925,9.807774,11.118528
1926,8.332203,7.933862
1927,9.296611,8.644813
1928,9.896606,9.355313
1929,11.400387,11.275076
1930,11.438253,11.269649
1931,12.199258,11.334878
1932,11.824518,12.039711
1933,12.130490,11.515103
1934,10.740652,11.413768
1935,8.601019,7.715816
1936,9.207788,8.936934
1937,9.383895,9.515568
1938,11.151642,11.296308
1939,10.747793,11.058157
1940,11.897421,11.381701
1941,11.513233,12.123062
1942,12.022095,11.680084
1943,9.756762,10.665048
1944,8.390524,7.813848
1945,9.391128,8.851569
1946,9.787006,9.649431
1947,11.254091,10.886374
1948,11.496721,11.272419
1949,12.111493,11.463637
1950,12.001658,11.866314
1951,12.200180,11.489425
1952,10.596237,10.942999
1953,8.221344,7.652360
1954,9.154900,8.802567
1955,9.229532,9.647410
1956,11.126985,11.128584
1957,10.734658,11.151612
1958,11.741028,11.156243
1959,11.462328,11.570921
1960,11.632309,11.848891
1961,9.709174,10.988874
1962,8.466456,7.812194
1963,9.514593,8.731684
1964,9.833735,9.194691
1965,11.441474,10.821391
1966,11.531691,11.250919
1967,12.129745,11.391258
1968,12.027443,11.756293
1969,12.137147,11.106699
1970,10.636641,11.503064
1971,8.712350,7.853518
1972,9.488639,8.669854
1973,9.388600,9.365455
1974,11.089620,11.306627
1975,10.664845,10.891969
1976,11.840408,11.365088
1977,11.489109,11.872717
1978,11.879391,11.525845
1979,9.708608,10.678103
1980,8.009438,8.414232
1981,8.564638,9.028238
1982,9.115515,9.321081
1983,11.040381,11.674629
1984,10.999732,11.679087
1985,11.513813,11.221406
1986,11.921258,12.316896
1987,11.932245,11.566528
1988,9.829841,11.048498
1989,8.010239,8.324593
1990,8.577632,9.350189
1991,8.724787,9.705894
1992,10.648841,11.533769
1993,10.178590,11.282962
1994,10.974683,11.177442
1995,11.543615,12.158326
1996,11.295053,11.794063
1997,8.907894,10.397813
1998,7.922337,8.055358
1999,8.616091,8.816781
2000,9.076303,9.182357
2001,11.281844,11.657619
2002,11.170797,11.190804
2003,11.526978,11.269691
2004,12.015091,12.308521
2005,12.124452,11.545251
2006,9.952467,11.079885
2007,8.021163,8.163512
2008,8.601566,9.190294
2009,8.540043,9.600745
2010,10.606929,11.798873
2011,10.345211,11.023047
2012,11.119948,10.822592
2013,11.557581,12.220556
2014,11.335962,11.569106
2015,8.965273,10.331661
2016,9.090041,8.739561
2017,9.587332,9.220717
2018,9.998785,9.421383
2019,12.751621,11.750471
2020,12.048902,11.534452
2021,12.609071,11.361134
2022,13.334340,12.496215
2023,13.116165,11.557032
2024,10.966073,11.312785
2025,9.205042,8.486893
2026,9.368025,9.364418
2027,9.435055,9.416463
2028,12.519472,11.889192
2029,11.180622,11.320680
2030,11.965773,10.771915
2031,13.041654,12.387815
2032,12.386799,11.125140
2033,9.873664,10.570905
2034,9.400109,8.512768
2035,10.016893,9.597548
2036,10.048370,9.629573
2037,12.966151,12.238893
2038,12.069269,11.734500
2039,12.819947,11.386759
2040,13.394069,12.613394
2041,13.083768,11.705683
2042,11.042467,11.117725
2043,9.274653,8.585287
2044,9.415344,9.148238
2045,9.480262,9.424294
2046,12.336454,12.206429
2047,11.383556,11.738225
2048,12.063967,11.081395
2049,12.864724,12.466978
2050,12.395267,11.002492
2051,9.853502,10.197338
2052,8.584790,8.340259
2053,9.648187,9.018812
2054,9.759268,9.490566
2055,12.428225,11.559608
2056,11.829338,11.332078
2057,12.512584,11.487750
2058,13.497376,12.462758
2059,12.836550,11.759032
2060,10.771989,11.460197
2061,8.559002,8.402453
2062,9.262864,9.404936
2063,9.303905,9.587313
2064,11.728199,12.025135
2065,11.012673,11.489835
2066,11.964355,11.085827
2067,12.801079,12.059646
2068,12.103652,11.385212
2069,9.759397,10.543404
2070,8.954982,8.420612
2071,9.571513,9.194905
2072,9.859964,9.401484
2073,12.176546,11.862911
2074,11.826826,11.334146
2075,12.728264,11.278353
2076,13.442591,12.412838
2077,12.912512,11.498169
2078,10.818899,10.689269
2079,8.587194,8.382836
2080,9.481401,9.395093
2081,9.337730,9.536230
2082,11.892977,12.050834
2083,11.079726,11.446468
2084,12.015697,11.106433
2085,12.573845,12.589171
2086,12.086702,11.440218
2087,9.851362,10.674205
2088,8.743953,8.108108
2089,9.340492,8.967795
2090,9.833525,9.584273
2091,11.327526,11.140653
2092,11.616613,11.727057
2093,12.244833,11.639343
2094,12.099379,12.086563
2095,12.125286,11.687344
2096,10.835932,11.622474
2097,8.632391,8.267584
2098,9.167650,9.188005
2099,9.396128,9.439293
2100,10.968343,11.583291
2101,11.043102,11.554135
2102,11.956711,11.478727
2103,11.275271,11.813653
2104,11.809579,11.521572
2105,9.742390,10.609346
2106,8.337024,7.998524
2107,9.584253,8.900367
2108,9.796278,9.303708
2109,11.416374,11.196702
2110,11.659889,11.314852
2111,12.217015,11.513717
2112,11.870935,12.043400
2113,12.297268,11.554500
2114,10.799448,10.878305
2115,8.310615,7.924911
2116,9.276051,9.110726
2117,9.331381,9.637501
2118,11.001515,11.447931
2119,11.038992,10.870176
2120,11.811169,11.354109
2121,11.354346,11.856936
2122,11.875092,11.014670
2123,9.685650,10.629957
2124,8.574719,8.095438
2125,9.433986,9.028099
2126,9.786673,9.392793
2127,11.498747,10.985475
2128,11.493072,11.303495
2129,12.176009,11.442487
2130,11.780234,11.860732
2131,12.141701,11.406387
2132,10.636021,11.215045
2133,8.454811,7.948306
2134,9.041258,8.978743
2135,9.306871,9.424980
2136,11.279301,11.407896
2137,10.780812,11.583597
2138,11.982022,11.515725
2139,11.546534,11.853056
2140,11.700232,11.220646
2141,9.736250,10.646051
2142,8.466745,7.956529
2143,9.293951,8.510530
2144,9.801015,9.169645
2145,11.304420,11.048575
2146,11.508781,11.587144
2147,12.266689,11.362977
2148,11.804741,11.873857
2149,12.147451,11.432381
2150,10.699617,11.064105
2151,8.684927,8.002264
2152,9.169292,8.707043
2153,9.345421,9.334514
2154,11.026412,11.191730
2155,10.916708,11.124413
2156,11.852962,11.384991
2157,11.472586,11.657064
2158,11.700891,11.313302
2159,9.744842,10.570094
2160,6.338497,7.361235
2161,7.301965,8.004957
2162,8.068850,8.028805
2163,9.848876,10.796565
2164,10.240953,10.498301
2165,11.270913,10.421942
2166,10.939158,11.871563
2167,11.184640,10.569834
2168,9.701591,10.851159
2169,6.401759,7.054355
2170,7.286251,8.064512
2171,7.667984,7.715077
2172,9.593380,10.948243
2173,9.346910,10.038317
2174,10.733793,10.026232
2175,9.973391,11.595067
2176,10.607940,10.763412
2177,8.541167,9.442572
2178,6.478622,7.253761
2179,7.560480,7.510107
2180,7.935098,7.886042
2181,9.860906,10.666660
2182,10.299045,10.320999
2183,11.239767,10.580205
2184,10.800180,11.646111
2185,11.192673,10.856665
2186,9.716710,10.697733
2187,6.197935,7.310023
2188,7.446779,8.057495
2189,7.619298,7.818683
2190,9.423567,10.941909
2191,9.362795,10.578840
2192,10.704037,9.789263
2193,10.249737,11.575049
2194,10.545515,10.376861
2195,8.660527,9.609994
2196,7.232487,7.603047
2197,8.363835,8.703196
2198,9.105171,8.157598
2199,11.037155,11.039305
2200,11.597773,11.311692
2201,12.715434,11.523559
2202,12.444700,12.219023
2203,12.558437,12.085269
2204,11.092926,11.052141
2205,7.063515,7.388885
2206,8.162821,8.563966
2207,8.523740,8.186290
2208,10.580792,11.400948
2209,10.570618,10.766583
2210,12.186481,10.115566
2211,11.762094,11.591724
2212,11.651726,10.724873
2213,9.847382,9.926737
2214,7.154716,7.721024
2215,8.447153,8.531693
2216,9.181734,8.251177
2217,11.066797,11.197495
2218,11.190617,11.461614
2219,12.637792,10.820854
2220,12.246432,12.506395
2221,12.551769,11.175819
2222,11.266687,11.417417
2223,6.896066,7.445737
2224,8.195084,8.941573
2225,8.655621,8.462109
2226,10.607264,11.468545
2227,10.160380,11.450724
2228,12.262957,10.094939
2229,11.438299,12.183420
2230,11.823701,11.254103
2231,9.817353,9.910648
2232,7.032418,7.552241
2233,8.429018,8.710882
2234,9.004813,8.290956
2235,10.842505,10.745054
2236,11.227703,11.217378
2237,12.561686,10.910273
2238,12.182148,11.918773
2239,12.520977,11.767034
2240,11.018366,11.379264
2241,6.926335,7.615246
2242,8.109383,8.365247
2243,8.572012,8.215112
2244,10.443955,10.857387
2245,10.490991,11.120536
2246,12.185349,10.156316
2247,11.010619,11.583469
2248,11.607862,10.859650
2249,9.695196,10.546605
2250,7.055802,7.517323
2251,8.126985,8.431567
2252,8.953451,8.205900
2253,10.867132,11.228865
2254,11.074019,11.222936
2255,12.658315,10.812715
2256,11.961773,12.142215
2257,12.416769,11.578687
2258,11.001605,11.229967
2259,7.170851,7.750160
2260,8.134701,8.921852
2261,8.502060,8.088996
2262,10.370025,11.512442
2263,10.026361,10.755804
2264,12.091890,10.079700
2265,11.030190,11.778748
2266,11.615400,10.592181
2267,9.744757,9.804372
2268,7.140073,7.273751
2269,8.422371,8.400707
2270,9.051783,7.806176
2271,10.325361,10.733791
2272,11.259668,10.932708
2273,12.417975,10.370814
2274,11.344856,11.371819
2275,11.914068,10.978568
2276,10.956011,10.497956
2277,7.265788,7.281565
2278,8.037741,8.454523
2279,8.640386,8.038435
2280,10.297170,10.645905
2281,10.338373,10.578018
2282,12.105059,9.648907
2283,10.865547,11.264700
2284,11.384731,10.560107
2285,9.698307,9.736305
2286,7.300177,7.136444
2287,8.121135,8.115895
2288,9.052702,7.640370
2289,10.346354,10.396785
2290,11.034332,10.757511
2291,12.509655,10.189894
2292,11.283961,11.306477
2293,12.089473,10.699050
2294,10.998984,10.762177
2295,6.978064,6.878484
2296,8.083565,8.250112
2297,8.614765,7.980777
2298,10.177693,10.571590
2299,10.066658,10.490666
2300,12.080580,9.718177
2301,10.687652,11.222562
2302,11.391945,9.991616
2303,9.700154,9.362544
2304,7.171996,6.921098
2305,8.168138,8.047955
2306,8.936535,7.940448
2307,10.009008,10.204948
2308,10.690943,10.586790
2309,12.363185,10.215689
2310,11.128711,11.315781
2311,12.142201,10.453033
2312,10.904263,10.651819
2313,7.260375,6.895025
2314,8.165483,8.355923
2315,8.534485,8.034023
2316,10.142951,10.651300
2317,10.042080,10.405489
2318,11.885110,10.138694
2319,10.499066,11.060100
2320,11.322436,10.267259
2321,9.599747,9.669153
2322,6.799123,6.981816
2323,7.992699,8.197578
2324,8.954845,7.748071
2325,10.448518,10.260476
2326,10.914907,10.739211
2327,12.444016,10.211381
2328,11.378255,11.103639
2329,12.014338,10.552902
2330,10.740288,10.400291
2331,6.863215,6.885803
2332,8.204506,8.152421
2333,8.602036,7.946585
2334,10.054819,10.459961
2335,10.126844,10.382318
2336,11.917329,9.734038
2337,10.692591,11.106439
2338,11.145925,10.713106
2339,9.634484,9.354161
2340,7.878242,8.439498
2341,8.568130,9.173397
2342,9.144910,9.574750
2343,10.997847,11.565935
2344,10.752687,11.317713
2345,11.387572,11.424255
2346,11.829933,12.335566
2347,11.966153,11.830770
2348,9.864036,11.684100
2349,7.940272,8.362490
2350,8.640681,9.304969
2351,8.656515,9.656495
2352,10.576870,11.782453
2353,10.215893,11.548370
2354,10.986091,11.236388
2355,11.252990,11.889308
2356,11.145548,11.789135
2357,8.928367,10.752730
2358,7.647297,8.477499
2359,8.885077,9.096110
2360,9.034353,9.567605
2361,10.909738,11.750572
2362,11.067904,11.637553
2363,11.477723,11.571246
2364,11.880078,12.447711
2365,11.821484,11.827040
2366,9.982286,10.878388
2367,7.459673,8.424107
2368,8.603414,9.495151
2369,8.541757,9.835271
2370,10.504436,12.068659
2371,10.296827,11.564613
2372,11.043184,11.060272
2373,11.506667,12.357157
2374,11.356769,11.369312
2375,8.930599,10.097581
2376,9.360157,8.586175
2377,9.991354,9.514125
2378,9.993630,9.493905
2379,12.721201,11.500523
2380,12.100725,11.581680
2381,12.527636,11.694562
2382,13.478020,12.993487
2383,13.006264,11.973095
2384,10.990046,11.767187
2385,9.418220,8.414845
2386,9.608858,9.334803
2387,9.374928,9.632693
2388,12.102241,11.996486
2389,11.284641,11.741320
2390,11.946630,11.203508
2391,13.169484,12.398113
2392,12.214622,11.900549
2393,9.834546,11.345854
2394,9.357024,8.600835
2395,9.894388,9.564533
2396,10.019570,9.911153
2397,12.882006,11.982954
2398,12.226530,12.101910
2399,12.752516,11.662995
2400,13.584965,12.990691
2401,13.035249,11.861095
2402,10.971160,11.577043
2403,9.117709,8.681660
2404,9.851698,9.482279
2405,9.366973,9.743613
2406,12.290133,12.227943
2407,11.236177,11.857383
2408,11.867937,11.420376
2409,12.712687,12.659592
2410,12.236568,11.898462
2411,9.833089,10.588668
2412,8.928872,8.374599
2413,9.387313,9.292625
2414,9.851962,9.840974
2415,12.100817,11.760134
2416,11.830997,11.901073
2417,12.723730,11.760184
2418,13.018651,12.348166
2419,13.159468,11.358936
2420,10.787844,12.240772
2421,8.740899,8.414173
2422,9.404761,9.383242
2423,9.169399,9.790241
2424,12.245489,11.828600
2425,11.243958,11.536132
2426,11.785587,11.556660
2427,12.478218,12.066308
2428,12.134830,11.542509
2429,9.741860,10.352301
2430,8.891095,8.372800
2431,9.293180,9.331905
2432,9.812576,9.725585
2433,12.476156,12.031376
2434,11.941568,11.641989
2435,12.814194,11.949624
2436,13.384106,12.622821
2437,12.730841,12.150550
2438,10.873523,11.329874
2439,8.685654,8.322477
2440,9.398094,9.613090
2441,9.291069,9.960315
2442,12.092062,11.941637
2443,10.950855,11.851707
2444,11.960880,11.433582
2445,12.774533,12.395955
2446,12.009670,11.393643
2447,9.748911,10.138420
2448,8.630531,8.033445
2449,9.358184,9.167488
2450,9.740315,9.856354
2451,11.527296,11.278180
2452,11.679846,11.611102
2453,12.191916,11.747250
2454,11.823182,11.988986
2455,12.214800,12.013215
2456,10.846077,11.524253
2457,8.442976,7.925323
2458,9.440232,9.124030
2459,9.263441,9.890633
2460,10.893953,11.393204
2461,10.782667,11.668046
2462,11.873510,11.555737
2463,11.253404,11.858333
2464,11.622849,11.948768
2465,9.720412,11.154286
2466,8.786593,8.031923
2467,9.456706,9.119461
2468,9.856528,9.749285
2469,11.557085,11.274195
2470,11.450252,11.630427
2471,12.170223,11.611990
2472,11.620363,12.205125
2473,12.386613,11.287851
2474,10.793348,11.294620
2475,8.820984,7.912554
2476,9.357198,9.119631
2477,9.265584,9.810329
2478,11.638436,11.646646
2479,10.914158,11.774366
2480,11.867919,11.369575
2481,11.670023,12.185465
2482,11.646137,11.759327
2483,9.844490,10.519341
2484,8.481005,7.693191
2485,9.125114,8.972690
2486,9.798439,9.487404
2487,11.365309,10.807394
2488,11.247143,11.273921
2489,12.189697,11.664557
2490,11.982641,11.842948
2491,12.154566,11.729037
2492,10.715626,11.742277
2493,8.720732,7.778364
2494,9.238996,9.082906
2495,9.276832,9.780248
2496,10.997580,11.098120
2497,10.789259,11.323131
2498,11.773472,11.578759
2499,11.477151,11.604442
2500,11.730958,11.439256
2501,9.703558,11.080187
2502,8.748199,7.623789
2503,9.447343,8.948391
2504,9.760750,9.549893
2505,11.635668,11.142999
2506,11.427338,11.349411
2507,12.217220,11.511759
2508,11.876956,12.056577
2509,12.189863,11.361034
2510,10.647001,11.593813
2511,8.572412,7.863962
2512,9.100136,9.158239
2513,9.294809,9.803011
2514,11.281149,11.369413
2515,10.531231,11.213445
2516,11.835482,11.192118
2517,11.494613,11.846434
2518,11.931729,12.044086
2519,9.752702,11.437532
2520,7.908350,8.517509
2521,8.731717,9.484434
2522,9.168778,9.688356
2523,11.107665,11.487679
2524,10.735383,11.407394
2525,11.417069,11.379199
2526,12.207908,12.271456
2527,11.729792,11.394864
2528,9.851768,11.695596
2529,7.945765,8.436111
2530,8.738765,9.307164
2531,8.713841,9.760148
2532,10.588028,11.708220
2533,10.268541,11.440121
2534,11.000257,11.351341
2535,11.293251,12.249353
2536,11.232662,12.099583
2537,8.959876,11.340237
2538,8.072142,8.385129
2539,8.693452,9.105752
2540,9.111364,9.597499
2541,11.304320,11.794332
2542,11.160049,11.608665
2543,11.489324,11.611122
2544,11.521567,12.583616
2545,11.913099,11.686676
2546,9.990554,10.962827
2547,8.070565,8.288991
2548,8.381065,9.472186
2549,8.508174,9.734573
2550,10.726160,12.060601
2551,10.277805,11.460989
2552,10.958101,11.039556
2553,11.332565,12.208108
2554,11.497244,10.888435
2555,8.856374,10.284729
2556,9.071107,8.758399
2557,9.755021,9.458357
2558,9.966291,9.549212
2559,13.221973,11.720005
2560,12.037934,11.575603
2561,12.399893,11.851389
2562,13.117190,12.363833
2563,13.136531,11.551840
2564,10.981626,11.910137
2565,9.419488,8.483025
2566,9.581557,9.298301
2567,9.366737,9.760255
2568,12.433542,11.908584
2569,11.241736,11.371541
2570,11.929030,11.311969
2571,12.457103,12.289392
2572,12.303227,11.284254
2573,9.794046,10.828504
2574,9.104248,8.597374
2575,9.768288,9.430723
2576,10.019871,9.836761
2577,12.726006,12.162580
2578,12.242218,11.842589
2579,12.707339,11.466533
2580,13.594358,12.644616
2581,13.182136,11.895303
2582,10.983730,11.861332
2583,9.113781,8.627661
2584,9.714383,9.457237
2585,9.411495,9.988729
2586,12.514592,12.538282
2587,11.317877,11.928623
2588,11.831103,11.381313
2589,12.792020,12.725481
2590,12.112595,11.191522
2591,9.798084,10.349759
2592,8.973225,8.317859
2593,9.633571,9.580346
2594,9.790331,9.895741
2595,12.405958,11.812084
2596,11.792398,11.678699
2597,12.481526,11.678888
2598,12.845901,12.642728
2599,12.855391,12.267095
2600,10.791331,12.070211
2601,9.128557,8.501575
2602,9.335584,9.599181
2603,9.233797,9.890849
2604,11.706240,11.797746
2605,10.969628,11.621501
2606,11.851866,11.191893
2607,12.448509,12.386856
2608,12.118057,11.545912
2609,9.802641,10.700747
2610,9.029058,8.458998
2611,9.537763,9.543598
2612,9.815456,9.786178
2613,12.336208,11.824656
2614,11.884478,11.567713
2615,12.640598,11.659755
2616,13.058515,12.539218
2617,12.853824,11.439325
2618,10.820782,11.773155
2619,8.849583,8.499344
2620,9.527765,9.624056
2621,9.302608,9.816792
2622,12.149836,12.054868
2623,11.200539,11.650817
2624,11.897546,11.403666
2625,12.400990,12.232301
2626,12.002394,11.576364
2627,9.807815,10.600273
2628,8.526673,8.110016
2629,9.344221,9.119608
2630,9.789187,9.628840
2631,11.433733,11.244247
2632,11.556017,11.513656
2633,12.150799,11.858117
2634,11.994818,12.082780
2635,12.325497,11.737725
2636,10.714980,11.745184
2637,8.601276,8.112267
2638,9.083622,9.149999
2639,9.280823,9.762762
2640,11.177176,11.436205
2641,10.698286,11.575657
2642,11.844049,11.611489
2643,11.381606,11.842039
2644,11.762699,11.498904
2645,9.688681,10.746460
2646,8.585690,7.974011
2647,9.362334,8.923194
2648,9.852160,9.622431
2649,11.423435,11.564291
2650,11.457906,11.415752
2651,12.265936,11.480353
2652,12.020546,12.370449
2653,12.190709,11.529116
2654,10.715656,11.255280
2655,8.732473,8.133407
2656,9.295225,8.991559
2657,9.293798,9.647118
2658,11.343884,11.556436
2659,10.760227,11.304912
2660,11.909004,11.346003
2661,11.590731,11.869005
2662,11.795956,11.684896
2663,9.728971,10.848682
2664,8.528214,7.906409
2665,9.348780,9.000675
2666,9.696881,9.550817
2667,11.373983,11.045018
2668,11.359598,11.411988
2669,12.171278,11.612647
2670,11.958080,11.840211
2671,12.180372,11.658784
2672,10.662917,11.208420
2673,8.532332,7.816372
2674,9.268733,9.197859
2675,9.277345,9.708715
2676,11.019126,11.087160
2677,10.528531,11.384492
2678,11.752672,11.552541
2679,11.317984,11.621864
2680,11.780329,11.754887
2681,9.642547,11.081590
2682,8.577014,7.662078
2683,9.483545,9.218566
2684,9.765483,9.528606
2685,11.492391,11.165076
2686,11.460229,11.392419
2687,12.232600,11.389965
2688,11.908879,11.760794
2689,12.186033,11.893745
2690,10.683651,11.201297
2691,8.303563,7.902911
2692,9.274548,9.106646
2693,9.266311,9.975636
2694,11.067830,11.312377
2695,10.892496,11.160830
2696,11.711676,11.328771
2697,11.334945,11.679026
2698,11.717701,11.777191
2699,9.661205,10.997438
2700,7.918131,8.438524
2701,8.925434,9.449327
2702,9.107866,9.750069
2703,10.937968,11.361701
2704,10.884728,11.363427
2705,11.457458,11.508529
2706,11.805668,12.312776
2707,11.777925,11.154852
2708,9.842102,11.241707
2709,7.975102,8.654210
2710,8.673960,9.551624
2711,8.665777,9.870038
2712,10.367781,11.341651
2713,10.206008,11.342163
2714,11.000022,10.964584
2715,11.151877,11.978836
2716,11.199855,11.123543
2717,8.865046,10.561304
2718,7.843405,8.278142
2719,8.752540,9.337449
2720,9.080849,9.637161
2721,11.023459,11.422859
2722,11.090685,11.400935
2723,11.501719,11.589373
2724,12.028728,12.482537
2725,11.910325,11.949643
2726,9.947120,11.299690
2727,7.743973,8.501564
2728,8.496773,9.303336
2729,8.542968,9.878821
2730,10.556375,11.582768
2731,10.239863,11.172609
2732,10.851965,11.014987
2733,11.437227,12.461554
2734,11.178798,11.349047
2735,8.964143,10.676751
2736,9.221949,8.631656
2737,9.611145,9.307317
2738,9.984207,9.559737
2739,12.606302,11.610681
2740,12.218067,11.422132
2741,12.778157,11.598699
2742,13.234973,12.282847
2743,13.061945,11.805874
2744,11.034412,11.934395
2745,9.416506,8.774314
2746,9.774395,9.396582
2747,9.380654,9.624592
2748,12.392615,11.908534
2749,11.126839,11.145372
2750,11.990206,11.332705
2751,12.915286,12.149016
2752,12.323261,11.756150
2753,9.808908,11.228755
2754,9.121640,8.576801
2755,9.662987,9.506743
2756,9.956644,9.761563
2757,12.612179,12.059547
2758,11.862635,11.899884
2759,12.597890,12.036568
2760,13.171348,12.712429
2761,13.280214,11.613220
2762,11.036886,11.625526
2763,8.850224,8.630859
2764,9.545847,9.666175
2765,9.434062,10.261732
2766,11.986533,12.488286
2767,11.259522,11.520445
2768,11.918950,11.525032
2769,12.647846,12.544236
2770,12.035288,11.676993
2771,9.794250,10.865299
2772,8.605584,8.416574
2773,9.575001,9.518506
2774,9.837270,9.981421
2775,12.118307,11.575951
2776,11.695539,11.781430
2777,12.369256,11.831914
2778,13.014654,12.284337
2779,12.811889,11.407185
2780,10.884629,12.216672
2781,8.996786,8.616601
2782,9.317918,9.750264
2783,9.271811,10.108467
2784,12.220406,11.870750
2785,11.022061,11.373296
2786,11.951969,11.622756
2787,12.264042,12.272439
2788,12.012525,11.956699
2789,9.791222,11.048393
2790,8.966716,8.425471
2791,9.246098,9.500405
2792,9.850668,9.805173
2793,12.578606,12.077545
2794,11.937588,11.654580
2795,12.532321,11.638505
2796,12.706375,12.706460
2797,12.800720,11.875195
2798,10.766094,11.622193
2799,8.876612,8.622773
2800,9.426871,9.392413
2801,9.267620,9.804937
2802,11.874405,12.159458
2803,11.102936,11.667540
2804,11.861921,11.027855
2805,12.555455,12.627631
2806,12.190589,11.706892
2807,9.793421,10.801619
2808,8.725740,7.947799
2809,9.225338,9.220824
2810,9.813171,9.787864
2811,11.251284,11.223510
2812,11.347818,11.566759
2813,12.286128,11.731844
2814,11.825640,12.634749
2815,12.125486,11.331743
2816,10.703918,11.571512
2817,8.374704,8.078587
2818,9.322716,9.315243
2819,9.272476,9.861523
2820,11.334487,11.375099
2821,10.716223,11.387144
2822,11.762914,11.419932
2823,11.541242,11.631796
2824,11.797197,11.898966
2825,9.700450,11.428365
2826,8.427917,7.946214
2827,9.336897,9.151588
2828,9.839180,9.794792
2829,11.660311,11.649826
2830,11.431799,11.730247
2831,12.190319,11.678411
2832,11.719531,12.242121
2833,12.123585,11.769541
2834,10.632724,11.565434
2835,8.871251,7.766994
2836,9.399006,9.048816
2837,9.359607,9.730668
2838,10.811243,11.621460
2839,10.789660,11.442690
2840,11.944048,11.287410
2841,11.621105,11.893927
2842,11.684661,10.998940
2843,9.772895,11.087151
2844,8.638373,7.954659
2845,9.290443,9.103429
2846,9.761169,9.734149
2847,11.086809,11.027355
2848,11.415318,11.521999
2849,12.139156,11.553758
2850,11.605377,11.910929
2851,12.135111,11.230815
2852,10.596256,11.602188
2853,8.360551,7.882470
2854,9.142746,9.140657
2855,9.261890,9.624106
2856,10.864244,11.216352
2857,10.562940,11.068320
2858,11.749873,11.584143
2859,11.647519,11.523586
2860,11.779236,11.318586
2861,9.652186,10.735245
2862,8.497263,7.615634
2863,9.343186,8.861562
2864,9.801725,9.629491
2865,11.386294,11.263362
2866,11.441198,11.749564
2867,12.115260,11.564674
2868,11.682423,11.756680
2869,12.266855,11.619349
2870,10.679603,11.691673
2871,8.470574,8.070075
2872,9.146813,9.079877
2873,9.261047,9.825873
2874,11.431121,11.453190
2875,10.785400,11.422322
2876,11.920271,11.532526
2877,11.376995,11.713361
2878,11.627842,11.417950
2879,9.696627,11.078390
0,6.548884,7.650093
1,7.642613,8.389594
2,8.100480,8.601716
3,9.595444,10.993714
4,10.259557,11.257959
5,11.299852,11.085661
6,11.328315,11.971018
7,11.508778,11.487204
8,9.801307,11.402574
9,6.649521,7.571490
10,7.274198,8.191490
11,7.631399,8.398342
12,9.439336,10.577927
13,9.338513,10.329819
14,10.672793,10.527094
15,10.521166,11.560340
16,10.798777,10.992131
17,8.660966,10.381261
18,6.637428,7.115711
19,7.437243,7.421198
20,8.092285,8.202508
21,9.749872,10.770797
22,10.473785,11.136167
23,11.269661,10.697495
24,11.130439,11.711979
25,11.297537,11.228515
26,9.790415,11.190864
27,6.625197,7.261933
28,7.059750,8.088557
29,7.693800,8.251455
30,9.618723,10.971224
31,9.491176,10.382612
32,10.777071,10.479360
33,10.689093,11.568106
34,10.755680,11.009304
35,8.634730,10.426433
36,7.014446,7.675390
37,8.421896,8.712815
38,9.080783,8.669551
39,11.158369,10.894549
40,11.447895,11.743960
41,12.668978,11.290620
42,12.588353,11.910380
43,12.768017,11.697893
44,11.314333,11.464884
45,7.224778,7.406163
46,8.274187,8.451425
47,8.561307,8.691261
48,10.335980,11.135538
49,10.685638,11.106376
50,12.163777,10.755726
51,11.888550,11.721897
52,12.247290,11.494791
53,9.839072,10.630263
54,7.393827,7.227859
55,8.109274,8.444606
56,9.100076,8.501865
57,11.103928,10.950583
58,11.247478,11.570330
59,12.690639,11.113772
60,12.207135,11.678647
61,12.590771,11.700189
62,11.275767,11.620502
63,6.893900,7.316787
64,8.087925,8.402957
65,8.596801,8.565737
66,10.627584,10.943227
67,10.706057,10.980929
68,12.147187,10.539927
69,11.760056,11.813848
70,11.978800,11.338721
71,9.862255,10.931623
72,7.001044,7.516857
73,8.264133,8.379512
74,8.908717,8.663975
75,11.106312,10.964414
76,11.065703,11.458649
77,12.682910,11.401512
78,11.757112,11.904627
79,12.287697,11.724558
80,11.072758,11.434453
81,6.846085,7.457346
82,8.153981,8.467150
83,8.534811,8.776661
84,10.455290,11.013500
85,10.072798,11.280813
86,12.182386,10.968164
87,11.739291,11.925767
88,11.491102,11.549541
89,9.750259,10.743459
90,7.138999,6.983894
91,8.246609,8.075260
92,9.024246,8.510126
93,10.772993,11.025967
94,11.193208,11.528373
95,12.567859,11.621310
96,12.156335,11.582617
97,12.577447,11.633019
98,11.078874,11.400146
99,6.874943,7.292848
100,7.891176,8.351612
101,8.660874,8.491567
102,10.621510,10.957362
103,10.311663,10.958880
104,12.196898,10.616600
105,11.364392,11.838677
106,11.753377,11.266613
107,9.747460,10.762146
108,7.006950,7.550848
109,8.329243,8.536656
110,9.057058,9.374722
111,10.538099,10.898937
112,11.044018,11.565519
113,12.575619,11.909579
114,11.358120,11.733707
115,11.979896,11.559585
116,10.980420,11.609507
117,7.125152,7.377172
118,8.248548,8.628832
119,8.575079,9.377176
120,10.194901,11.030091
121,10.238242,11.476758
122,11.953594,11.464738
123,10.954619,11.453562
124,11.495880,11.329367
125,9.740376,10.680124
126,7.444455,7.144757
127,8.515429,8.044207
128,9.073457,9.214977
129,10.502365,11.019218
130,11.331626,11.273149
131,12.584059,11.385495
132,11.472045,11.681901
133,12.205663,11.850154
134,11.028890,11.415774
135,7.234855,6.960433
136,8.105181,8.221359
137,8.688663,8.945862
138,10.264769,10.971070
139,10.122548,11.050185
140,12.181885,11.185491
141,10.943509,11.622952
142,11.904325,11.257111
143,9.752028,11.018308
144,6.962493,7.240228
145,8.197591,8.493224
146,8.970505,9.252830
147,10.502197,10.739446
148,11.019188,11.537968
149,12.386556,11.760302
150,11.386113,11.802484
151,12.312416,11.311044
152,10.825782,11.708900
153,7.356561,7.376090
154,7.857472,8.343499
155,8.570696,9.344924
156,10.186155,10.940301
157,10.174493,11.314263
158,11.942318,11.735800
159,10.930167,11.467436
160,11.792961,11.479824
161,9.697885,11.064853
162,7.018335,7.134836
163,8.385637,8.285332
164,9.055296,9.137225
165,10.471325,10.849750
166,11.072759,11.566640
167,12.592629,11.499891
168,11.370822,11.701657
169,12.067286,11.678286
170,10.818329,11.329668
171,7.146695,7.035422
172,8.124960,8.280437
173,8.625776,9.177671
174,10.051507,10.910615
175,10.171932,11.037978
176,12.022122,11.057014
177,10.874642,11.204216
178,11.431265,11.018529
179,9.647223,10.994133
180,8.110620,8.623848
181,8.658734,9.543386
182,9.170711,9.523264
183,11.185555,11.836193
184,10.806206,11.876986
185,11.435768,11.604840
186,12.138362,12.321666
187,11.957806,11.664889
188,9.926633,11.341316
189,7.792051,8.864043
190,8.572338,9.269729
191,8.760229,9.928787
192,10.682684,12.068243
193,10.034138,11.690899
194,11.038511,11.159152
195,11.404192,12.158697
196,11.317799,11.498942
197,8.994864,10.811184
198,7.814119,8.381888
199,8.604819,8.963198
200,9.138153,9.729220
201,10.984947,12.073498
202,11.254128,11.879281
203,11.686789,11.622520
204,12.055316,12.441805
205,12.156510,11.592402
206,9.912196,11.388516
207,7.997458,8.531522
208,8.481897,9.038587
209,8.572048,9.848301
210,10.710794,12.086402
211,10.367814,11.469939
212,11.087451,11.321227
213,11.313566,12.442460
214,11.318816,11.741721
215,8.874644,10.950750
216,9.354453,8.638182
217,9.922846,9.404514
218,10.004582,9.925488
219,12.787715,12.295765
220,12.055155,12.108790
221,12.734110,11.908952
222,13.712121,12.711052
223,12.960906,11.798043
224,11.034971,11.582284
225,9.325264,8.611145
226,9.823966,9.635278
227,9.428654,9.955706
228,12.410146,11.908183
229,11.221918,11.766916
230,12.112471,11.327831
231,12.928691,12.515896
232,12.352411,11.522460
233,9.852610,11.061263
234,9.409646,8.285773
235,9.723991,9.303581
236,10.053873,10.083379
237,12.719637,12.094796
238,11.972578,11.991481
239,12.708697,11.817442
240,13.536496,12.970081
241,13.358487,11.749166
242,11.060542,11.674253
243,8.772810,8.367279
244,9.563102,9.194397
245,9.445535,9.706779
246,12.497025,12.441282
247,11.437784,11.937029
248,12.106420,11.507598
249,12.915890,12.658483
250,12.236517,11.571820
251,9.832008,10.974873
252,8.665318,8.427823
253,9.559754,9.458986
254,9.860737,9.833652
255,12.556700,12.052673
256,11.994629,11.985385
257,12.403000,12.036652
258,13.077191,12.633760
259,12.922345,11.705236
260,10.879003,11.658150
261,9.092963,8.557973
262,9.604512,9.640265
263,9.234612,9.964417
264,12.042612,11.985627
265,11.195396,11.500009
266,11.956440,11.392399
267,12.606424,12.304005
268,12.132807,11.852067
269,9.801883,10.914641
270,8.567828,8.168845
271,9.591242,9.173151
272,9.822720,9.737181
273,12.601116,12.248491
274,11.953535,12.109743
275,12.531660,11.822981
276,13.197035,12.852892
277,12.881403,11.860043
278,10.847052,11.744339
279,8.645522,8.255843
280,9.674115,9.108005
281,9.332320,9.910546
282,12.227468,12.156643
283,11.242453,11.808366
284,11.953808,11.261790
285,12.643834,12.457965
286,12.108089,11.622687
287,9.842684,11.175676
288,8.813301,8.472267
289,9.434677,9.512946
290,10.169701,10.027020
291,11.455560,11.907701
292,11.472587,11.803502
293,12.292157,11.807241
294,11.715698,12.123562
295,12.291677,12.045176
296,10.780085,11.675743
297,8.570959,8.477877
298,9.401371,9.322733
299,9.319165,9.974367
300,10.916542,12.020053
301,11.072323,11.529347
302,11.937553,11.282029
303,11.508696,11.987659
304,11.740183,11.258839
305,9.785257,11.179042
306,8.719980,8.030208
307,9.408566,9.156542
308,9.811819,9.779659
309,11.328142,11.943859
310,11.680061,11.830398
311,12.448242,11.671586
312,12.152333,12.295686
313,12.460064,11.711952
314,10.866539,11.423138
315,8.763801,8.329993
316,9.449257,9.016098
317,9.394650,9.934590
318,11.259069,12.138425
319,10.909129,11.611569
320,11.997724,11.592703
321,11.403542,12.505721
322,11.803440,11.616066
323,9.723243,10.889950
324,8.676794,8.418656
325,9.632952,9.415941
326,10.023536,10.021971
327,11.306977,11.737170
328,11.292568,11.859971
329,12.254576,12.012446
330,11.811732,12.308739
331,12.436262,11.708987
332,10.684687,11.532927
333,8.325366,8.342243
334,9.257062,9.533553
335,9.369461,9.832544
336,11.276466,11.899022
337,10.681635,11.602780
338,12.009655,11.424339
339,11.715626,11.982476
340,12.020927,11.485577
341,9.830571,10.847659
342,8.633712,8.072854
343,9.370991,9.083338
344,9.899996,9.800123
345,11.460933,11.830967
346,11.536320,11.895508
347,12.326446,11.645590
348,11.982146,12.349776
349,12.199314,11.756060
350,10.794250,11.578080
351,8.282047,8.262812
352,9.066921,9.224465
353,9.303609,9.850964
354,11.159410,12.080517
355,10.864199,11.766773
356,12.008863,11.319486
357,11.638872,12.452222
358,11.827785,11.362670
359,9.802807,11.141535
360,8.053144,8.556717
361,8.827997,9.393278
362,9.164596,9.789599
363,11.178102,11.797075
364,11.022750,11.588863
365,11.576949,11.715727
366,11.844488,12.499759
367,12.036152,11.706949
368,9.903243,11.482747
369,7.848021,8.439717
370,8.528527,9.574183
371,8.680371,9.724845
372,10.293178,12.067537
373,10.409680,11.468490
374,11.050463,11.216961
375,11.714725,12.171440
376,11.269947,11.440166
377,8.932243,10.702413
378,7.973531,8.414387
379,8.683819,8.951735
380,9.117709,9.734113
381,11.141992,12.055755
382,11.054782,11.650034
383,11.549249,11.739569
384,12.050305,12.513002
385,12.048681,11.638477
386,10.030605,11.411098
387,7.895318,8.560681
388,8.751514,8.898082
389,8.612194,9.865064
390,10.713967,12.086409
391,10.196447,11.674837
392,11.085339,11.241731
393,11.333689,12.199968
394,11.347870,11.402741
395,8.950270,10.724345
396,9.082030,8.639140
397,10.071869,9.497396
398,9.930230,10.059645
399,13.442032,11.970604
400,12.191316,12.049263
401,12.766781,11.828268
402,13.656122,12.487385
403,13.130603,11.983482
404,11.022853,11.731027
405,8.957234,8.590861
406,9.622988,9.525249
407,9.353086,9.946269
408,12.290221,12.257079
409,11.122738,11.713608
410,12.165837,11.312099
411,12.966599,12.287983
412,12.243454,11.421426
413,9.876424,10.838029
414,9.550046,8.393885
415,9.677638,9.284826
416,10.058529,9.927523
417,13.004578,12.304807
418,12.294268,11.941986
419,12.773458,11.697841
420,13.453753,12.547416
421,13.312488,11.805700
422,11.032938,11.724137
423,9.295485,8.406572
424,9.634791,9.129957
425,9.452973,9.861970
426,12.375583,12.171178
427,11.434074,11.783192
428,12.190870,11.381398
429,12.954583,12.491199
430,12.170792,11.616443
431,9.841954,11.109488
432,8.630716,8.365232
433,9.707204,9.430657
434,9.809906,10.171120
435,12.183990,12.061807
436,12.043583,11.933919
437,12.536406,11.929727
438,13.349131,12.504642
439,13.036008,12.118182
440,10.835249,11.707633
441,9.112337,8.604587
442,9.372470,9.461563
443,9.299245,9.847388
444,11.810361,11.776617
445,11.132518,11.677945
446,12.013217,11.507186
447,12.825266,12.240204
448,12.048025,11.425746
449,9.734394,11.130239
450,8.781528,8.138513
451,9.406039,9.346249
452,9.814715,9.933754
453,12.633286,11.973325
454,11.862354,11.884778
455,12.603848,11.802632
456,12.973951,12.458967
457,13.004274,11.622622
458,10.873637,11.654192
459,8.882846,8.255018
460,9.214341,9.128740
461,9.342177,9.992906
462,11.820507,12.005939
463,11.278944,11.577943
464,11.955299,10.683956
465,12.537056,12.395266
466,11.960629,11.531150
467,9.805880,10.995682
468,8.684576,8.326500
469,9.456800,9.384923
470,9.820204,10.168754
471,11.462584,11.970190
472,11.634551,11.932131
473,12.273186,11.773362
474,11.981209,12.304270
475,12.421985,11.664810
476,10.703251,11.509288
477,8.428543,8.514507
478,9.270199,9.512668
479,9.372181,9.924360
480,11.062480,12.014911
481,10.691778,11.536812
482,11.989213,11.159327
483,11.485128,12.181359
484,11.736464,11.283062
485,9.749879,10.937931
486,8.959576,8.169253
487,9.469427,9.001861
488,10.013330,10.009212
489,11.622515,12.058482
490,11.510292,11.897313
491,12.363805,11.677093
492,11.986240,12.401104
493,12.354764,11.671276
494,10.824355,11.566844
495,8.720101,8.293261
496,9.326790,9.179617
497,9.380804,9.657557
498,11.092253,11.967525
499,10.767621,11.611603
500,12.065327,11.266171
501,11.414383,12.449759
502,11.823696,11.411941
503,9.744283,10.995625
504,8.394026,8.442687
505,9.528717,9.524776
506,9.814001,10.007363
507,11.682235,11.974548
508,11.512262,11.768169
509,12.171013,11.708489
510,11.647346,12.134241
511,12.115965,11.626224
512,10.626384,11.533428
513,8.754123,8.684566
514,9.400615,9.459248
515,9.343575,10.057849
516,10.996904,11.698965
517,11.040573,11.680307
518,11.908756,11.403625
519,11.260978,12.155699
520,11.921555,11.492447
521,9.728873,11.193215
522,8.552970,8.107468
523,9.638898,9.323953
524,9.891503,9.701314
525,11.466813,11.966303
526,11.484218,11.980365
527,12.199713,11.861953
528,11.722294,12.494267
529,12.204445,11.589231
530,10.717295,11.362397
531,8.572931,8.314240
532,9.286077,9.261913
533,9.303674,9.836817
534,11.116611,12.008851
535,10.793881,11.515709
536,11.957668,11.342315
537,11.544563,12.139874
538,11.655674,11.436820
539,9.734655,11.106678
540,8.034879,8.579147
541,8.918580,9.259244
542,9.215468,9.823790
543,11.248212,11.854854
544,11.033295,11.974658
545,11.463654,11.587880
546,12.158488,12.304998
547,11.914996,11.505039
548,9.856694,11.307867
549,7.956213,8.582101
550,8.591050,9.551823
551,8.712081,9.981105
552,10.550556,12.045717
553,10.351205,11.352623
554,11.089679,11.241051
555,11.196555,12.204353
556,11.137567,11.563187
557,8.915861,9.994817
558,7.934835,8.269141
559,8.828480,8.980815
560,9.130676,9.624002
561,11.340035,12.067268
562,11.107351,12.136397
563,11.672473,11.670447
564,12.221127,12.410262
565,12.082220,11.681401
566,9.950896,11.386929
567,8.014700,8.103317
568,8.620358,9.170113
569,8.491414,9.800849
570,10.493470,12.279814
571,10.211125,11.717190
572,11.112963,11.162293
573,11.484280,12.350094
574,11.482277,11.548553
575,8.950048,10.831126
576,9.184370,8.828012
577,9.588312,9.434654
578,10.073833,10.022652
579,12.557107,12.046496
580,12.164959,12.016474
581,12.769641,11.892072
582,13.587786,12.620430
583,13.327899,11.779015
584,11.038674,11.369963
585,8.876496,8.504497
586,9.719471,9.398613
587,9.453124,9.926188
588,12.274727,12.040989
589,11.218344,11.813421
590,12.155370,11.495902
591,12.938919,12.250360
592,12.430948,11.582319
593,9.877315,11.112215
594,9.171918,8.140145
595,9.874640,9.142990
596,10.003761,9.891050
597,12.872633,12.028413
598,12.182869,12.354861
599,12.751774,11.909347
600,13.670453,12.773833
601,13.095726,11.794085
602,11.062169,11.317102
603,9.163177,8.513815
604,9.496252,9.286476
605,9.396307,9.934959
606,12.493540,12.268745
607,11.432382,11.969207
608,12.048989,11.466056
609,12.981148,12.683765
610,12.560929,11.751130
611,9.871565,11.125804
612,8.840228,8.563902
613,9.686765,9.415924
614,9.765123,9.988553
615,12.379217,11.863952
616,11.993019,11.877800
617,12.703720,12.255411
618,12.983155,12.637959
619,13.148867,11.784562
620,10.867429,11.872949
621,8.835056,8.276494
622,9.272749,9.383593
623,9.274297,10.086626
624,11.670569,11.943880
625,11.045298,11.613702
626,11.977319,11.543073
627,12.641221,12.259567
628,12.143401,11.824373
629,9.835961,11.001258
630,8.811792,8.313578
631,9.849517,9.264052
632,9.856289,9.899998
633,12.522583,12.090247
634,11.776875,12.304098
635,12.752814,11.798618
636,13.080080,12.817904
637,12.811283,12.239799
638,10.927408,11.578869
639,8.845558,8.352025
640,9.416703,9.559531
641,9.314888,9.663761
642,11.946348,12.105597
643,11.290577,11.706595
644,12.032427,11.346294
645,12.972502,12.663898
646,12.064178,11.867739
647,9.849517,10.789038
648,8.702250,8.380715
649,9.582230,9.528897
650,9.848047,10.037016
651,11.376287,11.942918
652,11.611677,11.941924
653,12.345481,11.844593
654,11.986131,12.269644
655,12.235062,11.867189
656,10.861908,11.227359
657,8.724984,8.514421
658,9.490800,9.406370
659,9.327681,10.202457
660,11.160347,11.697740
661,10.950870,11.737741
662,12.088621,11.285679
663,11.679000,12.238037
664,11.789117,11.634282
665,9.809019,11.236138
666,8.733512,8.205011
667,9.479078,9.069861
668,9.987061,9.694221
669,11.346635,11.931738
670,11.620533,11.800166
671,12.277246,11.719726
672,12.106733,12.688780
673,12.232805,11.903955
674,10.826577,11.485760
675,8.913270,8.043541
676,9.117292,9.156958
677,9.344603,9.942947
678,11.220015,11.938851
679,10.940495,11.447093
680,12.000089,10.689361
681,11.325541,12.281734
682,12.106955,11.645193
683,9.807193,11.056072
684,8.455984,8.438396
685,9.301771,9.437374
686,10.063796,9.960743
687,11.390728,11.915782
688,11.423369,12.004831
689,12.232051,11.854908
690,11.770850,12.138794
691,12.307936,11.654889
692,10.658246,11.590978
693,8.432071,8.236239
694,9.407420,9.446322
695,9.262894,10.046370
696,11.149993,11.462537
697,10.714037,11.623047
698,11.926154,11.326264
699,11.507998,12.006652
700,11.816046,11.626853
701,9.801291,10.957911
702,8.505497,8.047638
703,9.395551,9.186989
704,9.882765,9.759737
705,11.218403,11.802129
706,11.532354,11.742898
707,12.271360,11.760120
708,11.798634,12.420708
709,12.098013,11.516033
710,10.658654,11.373475
711,8.440370,8.117023
712,9.304255,9.126380
713,9.349584,9.896870
714,10.983278,11.875930
715,10.814659,11.758801
716,11.924609,11.337486
717,11.467466,12.233078
718,11.791029,11.531557
719,9.739984,10.980657
720,6.267504,7.435604
721,7.303736,7.790330
722,8.083975,8.549926
723,9.531668,10.213102
724,10.126576,10.538768
725,11.258417,10.796113
726,10.799771,11.407116
727,11.508226,11.074562
728,9.776349,10.676703
729,6.541996,7.469014
730,7.092253,8.421301
731,7.580440,8.365853
732,9.365614,11.066128
733,9.632894,10.406988
734,10.569593,10.235679
735,10.313563,11.290689
736,10.672037,10.773397
737,8.640080,10.280050
738,6.406305,6.903896
739,7.334944,7.544219
740,8.072247,8.106934
741,9.677872,11.054875
742,10.192971,10.618973
743,11.337347,10.584650
744,11.119622,11.297894
745,11.340273,11.001211
746,9.897694,11.074957
747,6.375340,7.038809
748,7.530702,8.157421
749,7.573466,8.289361
750,9.531919,11.101341
751,9.450859,10.495656
752,10.629979,10.328962
753,10.687551,11.512009
754,10.477868,10.827748
755,8.642063,9.995410
756,7.389827,7.393749
757,8.408841,8.455004
758,9.083947,8.556451
759,11.039511,11.096066
760,11.566498,11.512149
761,12.735972,11.042778
762,12.294087,11.800670
763,12.519325,11.805998
764,11.266437,11.304032
765,7.204834,7.398757
766,8.077560,8.653314
767,8.643581,8.526219
768,10.561419,11.138021
769,10.270992,11.274701
770,12.125187,10.469723
771,11.745635,11.783427
772,11.814898,11.689241
773,9.797963,10.395813
774,7.051836,7.344109
775,8.406984,8.236655
776,8.932634,8.415564
777,11.205144,11.118117
778,11.575178,11.325413
779,12.804489,10.967797
780,12.374021,11.895095
781,12.483912,11.615459
782,11.100931,11.319850
783,7.467188,7.327017
784,8.375101,8.486202
785,8.689214,8.383498
786,10.726568,11.376966
787,10.513577,11.093325
788,12.205286,10.290035
789,11.500751,11.707459
790,12.232403,11.455982
791,9.829781,10.479384
792,6.880388,7.450752
793,8.096302,8.701212
794,8.992563,8.574020
795,10.814161,11.167835
796,11.004408,11.507124
797,12.605442,11.067029
798,11.786138,11.823612
799,12.564212,11.597759
800,11.058112,11.738141
801,7.097160,7.433736
802,8.044896,8.924573
803,8.568811,8.491251
804,10.193710,11.438068
805,10.454465,11.446417
806,12.138423,10.558051
807,11.431909,11.526635
808,11.949005,11.226123
809,9.757723,10.317048
810,7.230453,7.275099
811,8.140612,8.523462
812,9.085648,8.475359
813,11.268853,11.275625
814,11.307419,11.377921
815,12.731506,10.837959
816,12.367974,11.749300
817,12.639221,11.627475
818,11.081538,11.395187
819,7.033988,7.242720
820,8.214933,8.399540
821,8.437593,8.383507
822,10.376328,11.105178
823,10.317478,11.182826
824,12.139229,10.245384
825,11.530405,11.779731
826,11.954583,11.064012
827,9.754291,10.229476
828,6.848372,7.581698
829,8.224257,8.610558
830,9.032521,9.035606
831,10.452829,11.056021
832,11.027178,11.452350
833,12.588095,11.512957
834,11.408876,11.668934
835,12.267934,11.474225
836,10.965672,11.435630
837,7.279489,7.437228
838,8.104712,8.838862
839,8.595256,9.188872
840,10.195148,11.106828
841,10.170300,11.208994
842,12.028140,11.211501
843,11.039257,11.613552
844,11.778708,11.138845
845,9.744733,10.894272
846,7.117838,7.125619
847,8.182959,8.401937
848,9.127380,8.794343
849,10.489625,10.965057
850,11.138526,11.375350
851,12.492321,11.221892
852,11.310820,11.608146
853,12.262684,11.774214
854,10.966257,11.513689
855,7.269875,7.074151
856,8.176178,8.803444
857,8.619774,8.815325
858,10.149982,11.244610
859,10.397013,11.146008
860,12.168003,10.974932
861,10.883918,11.569386
862,11.322517,11.231028
863,9.672955,10.617889
864,6.913519,7.495551
865,8.158803,8.825771
866,8.979815,9.321297
867,10.408932,10.999695
868,10.986270,11.954286
869,12.330112,11.389651
870,11.289629,11.805024
871,12.020487,11.279091
872,10.868822,11.658998
873,7.036528,7.408583
874,8.080202,8.713879
875,8.506664,9.049076
876,9.948164,11.050798
877,10.186915,11.177124
878,12.043323,11.072333
879,10.635077,11.471628
880,11.580296,11.280411
881,9.759993,10.876716
882,7.383121,7.131860
883,8.201304,8.571537
884,9.001789,8.777830
885,10.215670,11.101769
886,10.963839,11.365022
887,12.403470,11.341796
888,11.063329,11.711078
889,11.874785,11.577421
890,10.774406,11.328867
891,7.166852,7.077405
892,8.143486,8.573104
893,8.501912,8.869049
894,10.086803,11.284491
895,10.246922,11.382480
896,11.985935,10.813154
897,10.835285,11.446253
898,11.367383,10.896983
899,9.676227,10.510467
900,8.087892,8.667112
901,8.843619,9.751558
902,9.072576,10.091546
903,11.048278,11.989659
904,10.946765,11.956413
905,11.411494,11.916740
906,11.916292,12.183278
907,11.747398,11.610391
908,9.853831,11.576550
909,8.118471,8.497902
910,8.597268,9.501821
911,8.725742,10.030669
912,10.645071,12.012840
913,10.348490,11.650789
914,10.984375,11.534416
915,11.277509,12.229048
916,11.230660,11.439957
917,8.889861,10.865145
918,7.683962,8.309418
919,8.663795,9.158316
920,9.153320,10.018796
921,10.996048,12.123966
922,10.903080,12.023796
923,11.559500,11.970611
924,11.967848,12.649581
925,11.986317,11.687833
926,10.001482,11.398768
927,7.605725,8.540588
928,8.673068,9.261531
929,8.455656,10.161404
930,10.578709,12.163118
931,10.320858,11.654635
932,11.027878,11.142701
933,11.531228,12.259833
934,11.283447,11.589451
935,8.875587,10.705257
936,9.262650,8.650324
937,9.953389,9.652091
938,10.014915,10.097192
939,13.204526,11.974701
940,12.207140,11.921334
941,12.614951,12.062539
942,13.171042,12.389806
943,13.175248,12.108323
944,11.039839,11.566452
945,8.927742,8.598352
946,9.628897,9.620235
947,9.458315,10.145077
948,12.545631,12.311222
949,11.368003,11.792774
950,12.032701,11.435033
951,13.092227,12.116592
952,12.200209,11.391176
953,9.854697,11.053859
954,9.141167,8.444750
955,9.757381,9.674893
956,10.057758,10.163681
957,12.609461,12.247526
958,12.364102,12.283442
959,12.865542,12.218947
960,13.590426,12.698785
961,13.193018,12.097454
962,11.029726,11.888375
963,9.139870,8.729492
964,9.828034,9.677756
965,9.492451,10.361637
966,12.444654,12.376449
967,10.912712,11.986594
968,12.113195,11.419203
969,13.013021,12.510733
970,12.246737,11.646434
971,9.890532,10.881810
972,8.833419,8.525264
973,9.599108,9.619831
974,9.833310,10.245576
975,12.313167,12.123867
976,11.861430,12.129581
977,12.574636,12.130846
978,13.119525,12.601095
979,13.055273,11.884530
980,10.854000,11.926630
981,8.794638,8.464790
982,9.371022,9.759785
983,9.269850,10.246396
984,11.965541,12.185390
985,10.891352,11.588116
986,11.976596,11.657093
987,12.413116,12.145263
988,11.963890,11.678361
989,9.775972,10.807625
990,8.750010,8.220449
991,9.281809,9.485995
992,9.900679,10.139776
993,12.125443,12.073903
994,12.108778,12.296684
995,12.754965,12.260374
996,12.901765,12.735957
997,13.155590,11.843739
998,10.913792,11.838894
999,9.017241,8.311052
1000,9.341493,9.614682
1001,9.330842,10.304042
1002,12.061280,12.252537
1003,11.053160,12.154876
1004,11.951795,11.507283
1005,12.535591,12.281939
1006,12.257444,11.913804
1007,9.838930,11.064475
1008,8.509468,8.511325
1009,9.609591,9.746750
1010,9.876136,10.332633
1011,11.382053,11.854202
1012,11.560769,12.177839
1013,12.182386,12.017744
1014,12.146726,12.201466
1015,12.287082,11.814971
1016,10.774032,11.661003
1017,8.520291,8.440855
1018,9.247121,9.686288
1019,9.356167,10.315457
1020,11.284197,12.000478
1021,10.654068,11.745816
1022,11.886656,11.621025
1023,11.573649,11.808443
1024,11.997123,11.518797
1025,9.724306,11.062017
1026,8.549389,8.231833
1027,9.547748,9.623190
1028,9.844081,10.372934
1029,11.353540,11.867770
1030,11.708187,12.065830
1031,12.296478,12.058455
1032,12.018026,12.460348
1033,12.223618,11.783382
1034,10.703401,11.698849
1035,8.932400,8.180520
1036,9.272459,9.329689
1037,9.445845,9.873472
1038,11.187941,12.096725
1039,10.830599,11.850627
1040,11.933395,11.315434
1041,11.365835,12.066767
1042,11.748493,11.632447
1043,9.702516,11.048349
1044,8.512520,8.403551
1045,9.389868,9.509999
1046,10.227968,10.366429
1047,11.416974,11.808868
1048,11.410884,12.046795
1049,12.246897,11.870206
1050,11.668978,12.324249
1051,12.307149,11.784064
1052,10.630237,11.315826
1053,8.725111,8.547725
1054,9.424109,9.589805
1055,9.276726,10.330746
1056,10.975878,11.970948
1057,10.833872,11.530715
1058,11.955434,11.549776
1059,11.600960,12.099619
1060,11.618567,11.334016
1061,9.806766,11.074045
1062,8.493660,8.188482
1063,9.372340,9.304703
1064,9.884383,10.345840
1065,11.360408,11.995240
1066,11.727410,11.974888
1067,12.310326,11.938648
1068,11.902723,12.495585
1069,12.230522,11.813503
1070,10.724718,11.506538
1071,8.543468,8.295457
1072,9.214391,9.422719
1073,9.284681,10.227602
1074,11.003805,12.161330
1075,10.676899,11.916620
1076,11.985265,11.517315
1077,11.373472,12.071405
1078,11.900092,11.513938
1079,9.743902,11.027336
1080,7.838201,8.717412
1081,8.616611,9.195513
1082,9.234672,10.302836
1083,11.152946,11.909919
1084,10.964952,11.557571
1085,11.570614,11.904369
1086,11.831664,12.343307
1087,11.877404,11.715106
1088,9.825115,11.581365
1089,7.758923,8.629365
1090,8.744074,9.519431
1091,8.737430,10.039839
1092,10.644238,12.154513
1093,10.367118,11.678033
1094,10.996323,11.420340
1095,11.431331,12.129749
1096,11.139137,11.467419
1097,8.934736,10.903687
1098,7.952336,8.300479
1099,8.859194,9.251252
1100,9.067022,9.659749
1101,11.105593,12.202889
1102,11.049383,12.128340
1103,11.623114,11.858459
1104,12.226387,12.510425
1105,12.193041,11.799769
1106,9.994101,11.591759
1107,7.831797,8.534617
1108,8.492864,9.456780
1109,8.586735,9.946733
1110,10.643864,12.166359
1111,10.567442,11.171953
1112,11.065512,11.339933
1113,11.790136,12.287056
1114,11.291157,11.362125
1115,8.914228,10.870474
1116,9.371057,8.752478
1117,9.929033,9.692075
1118,10.054600,10.179028
1119,13.011646,12.141932
1120,12.116930,12.264168
1121,12.784434,12.012835
1122,13.384461,12.632961
1123,13.189228,11.856120
1124,11.034365,11.704907
1125,9.399847,8.771845
1126,9.805048,9.801516
1127,9.436894,10.198019
1128,12.077120,12.136759
1129,11.289610,11.839759
1130,12.013237,11.618040
1131,12.874137,12.499322
1132,12.219401,11.482775
1133,9.839476,10.849679
1134,9.595881,8.477041
1135,9.859817,9.667833
1136,10.002760,10.437924
1137,13.207768,12.373906
1138,12.234360,12.346244
1139,12.558968,12.127665
1140,13.628019,12.878975
1141,13.187811,12.004222
1142,11.076121,11.743455
1143,9.235533,8.430931
1144,9.317666,9.710829
1145,9.392785,10.300011
1146,12.186628,12.649874
1147,11.229027,11.867106
1148,12.044793,11.579150
1149,13.114706,12.513985
1150,12.366394,11.745744
1151,9.848639,10.653704
1152,8.987805,8.534442
1153,9.504599,9.651426
1154,9.808238,10.380749
1155,12.553467,11.750708
1156,11.994358,12.014642
1157,12.598703,12.129706
1158,13.083714,12.444358
1159,12.971520,12.074302
1160,10.925660,11.795712
1161,8.839996,8.519032
1162,9.369010,9.592988
1163,9.280487,9.939364
1164,12.136756,11.958549
1165,11.108820,11.835415
1166,11.898347,11.707902
1167,12.765718,11.861524
1168,12.115099,11.716134
1169,9.684515,11.055921
1170,9.268404,8.305099
1171,9.492541,9.762418
1172,9.864867,9.999788
1173,12.575516,12.356411
1174,11.992674,11.969691
1175,12.765951,12.018892
1176,12.909198,12.471358
1177,12.998322,11.932505
1178,10.746389,11.320521
1179,8.637010,8.462329
1180,9.301522,9.647790
1181,9.275616,10.321546
1182,12.264086,12.417130
1183,11.189196,11.731843
1184,11.904907,11.370798
1185,12.581846,12.000075
1186,12.007665,11.474497
1187,9.830974,10.585974
1188,8.624186,8.539514
1189,9.544906,9.791189
1190,10.000937,10.338046
1191,11.488256,11.939541
1192,11.519251,12.229182
1193,12.245797,12.112892
1194,11.846579,12.141201
1195,12.406479,11.859161
1196,10.721582,11.711705
1197,8.358945,8.577220
1198,9.314348,9.806515
1199,9.304238,9.934443
1200,11.185952,11.936208
1201,10.820918,11.822479
1202,12.006865,11.475363
1203,11.548892,11.636679
1204,11.736588,11.503334
1205,9.769317,11.040643
1206,8.555876,8.251265
1207,9.365868,9.572094
1208,9.857019,9.943311
1209,11.314198,12.045142
1210,11.708591,12.018136
1211,12.303459,12.053864
1212,12.114304,12.326418
1213,12.316902,12.027717
1214,10.802508,11.576159
1215,8.708537,8.087750
1216,9.168413,9.525968
1217,9.374832,10.227501
1218,11.439854,12.107855
1219,11.091953,11.802279
1220,11.975183,11.588691
1221,11.492887,12.219748
1222,12.055717,11.348577
1223,9.815502,11.077401
1224,8.476022,8.429589
1225,9.507257,9.553667
1226,10.198841,10.312138
1227,11.410286,12.005069
1228,11.595572,11.950695
1229,12.280250,11.867214
1230,11.766428,12.167945
1231,12.141314,11.454038
1232,10.638758,11.661722
1233,8.532873,8.528794
1234,9.273430,9.562844
1235,9.281677,10.191076
1236,11.308851,12.057299
1237,10.718738,11.822880
1238,11.900129,11.329871
1239,11.240896,11.534431
1240,11.730995,11.205139
1241,9.751297,11.019888
1242,8.338219,8.145169
1243,9.268026,9.460551
1244,9.759562,10.154380
1245,11.349512,12.052028
1246,11.665056,11.892364
1247,12.223420,11.787641
1248,11.933175,12.384774
1249,12.229186,11.899840
1250,10.750164,11.292878
1251,8.552815,8.021643
1252,9.223699,9.325954
1253,9.312344,10.166237
1254,11.088487,12.079944
1255,10.799747,12.257029
1256,11.929578,11.259318
1257,11.756783,12.108637
1258,11.751123,11.267038
1259,9.760843,10.906669
1260,7.989932,8.587804
1261,8.747630,9.481904
1262,9.164170,9.944083
1263,11.199594,11.811841
1264,10.940629,12.004889
1265,11.380322,11.881921
1266,12.023066,12.347379
1267,12.054611,11.707361
1268,9.787029,11.467909
1269,7.977561,8.320095
1270,8.322993,9.389384
1271,8.686422,9.984924
1272,10.448962,11.977425
1273,10.372797,11.470257
1274,11.019044,11.237648
1275,11.429708,11.949165
1276,11.310337,11.247215
1277,8.893259,10.799598
1278,7.961531,8.207856
1279,8.684895,9.222358
1280,9.145939,9.959305
1281,11.226538,12.124485
1282,11.174827,12.084273
1283,11.564487,11.706226
1284,12.091835,12.424322
1285,12.160231,11.788441
1286,9.986619,11.516933
1287,7.948703,8.284716
1288,8.346073,9.292295
1289,8.592505,10.017628
1290,10.491583,12.249350
1291,10.440282,11.717951
1292,11.113257,11.184181
1293,11.783819,12.262272
1294,11.221430,11.542517
1295,8.915627,10.832362
1296,9.072074,8.561030
1297,10.103001,9.681458
1298,10.035743,10.073881
1299,12.728463,11.806134
1300,12.084588,11.962782
1301,12.967150,11.933401
1302,13.347426,12.316995
1303,13.328609,11.871541
1304,11.031093,11.610504
1305,9.389669,8.520109
1306,9.673010,9.447932
1307,9.369452,10.122318
1308,12.447956,12.117800
1309,11.149597,11.780704
1310,12.035757,11.580701
1311,13.031360,11.788412
1312,12.133740,11.452193
1313,9.863327,10.858280
1314,9.555367,8.701222
1315,9.994899,9.559896
1316,9.968287,10.172789
1317,12.934781,12.126561
1318,12.086569,12.200922
1319,12.747283,11.874389
1320,13.626885,12.491352
1321,13.206468,11.510088
1322,11.038692,11.984488
1323,9.181667,8.387831
1324,9.759138,9.609177
1325,9.431821,10.163973
1326,12.347288,12.134788
1327,11.208802,11.866754
1328,12.040960,11.350919
1329,13.090927,12.699901
1330,12.435689,11.764106
1331,9.868830,10.743429
1332,9.011467,8.342938
1333,9.485756,9.572171
1334,9.805274,10.087059
1335,12.500457,11.828879
1336,12.074850,12.050900
1337,12.602458,12.088924
1338,13.104504,12.550461
1339,12.834989,12.280510
1340,10.879456,11.752614
1341,8.807839,8.495037
1342,9.520074,9.509230
1343,9.259731,9.978061
1344,11.905281,11.801819
1345,11.157640,11.559946
1346,11.994863,11.441116
1347,12.284783,12.064054
1348,12.059042,11.646947
1349,9.724987,10.890141
1350,8.819068,8.083889
1351,9.429307,9.326427
1352,9.818724,10.064517
1353,12.298144,11.952463
1354,11.947508,12.220984
1355,12.683941,11.953219
1356,13.316425,12.473022
1357,13.009071,11.824715
1358,10.850705,11.784746
1359,8.795905,8.220842
1360,9.524324,9.462032
1361,9.313020,9.859106
1362,12.203968,11.967205
1363,11.169369,11.594739
1364,11.958422,11.565856
1365,12.751400,12.270576
1366,12.124820,11.870873
1367,9.793896,10.678368
1368,8.486198,8.480357
1369,9.315135,9.375685
1370,9.857582,10.309245
1371,11.279703,11.592662
1372,11.672278,12.056912
1373,12.309534,11.904445
1374,12.047859,12.067382
1375,12.367846,11.580546
1376,10.799276,11.620836
1377,8.653248,8.495601
1378,9.162009,9.442080
1379,9.371469,10.186987
1380,11.309482,11.834850
1381,10.843836,11.788468
1382,11.984303,11.430548
1383,11.546822,11.928864
1384,11.844345,11.417605
1385,9.746135,11.080396
1386,8.778056,8.223736
1387,9.314127,9.320248
1388,9.920532,10.095832
1389,11.387721,11.867484
1390,11.732345,12.078038
1391,12.272814,11.847954
1392,12.094745,11.975260
1393,12.349695,11.714813
1394,10.753136,11.550629
1395,8.697470,8.096180
1396,9.239870,9.253582
1397,9.362124,10.141848
1398,11.111736,12.216499
1399,10.914288,11.861876
1400,11.996970,11.511643
1401,11.796237,12.090888
1402,11.821352,11.529499
1403,9.758290,10.756996
1404,8.595416,8.307646
1405,9.407449,9.381296
1406,9.818237,10.105207
1407,11.318796,11.716770
1408,11.379984,11.835904
1409,12.269912,11.886535
1410,11.974005,11.757633
1411,11.937620,11.650947
1412,10.721622,11.751997
1413,8.571561,8.272077
1414,9.099421,9.395471
1415,9.367889,10.050587
1416,11.298560,11.684241
1417,10.702456,11.849441
1418,11.968769,11.255522
1419,11.231080,11.574027
1420,11.803669,11.185433
1421,9.707450,10.966042
1422,8.505971,8.109508
1423,9.276132,9.249084
1424,9.839251,9.949801
1425,11.307636,11.913248
1426,11.532848,12.088123
1427,12.234255,11.795998
1428,11.894101,12.218030
1429,12.135320,11.595328
1430,10.626427,11.424783
1431,8.704172,8.279815
1432,9.161951,9.232781
1433,9.302374,10.075278
1434,11.141853,11.980769
1435,11.014612,11.621086
1436,11.936368,11.660303
1437,11.773731,12.183439
1438,11.779637,11.431669
1439,9.668757,10.721741
1440,6.380093,7.075590
1441,7.542078,7.885198
1442,8.103491,8.099001
1443,9.576582,10.546111
1444,10.357468,11.290393
1445,11.252624,10.704340
1446,10.589663,11.493061
1447,11.340868,10.876270
1448,9.770824,11.088083
1449,5.989294,6.809247
1450,7.387515,8.065467
1451,7.637198,8.069059
1452,9.315680,10.864779
1453,9.305720,10.219261
1454,10.820286,10.044071
1455,10.620278,11.170366
1456,10.607065,10.544517
1457,8.605964,10.058903
1458,6.483868,6.923717
1459,7.596113,7.301898
1460,7.942338,8.018431
1461,9.882668,10.687058
1462,10.214859,10.744525
1463,11.229592,10.429943
1464,11.027242,11.203197
1465,11.490499,11.006912
1466,9.733782,10.860694
1467,6.267460,6.869606
1468,7.537098,7.965907
1469,7.635903,7.917483
1470,9.156839,10.770187
1471,9.272484,9.902777
1472,10.734680,10.070823
1473,10.341290,11.003322
1474,10.729321,10.607689
1475,8.668858,10.159306
1476,7.117301,7.085203
1477,8.336708,8.338297
1478,9.088315,8.368769
1479,11.089564,10.956654
1480,11.403330,11.278138
1481,12.698103,10.887850
1482,12.679748,11.490592
1483,12.775922,11.822342
1484,11.197270,11.357638
1485,7.292881,7.403276
1486,8.291229,8.425877
1487,8.682054,8.435105
1488,11.045928,10.963462
1489,10.640330,10.646750
1490,12.198967,10.320913
1491,11.760927,11.250804
1492,11.947029,11.313780
1493,9.870102,10.761983
1494,7.512508,7.141082
1495,8.162888,8.052340
1496,9.162099,8.265690
1497,10.923690,11.161915
1498,11.195829,10.910971
1499,12.772536,10.976068
1500,12.587968,11.622656
1501,12.660820,11.566263
1502,11.217498,11.215569
1503,6.934377,7.277629
1504,8.089916,8.012417
1505,8.627439,8.231456
1506,10.492229,10.840683
1507,10.419221,10.880499
1508,12.193185,10.346875
1509,12.039615,11.661073
1510,12.072506,11.317501
1511,9.817867,10.384151
1512,6.781853,6.863983
1513,8.280281,8.222634
1514,9.059952,8.234915
1515,10.992742,10.920912
1516,11.333566,11.458963
1517,12.617688,10.797783
1518,12.342633,11.595065
1519,12.554691,11.365057
1520,11.065821,11.394127
1521,6.678617,7.255515
1522,8.058202,8.414513
1523,8.549527,8.239943
1524,10.269777,10.924723
1525,10.508203,11.129227
1526,12.097187,10.487827
1527,11.594829,11.632236
1528,11.920581,11.052207
1529,9.774771,10.387463
1530,6.872504,7.028013
1531,8.247564,8.108015
1532,8.895059,7.940923
1533,10.903866,10.894799
1534,11.364178,11.121075
1535,12.504454,10.627849
1536,12.262894,11.633715
1537,12.531689,11.198490
1538,11.109684,11.234477
1539,7.400429,7.167933
1540,8.229413,8.058125
1541,8.549435,8.132557
1542,10.793818,10.956438
1543,10.227456,10.678942
1544,12.091169,10.210676
1545,11.578438,11.477875
1546,11.901904,10.845011
1547,9.810403,10.563535
1548,6.828327,7.013407
1549,8.335591,7.738351
1550,9.064454,8.458739
1551,10.689991,10.075455
1552,11.225424,10.593650
1553,12.655041,10.655630
1554,11.418887,10.833100
1555,12.750293,10.946353
1556,10.963856,10.847494
1557,7.092055,6.838954
1558,8.366344,8.139495
1559,8.606981,8.641093
1560,10.293062,10.251518
1561,10.329643,10.617360
1562,12.173978,10.231325
1563,10.981577,10.779305
1564,11.280471,10.273499
1565,9.747967,10.262522
1566,7.057005,6.525617
1567,8.369288,7.758816
1568,9.072968,8.300406
1569,10.707302,10.062073
1570,11.054714,10.558739
1571,12.658671,10.384164
1572,11.431350,11.001595
1573,12.181500,10.570660
1574,11.093383,10.360578
1575,6.937397,6.254871
1576,8.154327,7.730921
1577,8.641773,8.137197
1578,9.944507,10.325183
1579,10.030020,10.112071
1580,12.119540,9.949224
1581,11.020765,10.775928
1582,11.681366,10.103544
1583,9.690989,10.097948
1584,6.873281,6.986513
1585,8.273456,7.799746
1586,9.029974,8.593239
1587,10.183170,10.121009
1588,10.824126,10.691677
1589,12.379189,10.585274
1590,11.350769,10.869706
1591,12.061255,10.614202
1592,10.799002,10.733845
1593,6.796674,6.680388
1594,7.838264,7.770355
1595,8.508024,8.644197
1596,10.126795,10.033587
1597,10.139284,10.482921
1598,12.057681,10.232184
1599,10.717846,10.715083
1600,11.746116,10.427538
1601,9.704717,10.093709
1602,7.065703,6.473693
1603,8.466733,7.583635
1604,8.966616,8.117407
1605,10.382732,10.032734
1606,11.026558,10.543080
1607,12.343053,10.490522
1608,11.252668,10.948895
1609,11.984236,10.521517
1610,10.881280,10.567214
1611,7.156815,6.545921
1612,8.042506,7.561931
1613,8.573498,8.162579
1614,9.941364,10.250080
1615,10.178537,10.171541
1616,12.037402,10.044348
1617,10.884178,10.480062
1618,11.789857,10.298452
1619,9.689101,10.058100
1620,7.964730,8.598447
1621,8.951179,9.191768
1622,9.217794,9.449298
1623,11.237888,11.750599
1624,10.934487,11.624372
1625,11.459633,11.296589
1626,11.772813,12.149833
1627,11.977037,11.562402
1628,9.814466,11.257986
1629,7.813100,8.278333
1630,8.539740,9.237428
1631,8.721632,9.444707
1632,10.630110,11.766917
1633,10.320965,11.461501
1634,10.974829,10.894564
1635,11.574058,11.907437
1636,11.166594,11.193333
1637,8.941724,10.754216
1638,7.801031,8.243664
1639,8.867183,8.919898
1640,9.139759,9.432093
1641,11.284214,11.930389
1642,11.205606,11.591951
1643,11.465789,11.354704
1644,11.986981,12.419937
1645,12.221087,11.700459
1646,9.927301,11.303930
1647,7.517047,8.353571
1648,8.680932,8.994421
1649,8.594558,9.431047
1650,10.517759,11.900785
1651,10.380642,11.271467
1652,11.116020,10.896295
1653,11.454645,12.054000
1654,11.317099,11.198812
1655,8.944802,10.483327
1656,9.506353,8.394578
1657,9.680321,9.122786
1658,10.029756,9.674897
1659,13.194718,11.966515
1660,11.996636,11.729191
1661,12.817020,11.810004
1662,13.299921,12.432883
1663,13.089451,11.591855
1664,11.030559,11.484005
1665,9.430223,8.347406
1666,9.562931,9.355783
1667,9.391843,9.385698
1668,12.176677,11.911377
1669,11.148907,11.444688
1670,12.019239,10.878667
1671,12.901654,11.968627
1672,12.291751,11.245348
1673,9.809248,10.367977
1674,9.535080,8.476151
1675,9.934792,9.309937
1676,9.955729,9.739008
1677,12.951635,11.982498
1678,12.140163,11.683331
1679,12.612195,11.461267
1680,13.547235,13.002451
1681,13.403732,11.640131
1682,11.037936,11.322827
1683,9.485609,8.233555
1684,9.720611,9.037131
1685,9.436914,9.526455
1686,12.301708,12.240294
1687,11.403620,11.637049
1688,12.003575,11.041725
1689,12.868090,12.330286
1690,12.354294,11.700381
1691,9.809832,10.745599
1692,9.121907,8.621674
1693,9.496404,9.123772
1694,10.268661,9.663872
1695,12.299606,11.760448
1696,11.753056,11.593349
1697,12.548760,11.582199
1698,13.427584,12.408228
1699,12.755651,11.635059
1700,10.870503,11.280310
1701,8.758147,8.421043
1702,9.357458,9.198237
1703,9.268232,9.688948
1704,12.353492,11.974699
1705,10.977795,11.353140
1706,11.940985,11.089808
1707,12.892275,12.134781
1708,12.188262,11.575283
1709,9.684240,10.634935
1710,9.158567,8.424947
1711,9.583447,9.211285
1712,9.847564,9.405332
1713,12.562756,12.073872
1714,11.712800,11.579991
1715,12.695165,11.335920
1716,13.279376,12.388456
1717,12.793667,11.769582
1718,10.808857,11.227098
1719,8.768057,8.109524
1720,9.433876,9.002000
1721,9.326749,9.598892
1722,11.880866,12.024879
1723,11.112662,11.250586
1724,11.978899,11.041950
1725,12.611785,12.143375
1726,12.069078,11.318583
1727,9.766964,10.565438
1728,8.610124,7.938233
1729,9.295674,8.772655
1730,9.814720,9.532681
1731,11.299191,11.285481
1732,11.523331,11.599806
1733,12.219679,11.461954
1734,11.864280,12.043709
1735,12.487066,11.648687
1736,10.735590,11.205483
1737,8.705736,8.235159
1738,9.079432,9.108346
1739,9.331985,9.601897
1740,11.054391,11.643711
1741,10.821109,11.388141
1742,11.948269,11.038613
1743,11.585688,11.752597
1744,11.773928,11.305291
1745,9.753412,10.691030
1746,8.567288,7.801941
1747,9.523046,8.546927
1748,9.808207,9.489884
1749,11.457073,11.258049
1750,11.274183,11.312611
1751,12.211115,11.444430
1752,11.718790,11.968163
1753,12.272617,11.427779
1754,10.718856,11.201350
1755,8.637547,7.747351
1756,9.098577,8.729177
1757,9.357158,9.413185
1758,11.377273,11.697550
1759,10.972450,11.192445
1760,11.942906,11.092899
1761,11.515712,11.911005
1762,11.971979,11.262820
1763,9.747246,10.773870
1764,8.530394,7.838446
1765,9.369802,8.529343
1766,9.699819,9.636466
1767,11.258210,11.213126
1768,11.473738,11.282043
1769,12.142294,11.270288
1770,12.030970,11.584671
1771,11.906034,11.102716
1772,10.573367,11.070102
1773,8.397587,7.898981
1774,9.298375,8.924728
1775,9.255138,9.559729
1776,11.202204,11.199850
1777,10.734161,11.308390
1778,11.770087,10.961795
1779,11.547585,11.598874
1780,11.511191,11.141457
1781,9.659629,10.576156
1782,8.693763,7.889761
1783,9.080360,8.741238
1784,9.863654,9.244685
1785,11.451913,11.365869
1786,11.545323,11.405612
1787,12.206137,11.531138
1788,11.876646,11.787621
1789,12.053234,11.452175
1790,10.671036,11.193016
1791,8.304043,7.433466
1792,9.212629,8.606498
1793,9.310181,9.335975
1794,11.417767,11.317709
1795,10.799251,11.060825
1796,11.841420,10.958053
1797,11.505294,11.924663
1798,11.654507,11.221930
1799,9.711315,10.683878
1800,8.030964,8.393742
1801,8.708712,9.081282
1802,9.102767,9.338953
1803,11.167295,11.717636
1804,10.788618,11.514759
1805,11.473961,11.406234
1806,11.962662,12.260786
1807,11.781239,11.615835
1808,9.794582,11.202055
1809,7.850008,8.292171
1810,8.698700,8.995882
1811,8.738386,9.527015
1812,10.491982,11.847979
1813,10.325197,11.375959
1814,11.011909,10.848889
1815,11.352998,12.031738
1816,11.178200,11.286696
1817,8.913782,10.516377
1818,7.791567,8.067866
1819,8.642179,8.880957
1820,9.092937,9.508699
1821,11.235748,12.026394
1822,10.997902,11.824885
1823,11.551708,11.273315
1824,11.998486,12.204377
1825,11.948647,11.451967
1826,9.900275,11.230096
1827,7.739467,8.059446
1828,8.524000,9.038115
1829,8.608961,9.143594
1830,10.772184,12.058678
1831,10.380619,11.177356
1832,11.119833,10.920893
1833,11.535849,12.292583
1834,11.275099,11.229681
1835,8.883711,10.528675
1836,9.369555,8.778598
1837,9.624200,9.238346
1838,10.000148,9.774364
1839,12.570256,11.868766
1840,12.171969,11.651316
1841,12.620672,11.253593
1842,13.459539,12.275774
1843,12.977334,11.352356
1844,11.053276,11.014278
1845,9.110559,8.251233
1846,9.610416,9.433136
1847,9.362795,9.559030
1848,12.385964,11.898495
1849,11.161383,11.216344
1850,12.038328,10.783538
1851,13.120150,12.669153
1852,12.140211,11.414248
1853,9.809086,10.666366
1854,9.550449,8.392721
1855,9.917571,8.911397
1856,10.003079,9.656052
1857,12.942571,12.458263
1858,12.203298,11.621541
1859,12.994317,11.413669
1860,13.677830,12.467973
1861,13.282758,11.701190
1862,11.043234,11.175270
1863,9.476988,8.379681
1864,9.595017,9.120037
1865,9.447638,9.573575
1866,12.680707,12.036444
1867,11.259755,11.378278
1868,11.945274,10.817866
1869,12.661531,12.553145
1870,12.107298,11.526444
1871,9.836331,10.683219
1872,9.030902,8.459344
1873,9.546880,9.215235
1874,9.791647,9.736770
1875,12.231033,11.728676
1876,11.847449,11.490235
1877,12.699364,11.456423
1878,12.913085,12.309793
1879,12.803457,11.683427
1880,10.745316,11.562406
1881,8.682119,8.518847
1882,9.462188,9.051399
1883,9.270433,9.642353
1884,11.866759,11.912805
1885,11.189037,11.394095
1886,11.873250,10.977696
1887,12.846398,11.955602
1888,12.085105,11.166269
1889,9.740385,10.259027
1890,9.270994,8.125914
1891,9.551383,8.836377
1892,9.864890,9.518784
1893,12.625689,11.832078
1894,11.830822,11.479623
1895,12.587761,11.431960
1896,12.998090,12.664300
1897,12.914196,11.682656
1898,10.797617,11.340933
1899,9.101511,8.165815
1900,9.563870,8.806197
1901,9.333425,9.503863
1902,11.848177,12.104768
1903,11.214344,11.391111
1904,11.902174,10.994768
1905,12.802405,12.337534
1906,12.032415,11.564617
1907,9.775647,10.562479
1908,8.541955,7.916565
1909,9.550715,9.034792
1910,9.817149,9.640047
1911,11.362752,11.558751
1912,11.505470,11.472652
1913,12.171976,11.426524
1914,11.713167,11.998461
1915,12.229148,11.340881
1916,10.730227,10.852765
1917,8.602798,7.853204
1918,9.112515,8.951920
1919,9.323014,9.610926
1920,11.026610,11.508229
1921,10.774990,11.214021
1922,11.844191,10.993346
1923,11.557024,11.920893
1924,11.641129,11.304623
1925,9.807774,10.851753
1926,8.332203,7.726017
1927,9.296611,8.510693
1928,9.896606,9.439418
1929,11.400387,11.525826
1930,11.438253,11.433187
1931,12.199258,11.318004
1932,11.824518,12.115184
1933,12.130490,11.457573
1934,10.740652,11.179049
1935,8.601019,7.558054
1936,9.207788,8.760071
1937,9.383895,9.597803
1938,11.151642,11.607486
1939,10.747793,11.176401
1940,11.897421,11.080782
1941,11.513233,12.041456
1942,12.022095,11.244091
1943,9.756762,10.620246
1944,8.390524,7.731232
1945,9.391128,8.846741
1946,9.787006,9.807543
1947,11.254091,11.028852
1948,11.496721,11.369624
1949,12.111493,11.420912
1950,12.001658,11.816832
1951,12.200180,11.228482
1952,10.596237,10.978873
1953,8.221344,7.642629
1954,9.154900,8.734402
1955,9.229532,9.700064
1956,11.126985,11.264285
1957,10.734658,11.237597
1958,11.741028,10.978657
1959,11.462328,11.420455
1960,11.632309,11.172798
1961,9.709174,10.337883
1962,8.466456,7.709229
1963,9.514593,8.628267
1964,9.833735,9.293872
1965,11.441474,11.075349
1966,11.531691,11.421900
1967,12.129745,11.426246
1968,12.027443,11.840390
1969,12.137147,11.376463
1970,10.636641,10.958427
1971,8.712350,7.662152
1972,9.488639,8.572576
1973,9.388600,9.436756
1974,11.089620,11.510271
1975,10.664845,11.056658
1976,11.840408,10.977165
1977,11.489109,11.867941
1978,11.879391,11.192403
1979,9.708608,10.752442
1980,8.009438,8.444187
1981,8.564638,9.080980
1982,9.115515,9.525557
1983,11.040381,11.721623
1984,10.999732,11.708200
1985,11.513813,11.366421
1986,11.921258,12.398499
1987,11.932245,11.552092
1988,9.829841,11.251513
1989,8.010239,8.522204
1990,8.577632,9.232300
1991,8.724787,9.816363
1992,10.648841,11.686779
1993,10.178590,11.476134
1994,10.974683,10.926851
1995,11.543615,12.153803
1996,11.295053,11.359312
1997,8.907894,10.589090
1998,7.922337,7.946817
1999,8.616091,8.725583
2000,9.076303,9.592956
2001,11.281844,11.958826
2002,11.170797,11.402770
2003,11.526978,11.436080
2004,12.015091,12.531290
2005,12.124452,11.706229
2006,9.952467,10.677494
2007,8.021163,8.185233
2008,8.601566,8.916255
2009,8.540043,9.698047
2010,10.606929,11.870024
2011,10.345211,11.561893
2012,11.119948,10.877691
2013,11.557581,12.191925
2014,11.335962,11.697611
2015,8.965273,10.605409
2016,9.090041,8.586174
2017,9.587332,9.271236
2018,9.998785,9.696558
2019,12.751621,11.902773
2020,12.048902,11.664939
2021,12.609071,11.493976
2022,13.334340,12.415286
2023,13.116165,12.101346
2024,10.966073,11.217178
2025,9.205042,8.351646
2026,9.368025,9.317439
2027,9.435055,9.702422
2028,12.519472,11.895538
2029,11.180622,11.356311
2030,11.965773,10.806820
2031,13.041654,12.299690
2032,12.386799,11.414564
2033,9.873664,10.393213
2034,9.400109,8.149502
2035,10.016893,9.178577
2036,10.048370,9.653543
2037,12.966151,12.530939
2038,12.069269,11.947040
2039,12.819947,11.467849
2040,13.394069,12.743176
2041,13.083768,11.762735
2042,11.042467,11.552059
2043,9.274653,8.714752
2044,9.415344,9.045351
2045,9.480262,9.481652
2046,12.336454,12.330155
2047,11.383556,11.821600
2048,12.063967,11.019598
2049,12.864724,12.438344
2050,12.395267,11.361896
2051,9.853502,10.517327
2052,8.584790,8.337520
2053,9.648187,9.020080
2054,9.759268,9.646400
2055,12.428225,11.632792
2056,11.829338,11.504899
2057,12.512584,11.512424
2058,13.497376,12.846635
2059,12.836550,11.737030
2060,10.771989,11.373984
2061,8.559002,8.313417
2062,9.262864,9.351233
2063,9.303905,9.751410
2064,11.728199,12.131471
2065,11.012673,11.666134
2066,11.964355,11.082631
2067,12.801079,12.070245
2068,12.103652,11.426624
2069,9.759397,10.893673
2070,8.954982,8.225006
2071,9.571513,8.995302
2072,9.859964,9.599749
2073,12.176546,12.112390
2074,11.826826,11.451455
2075,12.728264,11.396549
2076,13.442591,12.374461
2077,12.912512,11.667853
2078,10.818899,11.008790
2079,8.587194,8.187509
2080,9.481401,8.896224
2081,9.337730,9.519419
2082,11.892977,12.181404
2083,11.079726,11.493273
2084,12.015697,10.964120
2085,12.573845,12.523932
2086,12.086702,11.704236
2087,9.851362,10.717920
2088,8.743953,8.011688
2089,9.340492,9.111190
2090,9.833525,9.705415
2091,11.327526,11.271126
2092,11.616613,11.546398
2093,12.244833,11.795794
2094,12.099379,11.866662
2095,12.125286,11.457193
2096,10.835932,11.348503
2097,8.632391,7.975430
2098,9.167650,9.164923
2099,9.396128,9.527116
2100,10.968343,11.689822
2101,11.043102,11.344465
2102,11.956711,11.109340
2103,11.275271,11.713937
2104,11.809579,11.249502
2105,9.742390,10.746725
2106,8.337024,7.811410
2107,9.584253,8.771073
2108,9.796278,9.461904
2109,11.416374,11.432658
2110,11.659889,11.477459
2111,12.217015,11.581102
2112,11.870935,12.079632
2113,12.297268,11.646450
2114,10.799448,10.975603
2115,8.310615,7.675049
2116,9.276051,8.877197
2117,9.331381,9.749743
2118,11.001515,11.634058
2119,11.038992,11.118921
2120,11.811169,11.058083
2121,11.354346,11.903836
2122,11.875092,11.123204
2123,9.685650,10.664001
2124,8.574719,8.084035
2125,9.433986,9.017372
2126,9.786673,9.524234
2127,11.498747,11.111775
2128,11.493072,11.291339
2129,12.176009,11.391999
2130,11.780234,11.817917
2131,12.141701,11.350669
2132,10.636021,11.249278
2133,8.454811,8.153363
2134,9.041258,9.041150
2135,9.306871,9.511958
2136,11.279301,11.431456
2137,10.780812,11.252316
2138,11.982022,11.012515
2139,11.546534,11.683380
2140,11.700232,11.053191
2141,9.736250,10.519401
2142,8.466745,7.705688
2143,9.293951,8.453665
2144,9.801015,9.254425
2145,11.304420,11.441544
2146,11.508781,11.557586
2147,12.266689,11.328954
2148,11.804741,11.938300
2149,12.147451,11.365105
2150,10.699617,10.910331
2151,8.684927,7.396177
2152,9.169292,8.569487
2153,9.345421,9.393632
2154,11.026412,11.497193
2155,10.916708,11.272982
2156,11.852962,11.058970
2157,11.472586,11.722680
2158,11.700891,11.241732
2159,9.744842,10.787611
2160,6.338497,6.879236
2161,7.301965,7.765593
2162,8.068850,8.286284
2163,9.848876,10.590621
2164,10.240953,10.604535
2165,11.270913,10.894300
2166,10.939158,11.576262
2167,11.184640,11.044023
2168,9.701591,10.963029
2169,6.401759,6.948333
2170,7.286251,7.600746
2171,7.667984,8.114663
2172,9.593380,10.875460
2173,9.346910,9.834979
2174,10.733793,10.423569
2175,9.973391,11.455510
2176,10.607940,10.818360
2177,8.541167,10.154097
2178,6.478622,6.850650
2179,7.560480,7.207552
2180,7.935098,7.900032
2181,9.860906,10.814418
2182,10.299045,10.350447
2183,11.239767,10.450713
2184,10.800180,11.438889
2185,11.192673,10.807215
2186,9.716710,10.748522
2187,6.197935,7.071316
2188,7.446779,7.619240
2189,7.619298,7.973462
2190,9.423567,11.017180
2191,9.362795,10.304338
2192,10.704037,9.726823
2193,10.249737,11.378249
2194,10.545515,10.615068
2195,8.660527,9.819025
2196,7.232487,7.419382
2197,8.363835,8.374588
2198,9.105171,8.373192
2199,11.037155,10.886738
2200,11.597773,11.261147
2201,12.715434,10.940855
2202,12.444700,11.869692
2203,12.558437,11.584564
2204,11.092926,11.357655
2205,7.063515,7.459218
2206,8.162821,8.315702
2207,8.523740,8.297138
2208,10.580792,11.269512
2209,10.570618,10.944387
2210,12.186481,10.290189
2211,11.762094,11.240552
2212,11.651726,11.076007
2213,9.847382,10.326098
2214,7.154716,7.250371
2215,8.447153,8.188692
2216,9.181734,8.169815
2217,11.066797,11.049710
2218,11.190617,11.390098
2219,12.637792,10.808862
2220,12.246432,11.761837
2221,12.551769,11.251842
2222,11.266687,11.263354
2223,6.896066,6.957400
2224,8.195084,8.484733
2225,8.655621,8.318666
2226,10.607264,11.261017
2227,10.160380,11.423506
2228,12.262957,10.369075
2229,11.438299,11.570001
2230,11.823701,11.235164
2231,9.817353,10.334125
2232,7.032418,7.340384
2233,8.429018,8.413686
2234,9.004813,8.320545
2235,10.842505,10.909637
2236,11.227703,11.086511
2237,12.561686,11.483558
2238,12.182148,11.753439
2239,12.520977,11.799652
2240,11.018366,11.290149
2241,6.926335,7.378043
2242,8.109383,8.144897
2243,8.572012,8.177961
2244,10.443955,10.825457
2245,10.490991,10.976851
2246,12.185349,10.378743
2247,11.010619,11.287027
2248,11.607862,11.105991
2249,9.695196,10.457755
2250,7.055802,7.107636
2251,8.126985,8.100106
2252,8.953451,8.067722
2253,10.867132,11.053700
2254,11.074019,11.121881
2255,12.658315,10.774571
2256,11.961773,11.982448
2257,12.416769,11.421193
2258,11.001605,10.916763
2259,7.170851,7.325968
2260,8.134701,8.567726
2261,8.502060,8.084694
2262,10.370025,11.237484
2263,10.026361,10.565275
2264,12.091890,10.149767
2265,11.030190,11.334593
2266,11.615400,10.936881
2267,9.744757,10.210541
2268,7.140073,7.040487
2269,8.422371,8.251541
2270,9.051783,8.002511
2271,10.325361,10.559337
2272,11.259668,10.661402
2273,12.417975,10.293550
2274,11.344856,10.992405
2275,11.914068,10.867177
2276,10.956011,10.682773
2277,7.265788,7.095345
2278,8.037741,8.142406
2279,8.640386,8.096720
2280,10.297170,10.525648
2281,10.338373,10.670064
2282,12.105059,9.922219
2283,10.865547,10.948602
2284,11.384731,10.930403
2285,9.698307,10.069578
2286,7.300177,6.736577
2287,8.121135,7.866652
2288,9.052702,7.657697
2289,10.346354,10.255468
2290,11.034332,10.683861
2291,12.509655,10.971390
2292,11.283961,11.160524
2293,12.089473,10.862006
2294,10.998984,10.603106
2295,6.978064,6.527092
2296,8.083565,7.795527
2297,8.614765,7.892707
2298,10.177693,10.322313
2299,10.066658,10.520075
2300,12.080580,9.829429
2301,10.687652,10.945964
2302,11.391945,10.416407
2303,9.700154,9.801464
2304,7.171996,6.751121
2305,8.168138,7.806452
2306,8.936535,8.181745
2307,10.009008,10.137195
2308,10.690943,10.567945
2309,12.363185,10.314153
2310,11.128711,11.120250
2311,12.142201,11.196270
2312,10.904263,10.675230
2313,7.260375,6.715861
2314,8.165483,8.103239
2315,8.534485,8.042824
2316,10.142951,10.451518
2317,10.042080,10.411385
2318,11.885110,10.018701
2319,10.499066,10.868790
2320,11.322436,10.386786
2321,9.599747,9.911227
2322,6.799123,6.536373
2323,7.992699,7.817261
2324,8.954845,8.034723
2325,10.448518,10.238035
2326,10.914907,10.594571
2327,12.444016,10.175826
2328,11.378255,10.650914
2329,12.014338,10.675096
2330,10.740288,10.535588
2331,6.863215,6.552267
2332,8.204506,7.730730
2333,8.602036,7.963444
2334,10.054819,10.069411
2335,10.126844,10.465012
2336,11.917329,9.845140
2337,10.692591,11.177982
2338,11.145925,10.299108
2339,9.634484,9.733068
2340,7.878242,8.534576
2341,8.568130,9.231672
2342,9.144910,9.507524
2343,10.997847,11.547114
2344,10.752687,11.646812
2345,11.387572,11.470654
2346,11.829933,12.452543
2347,11.966153,11.803747
2348,9.864036,11.492295
2349,7.940272,8.472250
2350,8.640681,9.377240
2351,8.656515,9.820642
2352,10.576870,12.006167
2353,10.215893,11.705064
2354,10.986091,11.118869
2355,11.252990,11.989983
2356,11.145548,11.557220
2357,8.928367,10.634715
2358,7.647297,8.440852
2359,8.885077,9.155193
2360,9.034353,9.823997
2361,10.909738,12.077250
2362,11.067904,11.846778
2363,11.477723,11.713446
2364,11.880078,12.403367
2365,11.821484,11.904488
2366,9.982286,11.472804
2367,7.459673,8.371059
2368,8.603414,9.384153
2369,8.541757,9.980350
2370,10.504436,12.384973
2371,10.296827,11.736199
2372,11.043184,11.088935
2373,11.506667,12.287226
2374,11.356769,11.566191
2375,8.930599,10.422939
2376,9.360157,8.695512
2377,9.991354,9.725546
2378,9.993630,9.749100
2379,12.721201,11.738555
2380,12.100725,11.797044
2381,12.527636,11.843979
2382,13.478020,12.734246
2383,13.006264,11.871089
2384,10.990046,11.700180
2385,9.418220,8.512267
2386,9.608858,9.305860
2387,9.374928,9.842819
2388,12.102241,12.198565
2389,11.284641,11.752489
2390,11.946630,11.169164
2391,13.169484,12.744478
2392,12.214622,11.595246
2393,9.834546,11.175817
2394,9.357024,8.445648
2395,9.894388,9.452034
2396,10.019570,9.935591
2397,12.882006,12.203694
2398,12.226530,11.958049
2399,12.752516,12.108738
2400,13.584965,12.665346
2401,13.035249,11.872403
2402,10.971160,11.540837
2403,9.117709,8.564859
2404,9.851698,9.382256
2405,9.366973,10.018400
2406,12.290133,12.434186
2407,11.236177,11.855034
2408,11.867937,11.328122
2409,12.712687,12.756869
2410,12.236568,11.583241
2411,9.833089,10.455562
2412,8.928872,8.607970
2413,9.387313,9.350923
2414,9.851962,10.014086
2415,12.100817,11.625580
2416,11.830997,12.050221
2417,12.723730,12.133112
2418,13.018651,12.472686
2419,13.159468,11.616620
2420,10.787844,11.628573
2421,8.740899,8.458188
2422,9.404761,9.361956
2423,9.169399,9.938684
2424,12.245489,11.998007
2425,11.243958,11.704523
2426,11.785587,11.264793
2427,12.478218,12.080598
2428,12.134830,11.312501
2429,9.741860,10.908218
2430,8.891095,8.304359
2431,9.293180,9.264134
2432,9.812576,9.898241
2433,12.476156,12.258630
2434,11.941568,11.901659
2435,12.814194,11.716566
2436,13.384106,12.429208
2437,12.730841,11.864110
2438,10.873523,11.564960
2439,8.685654,8.153799
2440,9.398094,9.423662
2441,9.291069,9.995647
2442,12.092062,12.137547
2443,10.950855,11.860004
2444,11.960880,11.537621
2445,12.774533,12.043649
2446,12.009670,11.577957
2447,9.748911,10.868317
2448,8.630531,8.133917
2449,9.358184,9.253015
2450,9.740315,9.987833
2451,11.527296,11.484344
2452,11.679846,11.694295
2453,12.191916,11.675056
2454,11.823182,11.885659
2455,12.214800,11.531836
2456,10.846077,10.872238
2457,8.442976,8.069989
2458,9.440232,9.138229
2459,9.263441,9.973625
2460,10.893953,11.708920
2461,10.782667,11.187583
2462,11.873510,11.366451
2463,11.253404,11.758119
2464,11.622849,11.698587
2465,9.720412,10.917449
2466,8.786593,7.928469
2467,9.456706,8.980752
2468,9.856528,9.883654
2469,11.557085,11.555091
2470,11.450252,11.832515
2471,12.170223,11.693582
2472,11.620363,12.097342
2473,12.386613,11.620507
2474,10.793348,11.442613
2475,8.820984,7.842041
2476,9.357198,9.178460
2477,9.265584,9.981971
2478,11.638436,11.854505
2479,10.914158,11.692924
2480,11.867919,11.216564
2481,11.670023,12.302395
2482,11.646137,11.437480
2483,9.844490,10.751461
2484,8.481005,7.879605
2485,9.125114,9.001797
2486,9.798439,9.765551
2487,11.365309,11.027710
2488,11.247143,11.293736
2489,12.189697,11.515899
2490,11.982641,11.842402
2491,12.154566,11.548147
2492,10.715626,11.382708
2493,8.720732,7.888953
2494,9.238996,9.093256
2495,9.276832,9.726640
2496,10.997580,11.238638
2497,10.789259,11.119231
2498,11.773472,11.160100
2499,11.477151,11.557836
2500,11.730958,11.185132
2501,9.703558,10.898521
2502,8.748199,7.613998
2503,9.447343,8.869016
2504,9.760750,9.778686
2505,11.635668,11.403912
2506,11.427338,11.514678
2507,12.217220,11.555215
2508,11.876956,11.623857
2509,12.189863,11.848358
2510,10.647001,11.431375
2511,8.572412,7.846529
2512,9.100136,8.982122
2513,9.294809,9.773396
2514,11.281149,11.540852
2515,10.531231,11.133381
2516,11.835482,11.084903
2517,11.494613,11.668976
2518,11.931729,11.796000
2519,9.752702,11.035311
2520,7.908350,8.635982
2521,8.731717,9.514108
2522,9.168778,9.890984
2523,11.107665,11.913371
2524,10.735383,11.626614
2525,11.417069,11.666786
2526,12.207908,12.308998
2527,11.729792,11.648340
2528,9.851768,11.582519
2529,7.945765,8.476439
2530,8.738765,9.334337
2531,8.713841,9.878404
2532,10.588028,11.909305
2533,10.268541,11.592712
2534,11.000257,11.213990
2535,11.293251,12.003592
2536,11.232662,11.471272
2537,8.959876,10.953515
2538,8.072142,8.352922
2539,8.693452,9.118126
2540,9.111364,9.837277
2541,11.304320,12.070034
2542,11.160049,11.884391
2543,11.489324,11.758805
2544,11.521567,12.551160
2545,11.913099,11.772954
2546,9.990554,11.542538
2547,8.070565,8.209523
2548,8.381065,9.315896
2549,8.508174,9.913604
2550,10.726160,12.232426
2551,10.277805,11.725378
2552,10.958101,11.206254
2553,11.332565,12.384378
2554,11.497244,11.476030
2555,8.856374,9.946080
2556,9.071107,8.652763
2557,9.755021,9.491759
2558,9.966291,9.941277
2559,13.221973,11.909103
2560,12.037934,11.780386
2561,12.399893,11.874034
2562,13.117190,12.246434
2563,13.136531,11.593633
2564,10.981626,11.781208
2565,9.419488,8.532280
2566,9.581557,9.309636
2567,9.366737,9.996292
2568,12.433542,12.245434
2569,11.241736,11.428876
2570,11.929030,11.177844
2571,12.457103,12.349859
2572,12.303227,11.438011
2573,9.794046,10.683636
2574,9.104248,8.717167
2575,9.768288,9.301096
2576,10.019871,10.017159
2577,12.726006,12.390669
2578,12.242218,12.096570
2579,12.707339,12.086683
2580,13.594358,12.476364
2581,13.182136,11.740490
2582,10.983730,11.734161
2583,9.113781,8.491215
2584,9.714383,9.305204
2585,9.411495,10.032242
2586,12.514592,12.590261
2587,11.317877,12.105915
2588,11.831103,11.188748
2589,12.792020,12.937281
2590,12.112595,11.465604
2591,9.798084,10.847085
2592,8.973225,8.404555
2593,9.633571,9.578756
2594,9.790331,10.043948
2595,12.405958,11.823597
2596,11.792398,11.814836
2597,12.481526,11.797749
2598,12.845901,12.353992
2599,12.855391,12.103932
2600,10.791331,11.770809
2601,9.128557,8.592978
2602,9.335584,9.537833
2603,9.233797,10.052569
2604,11.706240,11.900429
2605,10.969628,11.410452
2606,11.851866,11.314650
2607,12.448509,12.343749
2608,12.118057,11.437946
2609,9.802641,10.448214
2610,9.029058,8.331827
2611,9.537763,9.369732
2612,9.815456,9.918241
2613,12.336208,12.193035
2614,11.884478,11.855613
2615,12.640598,12.028149
2616,13.058515,12.597391
2617,12.853824,11.713366
2618,10.820782,11.650552
2619,8.849583,8.379551
2620,9.527765,9.505153
2621,9.302608,9.938639
2622,12.149836,12.201130
2623,11.200539,11.651719
2624,11.897546,11.257679
2625,12.400990,12.383073
2626,12.002394,11.632694
2627,9.807815,10.817367
2628,8.526673,8.250922
2629,9.344221,9.148010
2630,9.789187,9.906462
2631,11.433733,11.404894
2632,11.556017,11.573036
2633,12.150799,11.620913
2634,11.994818,11.561262
2635,12.325497,11.457018
2636,10.714980,11.102372
2637,8.601276,8.353286
2638,9.083622,9.161047
2639,9.280823,9.916596
2640,11.177176,11.606887
2641,10.698286,11.453369
2642,11.844049,11.565358
2643,11.381606,11.780979
2644,11.762699,11.284038
2645,9.688681,10.563549
2646,8.585690,7.848153
2647,9.362334,8.885722
2648,9.852160,9.828214
2649,11.423435,11.726355
2650,11.457906,11.640031
2651,12.265936,11.637376
2652,12.020546,12.234201
2653,12.190709,11.700554
2654,10.715656,11.369567
2655,8.732473,7.755740
2656,9.295225,8.847191
2657,9.293798,9.731794
2658,11.343884,11.772314
2659,10.760227,11.460829
2660,11.909004,11.235880
2661,11.590731,11.970388
2662,11.795956,11.213511
2663,9.728971,10.510124
2664,8.528214,8.027542
2665,9.348780,9.069988
2666,9.696881,9.835332
2667,11.373983,11.228369
2668,11.359598,11.731034
2669,12.171278,11.553690
2670,11.958080,11.957164
2671,12.180372,11.503422
2672,10.662917,10.978723
2673,8.532332,7.902260
2674,9.268733,9.193089
2675,9.277345,9.789695
2676,11.019126,11.266690
2677,10.528531,11.082776
2678,11.752672,11.221396
2679,11.317984,11.584126
2680,11.780329,11.311219
2681,9.642547,10.975530
2682,8.577014,7.637434
2683,9.483545,8.979916
2684,9.765483,9.721503
2685,11.492391,11.415517
2686,11.460229,11.591922
2687,12.232600,11.729111
2688,11.908879,11.930336
2689,12.186033,11.785092
2690,10.683651,11.252504
2691,8.303563,7.840335
2692,9.274548,9.003116
2693,9.266311,9.997092
2694,11.067830,11.537763
2695,10.892496,11.489562
2696,11.711676,11.271094
2697,11.334945,11.672036
2698,11.717701,11.243906
2699,9.661205,10.896946
2700,7.918131,8.550344
2701,8.925434,9.490152
2702,9.107866,9.770702
2703,10.937968,11.866789
2704,10.884728,11.582365
2705,11.457458,11.654016
2706,11.805668,12.306273
2707,11.777925,11.461799
2708,9.842102,11.325545
2709,7.975102,8.693258
2710,8.673960,9.273637
2711,8.665777,9.866623
2712,10.367781,11.964849
2713,10.206008,11.418349
2714,11.000022,11.147951
2715,11.151877,12.012767
2716,11.199855,11.349314
2717,8.865046,10.361359
2718,7.843405,8.283364
2719,8.752540,9.296905
2720,9.080849,9.959534
2721,11.023459,11.950218
2722,11.090685,11.700068
2723,11.501719,11.829323
2724,12.028728,12.433583
2725,11.910325,12.062198
2726,9.947120,11.534429
2727,7.743973,8.433995
2728,8.496773,9.415906
2729,8.542968,10.023758
2730,10.556375,12.264399
2731,10.239863,11.607250
2732,10.851965,11.206966
2733,11.437227,12.157289
2734,11.178798,11.500502
2735,8.964143,10.890597
2736,9.221949,8.769702
2737,9.611145,9.232109
2738,9.984207,9.835361
2739,12.606302,11.932827
2740,12.218067,11.810415
2741,12.778157,11.631928
2742,13.234973,12.509673
2743,13.061945,11.873816
2744,11.034412,11.731688
2745,9.416506,8.480338
2746,9.774395,9.364423
2747,9.380654,9.835191
2748,12.392615,11.823029
2749,11.126839,11.326975
2750,11.990206,11.212968
2751,12.915286,12.191877
2752,12.323261,11.474165
2753,9.808908,10.761783
2754,9.121640,8.500244
2755,9.662987,9.303514
2756,9.956644,9.783203
2757,12.612179,12.221632
2758,11.862635,12.116795
2759,12.597890,11.940524
2760,13.171348,12.863136
2761,13.280214,11.775493
2762,11.036886,11.346581
2763,8.850224,8.446730
2764,9.545847,9.520350
2765,9.434062,10.268279
2766,11.986533,12.623616
2767,11.259522,11.910746
2768,11.918950,11.427339
2769,12.647846,12.667163
2770,12.035288,11.801129
2771,9.794250,10.902163
2772,8.605584,8.476050
2773,9.575001,9.529722
2774,9.837270,10.164096
2775,12.118307,11.881649
2776,11.695539,11.871495
2777,12.369256,11.817351
2778,13.014654,12.027276
2779,12.811889,11.720546
2780,10.884629,11.950218
2781,8.996786,8.658465
2782,9.317918,9.585963
2783,9.271811,10.218469
2784,12.220406,11.994524
2785,11.022061,11.650355
2786,11.951969,11.638583
2787,12.264042,12.236021
2788,12.012525,11.216526
2789,9.791222,10.956913
2790,8.966716,8.313096
2791,9.246098,9.350374
2792,9.850668,9.927176
2793,12.578606,12.134682
2794,11.937588,11.895225
2795,12.532321,11.764671
2796,12.706375,12.646896
2797,12.800720,12.040570
2798,10.766094,11.495460
2799,8.876612,8.399397
2800,9.426871,9.172791
2801,9.267620,9.960642
2802,11.874405,12.292830
2803,11.102936,11.789612
2804,11.861921,11.228330
2805,12.555455,12.290891
2806,12.190589,11.759807
2807,9.793421,10.806309
2808,8.725740,8.079796
2809,9.225338,9.233943
2810,9.813171,10.003932
2811,11.251284,11.315625
2812,11.347818,11.626094
2813,12.286128,11.692101
2814,11.825640,12.305002
2815,12.125486,11.412560
2816,10.703918,11.252070
2817,8.374704,8.190908
2818,9.322716,9.263486
2819,9.272476,9.974709
2820,11.334487,11.474107
2821,10.716223,11.426551
2822,11.762914,11.310451
2823,11.541242,11.382306
2824,11.797197,11.598613
2825,9.700450,10.909393
2826,8.427917,7.894464
2827,9.336897,8.989157
2828,9.839180,9.903828
2829,11.660311,11.791489
2830,11.431799,11.896133
2831,12.190319,11.693918
2832,11.719531,12.287090
2833,12.123585,11.695602
2834,10.632724,11.316356
2835,8.871251,7.710358
2836,9.399006,9.150518
2837,9.359607,9.864946
2838,10.811243,11.909424
2839,10.789660,11.380721
2840,11.944048,11.170280
2841,11.621105,11.994407
2842,11.684661,11.294983
2843,9.772895,10.909217
2844,8.638373,8.044584
2845,9.290443,9.148551
2846,9.761169,9.882724
2847,11.086809,11.177491
2848,11.415318,11.566998
2849,12.139156,11.574472
2850,11.605377,11.904655
2851,12.135111,11.420866
2852,10.596256,11.319590
2853,8.360551,8.035029
2854,9.142746,9.130249
2855,9.261890,9.746548
2856,10.864244,11.348726
2857,10.562940,11.221694
2858,11.749873,11.251140
2859,11.647519,11.285458
2860,11.779236,11.232011
2861,9.652186,10.624792
2862,8.497263,7.862867
2863,9.343186,8.746456
2864,9.801725,9.738202
2865,11.386294,11.466045
2866,11.441198,11.556385
2867,12.115260,11.577818
2868,11.682423,11.591804
2869,12.266855,11.638928
2870,10.679603,11.435019
2871,8.470574,7.827786
2872,9.146813,8.798546
2873,9.261047,9.870760
2874,11.431121,11.676266
2875,10.785400,11.480682
2876,11.920271,11.330346
2877,11.376995,11.559343
2878,11.627842,11.361771
2879,9.696627,10.604973
0,6.548884,7.982859
1,7.642613,8.474173
2,8.100480,8.974916
3,9.595444,10.805260
4,10.259557,11.480869
5,11.299852,11.032618
6,11.328315,11.893988
7,11.508778,11.759876
8,9.801307,11.248291
9,6.649521,7.832640
10,7.274198,8.448216
11,7.631399,8.627961
12,9.439336,11.373187
13,9.338513,10.745909
14,10.672793,10.341208
15,10.521166,11.582096
16,10.798777,9.905940
17,8.660966,9.394294
18,6.637428,7.121131
19,7.437243,7.847873
20,8.092285,8.222059
21,9.749872,10.544954
22,10.473785,11.085509
23,11.269661,10.507926
24,11.130439,11.308167
25,11.297537,11.062387
26,9.790415,10.522319
27,6.625197,7.375017
28,7.059750,7.868264
29,7.693800,8.140902
30,9.618723,10.692717
31,9.491176,9.804325
32,10.777071,9.571008
33,10.689093,10.876624
34,10.755680,10.180633
35,8.634730,8.964170
36,7.014446,7.884372
37,8.421896,9.193314
38,9.080783,8.918065
39,11.158369,11.258470
40,11.447895,11.879838
41,12.668978,11.594367
42,12.588353,12.144000
43,12.768017,12.018349
44,11.314333,10.820349
45,7.224778,7.774477
46,8.274187,8.570278
47,8.561307,8.863925
48,10.335980,11.313306
49,10.685638,10.948022
50,12.163777,10.281264
51,11.888550,11.558354
52,12.247290,10.697783
53,9.839072,9.838725
54,7.393827,7.686334
55,8.109274,8.707969
56,9.100076,8.890555
57,11.103928,10.959846
58,11.247478,11.596828
59,12.690639,11.518382
60,12.207135,11.870157
61,12.590771,11.677797
62,11.275767,11.440609
63,6.893900,7.527862
64,8.087925,8.539328
65,8.596801,8.613864
66,10.627584,11.014479
67,10.706057,10.753551
68,12.147187,10.277776
69,11.760056,11.528975
70,11.978800,10.572229
71,9.862255,9.539447
72,7.001044,7.813499
73,8.264133,8.674032
74,8.908717,9.053910
75,11.106312,11.130136
76,11.065703,11.482127
77,12.682910,11.325626
78,11.757112,11.938967
79,12.287697,12.079806
80,11.072758,10.709952
81,6.846085,7.462453
82,8.153981,8.538544
83,8.534811,9.014883
84,10.455290,11.246762
85,10.072798,11.234889
86,12.182386,10.777322
87,11.739291,11.854959
88,11.491102,10.416845
89,9.750259,9.638104
90,7.138999,7.493879
91,8.246609,8.432030
92,9.024246,8.741209
93,10.772993,11.121065
94,11.193208,11.479756
95,12.567859,10.921438
96,12.156335,11.575681
97,12.577447,11.489822
98,11.078874,11.325231
99,6.874943,7.614016
100,7.891176,8.372781
101,8.660874,8.564821
102,10.621510,11.002946
103,10.311663,10.799607
104,12.196898,10.124254
105,11.364392,11.585174
106,11.753377,11.074744
107,9.747460,10.268327
108,7.006950,7.894480
109,8.329243,8.758779
110,9.057058,9.611230
111,10.538099,11.302026
112,11.044018,11.661081
113,12.575619,11.723475
114,11.358120,11.685719
115,11.979896,11.558574
116,10.980420,10.863641
117,7.125152,7.655451
118,8.248548,8.801373
119,8.575079,9.507004
120,10.194901,11.206765
121,10.238242,11.275727
122,11.953594,11.188330
123,10.954619,11.513748
124,11.495880,10.110531
125,9.740376,9.747978
126,7.444455,7.576475
127,8.515429,8.535467
128,9.073457,9.436215
129,10.502365,11.091471
130,11.331626,11.279616
131,12.584059,11.334466
132,11.472045,11.484919
133,12.205663,11.520770
134,11.028890,11.229704
135,7.234855,7.332326
136,8.105181,8.333142
137,8.688663,9.018441
138,10.264769,11.113840
139,10.122548,10.836473
140,12.181885,10.579953
141,10.943509,11.321234
142,11.904325,10.288231
143,9.752028,10.337578
144,6.962493,7.705084
145,8.197591,8.733510
146,8.970505,9.556150
147,10.502197,11.227085
148,11.019188,11.780580
149,12.386556,11.992766
150,11.386113,11.774940
151,12.312416,11.586273
152,10.825782,10.839957
153,7.356561,7.486274
154,7.857472,8.619980
155,8.570696,9.513650
156,10.186155,11.473371
157,10.174493,11.391040
158,11.942318,11.091452
159,10.930167,11.385423
160,11.792961,11.231870
161,9.697885,10.771689
162,7.018335,7.560234
163,8.385637,8.615191
164,9.055296,9.414832
165,10.471325,10.949166
166,11.072759,11.605568
167,12.592629,11.379092
168,11.370822,11.784986
169,12.067286,11.305161
170,10.818329,11.171240
171,7.146695,7.249885
172,8.124960,8.334515
173,8.625776,9.166010
174,10.051507,10.949657
175,10.171932,10.782612
176,12.022122,10.699001
177,10.874642,11.058550
178,11.431265,9.632832
179,9.647223,10.148935
180,8.110620,8.613573
181,8.658734,9.451510
182,9.170711,9.970883
183,11.185555,11.805400
184,10.806206,11.933049
185,11.435768,11.799095
186,12.138362,12.359197
187,11.957806,11.755135
188,9.926633,10.959700
189,7.792051,8.593177
190,8.572338,9.220672
191,8.760229,9.933187
192,10.682684,11.830084
193,10.034138,11.355485
194,11.038511,11.180480
195,11.404192,11.884143
196,11.317799,10.988097
197,8.994864,10.793241
198,7.814119,8.349812
199,8.604819,9.174376
200,9.138153,9.903574
201,10.984947,11.827414
202,11.254128,11.593403
203,11.686789,11.669583
204,12.055316,12.093531
205,12.156510,11.614245
206,9.912196,11.462622
207,7.997458,8.325529
208,8.481897,8.871408
209,8.572048,9.780305
210,10.710794,11.559058
211,10.367814,11.034697
212,11.087451,11.256482
213,11.313566,12.004249
214,11.318816,11.323145
215,8.874644,9.973495
216,9.354453,8.649107
217,9.922846,9.384091
218,10.004582,10.073697
219,12.787715,11.949045
220,12.055155,12.046736
221,12.734110,11.929759
222,13.712121,12.465165
223,12.960906,11.345640
224,11.034971,11.149343
225,9.325264,8.716101
226,9.823966,9.481960
227,9.428654,9.988191
228,12.410146,11.966476
229,11.221918,11.515231
230,12.112471,11.532593
231,12.928691,12.254538
232,12.352411,11.886080
233,9.852610,10.568522
234,9.409646,8.480376
235,9.723991,9.194407
236,10.053873,10.097439
237,12.719637,11.771957
238,11.972578,11.796700
239,12.708697,11.766380
240,13.536496,12.669559
241,13.358487,10.976155
242,11.060542,11.055077
243,8.772810,8.214415
244,9.563102,9.123910
245,9.445535,9.806593
246,12.497025,12.142386
247,11.437784,11.502063
248,12.106420,11.418972
249,12.915890,12.188206
250,12.236517,10.769900
251,9.832008,10.891128
252,8.665318,8.452884
253,9.559754,9.417694
254,9.860737,9.986117
255,12.556700,12.058233
256,11.994629,11.924833
257,12.403000,12.099888
258,13.077191,12.480583
259,12.922345,11.580075
260,10.879003,11.713166
261,9.092963,8.408719
262,9.604512,9.385355
263,9.234612,9.792477
264,12.042612,11.758154
265,11.195396,11.786755
266,11.956440,11.361509
267,12.606424,12.159065
268,12.132807,11.603532
269,9.801883,11.110053
270,8.567828,8.123499
271,9.591242,9.143186
272,9.822720,9.897175
273,12.601116,12.014437
274,11.953535,12.089416
275,12.531660,11.777434
276,13.197035,12.161188
277,12.881403,11.743385
278,10.847052,11.101128
279,8.645522,8.152642
280,9.674115,8.993462
281,9.332320,9.921367
282,12.227468,11.712239
283,11.242453,11.310948
284,11.953808,11.253181
285,12.643834,11.822402
286,12.108089,11.653037
287,9.842684,10.347480
288,8.813301,8.506037
289,9.434677,9.435275
290,10.169701,10.101071
291,11.455560,11.722573
292,11.472587,11.848737
293,12.292157,11.812819
294,11.715698,12.073507
295,12.291677,11.419796
296,10.780085,11.942476
297,8.570959,8.340859
298,9.401371,9.254676
299,9.319165,10.035854
300,10.916542,11.848595
301,11.072323,11.257419
302,11.937553,11.225234
303,11.508696,11.883797
304,11.740183,10.994371
305,9.785257,10.948357
306,8.719980,8.227415
307,9.408566,9.052417
308,9.811819,9.916565
309,11.328142,11.622153
310,11.680061,11.585265
311,12.448242,11.872577
312,12.152333,11.987549
313,12.460064,11.629183
314,10.866539,11.672053
315,8.763801,8.006597
316,9.449257,8.998976
317,9.394650,9.901196
318,11.259069,11.723808
319,10.909129,11.196215
320,11.997724,11.273826
321,11.403542,11.786157
322,11.803440,10.525002
323,9.723243,10.955903
324,8.676794,8.379880
325,9.632952,9.395634
326,10.023536,10.072241
327,11.306977,11.481452
328,11.292568,11.781759
329,12.254576,11.812498
330,11.811732,12.111006
331,12.436262,11.086199
332,10.684687,11.640246
333,8.325366,8.156584
334,9.257062,9.438940
335,9.369461,9.891875
336,11.276466,11.725768
337,10.681635,11.358733
338,12.009655,11.489428
339,11.715626,11.825522
340,12.020927,11.476583
341,9.830571,10.358747
342,8.633712,8.257440
343,9.370991,9.024261
344,9.899996,9.917650
345,11.460933,11.544743
346,11.536320,11.762955
347,12.326446,11.597678
348,11.982146,12.097433
349,12.199314,10.813018
350,10.794250,11.588627
351,8.282047,8.162076
352,9.066921,8.984750
353,9.303609,9.871325
354,11.159410,11.744223
355,10.864199,11.286104
356,12.008863,11.387918
357,11.638872,11.994747
358,11.827785,11.138171
359,9.802807,10.919247
360,8.053144,8.504494
361,8.827997,9.191097
362,9.164596,9.956089
363,11.178102,11.758531
364,11.022750,11.527019
365,11.576949,11.719861
366,11.844488,12.327209
367,12.036152,11.947782
368,9.903243,11.811365
369,7.848021,8.391436
370,8.528527,9.381598
371,8.680371,9.862385
372,10.293178,11.990715
373,10.409680,11.248989
374,11.050463,11.200290
375,11.714725,11.893529
376,11.269947,11.447074
377,8.932243,9.622737
378,7.973531,8.587709
379,8.683819,8.909299
380,9.117709,9.912777
381,11.141992,11.692647
382,11.054782,11.750437
383,11.549249,11.863748
384,12.050305,12.171648
385,12.048681,11.548079
386,10.030605,11.139226
387,7.895318,8.369996
388,8.751514,8.853601
389,8.612194,9.871992
390,10.713967,11.727659
391,10.196447,11.341243
392,11.085339,11.079908
393,11.333689,11.644000
394,11.347870,10.992184
395,8.950270,10.573600
396,9.082030,8.573254
397,10.071869,9.399104
398,9.930230,10.167339
399,13.442032,11.858928
400,12.191316,11.957705
401,12.766781,11.929646
402,13.656122,12.310999
403,13.130603,11.982002
404,11.022853,11.961884
405,8.957234,8.490877
406,9.622988,9.426872
407,9.353086,9.997676
408,12.290221,12.077107
409,11.122738,11.526529
410,12.165837,11.494859
411,12.966599,12.189307
412,12.243454,10.511826
413,9.876424,10.871940
414,9.550046,8.471369
415,9.677638,9.260145
416,10.058529,10.130879
417,13.004578,12.148547
418,12.294268,11.828795
419,12.773458,11.681959
420,13.453753,12.399713
421,13.312488,11.561832
422,11.032938,11.907182
423,9.295485,8.311629
424,9.634791,9.028251
425,9.452973,9.821512
426,12.375583,11.845889
427,11.434074,11.425179
428,12.190870,11.274796
429,12.954583,12.016994
430,12.170792,11.050994
431,9.841954,10.467483
432,8.630716,8.530827
433,9.707204,9.486977
434,9.809906,10.209574
435,12.183990,11.816729
436,12.043583,12.008402
437,12.536406,11.967675
438,13.349131,12.305803
439,13.036008,12.112227
440,10.835249,11.343471
441,9.112337,8.640643
442,9.372470,9.317939
443,9.299245,9.937683
444,11.810361,11.569865
445,11.132518,11.352157
446,12.013217,11.384668
447,12.825266,11.977820
448,12.048025,11.313161
449,9.734394,11.108997
450,8.781528,8.245391
451,9.406039,9.388302
452,9.814715,10.054514
453,12.633286,11.818692
454,11.862354,11.782631
455,12.603848,11.777394
456,12.973951,12.199054
457,13.004274,11.958549
458,10.873637,10.951668
459,8.882846,8.166344
460,9.214341,9.104246
461,9.342177,9.941539
462,11.820507,11.703640
463,11.278944,11.260751
464,11.955299,11.278175
465,12.537056,11.925327
466,11.960629,11.098372
467,9.805880,10.794234
468,8.684576,8.533854
469,9.456800,9.353871
470,9.820204,10.262305
471,11.462584,11.869888
472,11.634551,11.809114
473,12.273186,11.775670
474,11.981209,12.052505
475,12.421985,11.966035
476,10.703251,11.083575
477,8.428543,8.410124
478,9.270199,9.438538
479,9.372181,10.070784
480,11.062480,11.617977
481,10.691778,11.278013
482,11.989213,10.519124
483,11.485128,11.989428
484,11.736464,10.435474
485,9.749879,10.181509
486,8.959576,8.277405
487,9.469427,8.997292
488,10.013330,10.049728
489,11.622515,11.737514
490,11.510292,11.725438
491,12.363805,11.590750
492,11.986240,12.087650
493,12.354764,10.982790
494,10.824355,10.729840
495,8.720101,8.309940
496,9.326790,9.052681
497,9.380804,9.920748
498,11.092253,11.665555
499,10.767621,10.943160
500,12.065327,10.535346
501,11.414383,11.929976
502,11.823696,11.436257
503,9.744283,9.983312
504,8.394026,8.541850
505,9.528717,9.445655
506,9.814001,10.096766
507,11.682235,12.015406
508,11.512262,11.890714
509,12.171013,11.776253
510,11.647346,12.022741
511,12.115965,11.079631
512,10.626384,11.078672
513,8.754123,8.356277
514,9.400615,9.444684
515,9.343575,10.038935
516,10.996904,11.771549
517,11.040573,11.374355
518,11.908756,11.514462
519,11.260978,12.244971
520,11.921555,11.735424
521,9.728873,11.082947
522,8.552970,8.316925
523,9.638898,9.058878
524,9.891503,9.872080
525,11.466813,11.734803
526,11.484218,11.801566
527,12.199713,11.613287
528,11.722294,12.144491
529,12.204445,11.402740
530,10.717295,11.722652
531,8.572931,8.306568
532,9.286077,9.132387
533,9.303674,9.834949
534,11.116611,11.587358
535,10.793881,11.308950
536,11.957668,11.136780
537,11.544563,11.761709
538,11.655674,10.998299
539,9.734655,11.106390
540,8.034879,8.481657
541,8.918580,9.324731
542,9.215468,9.967186
543,11.248212,11.690026
544,11.033295,11.943172
545,11.463654,11.602657
546,12.158488,12.184571
547,11.914996,11.838999
548,9.856694,10.933307
549,7.956213,8.413948
550,8.591050,9.431333
551,8.712081,10.017466
552,10.550556,12.043835
553,10.351205,11.150068
554,11.089679,11.507778
555,11.196555,12.022154
556,11.137567,11.463020
557,8.915861,10.786153
558,7.934835,8.366142
559,8.828480,8.962183
560,9.130676,9.839709
561,11.340035,11.848238
562,11.107351,11.784626
563,11.672473,11.683313
564,12.221127,12.016233
565,12.082220,11.687208
566,9.950896,11.464114
567,8.014700,7.875894
568,8.620358,9.008706
569,8.491414,9.769323
570,10.493470,11.832486
571,10.211125,11.383062
572,11.112963,11.086121
573,11.484280,11.855802
574,11.482277,11.291441
575,8.950048,10.126735
576,9.184370,8.835608
577,9.588312,9.379328
578,10.073833,10.036072
579,12.557107,11.920609
580,12.164959,11.892741
581,12.769641,11.955723
582,13.587786,12.458632
583,13.327899,11.260043
584,11.038674,10.947864
585,8.876496,8.335203
586,9.719471,9.306561
587,9.453124,10.068652
588,12.274727,11.876062
589,11.218344,11.636758
590,12.155370,11.419374
591,12.938919,12.140277
592,12.430948,11.867332
593,9.877315,10.221671
594,9.171918,8.396801
595,9.874640,9.416365
596,10.003761,10.039155
597,12.872633,11.789449
598,12.182869,12.147676
599,12.751774,11.812442
600,13.670453,12.354273
601,13.095726,12.248467
602,11.062169,11.028324
603,9.163177,8.326071
604,9.496252,9.172197
605,9.396307,9.990168
606,12.493540,11.830506
607,11.432382,11.490131
608,12.048989,11.538718
609,12.981148,12.159057
610,12.560929,10.491320
611,9.871565,10.634706
612,8.840228,8.513741
613,9.686765,9.447921
614,9.765123,10.076906
615,12.379217,11.981522
616,11.993019,11.906799
617,12.703720,12.051956
618,12.983155,12.682918
619,13.148867,11.236927
620,10.867429,12.148801
621,8.835056,8.156862
622,9.272749,9.363700
623,9.274297,10.047482
624,11.670569,11.768075
625,11.045298,11.584447
626,11.977319,11.580584
627,12.641221,12.016615
628,12.143401,11.352839
629,9.835961,11.357825
630,8.811792,8.433947
631,9.849517,9.320571
632,9.856289,9.978192
633,12.522583,11.887300
634,11.776875,11.992972
635,12.752814,11.690477
636,13.080080,12.402197
637,12.811283,11.870095
638,10.927408,11.821015
639,8.845558,8.296753
640,9.416703,9.456977
641,9.314888,9.851802
642,11.946348,11.773620
643,11.290577,11.337683
644,12.032427,11.513427
645,12.972502,12.060472
646,12.064178,11.660429
647,9.849517,10.250711
648,8.702250,8.439923
649,9.582230,9.528037
650,9.848047,10.172628
651,11.376287,11.820870
652,11.611677,11.894561
653,12.345481,11.802445
654,11.986131,12.169690
655,12.235062,11.761513
656,10.861908,11.880638
657,8.724984,8.318282
658,9.490800,9.261004
659,9.327681,10.151976
660,11.160347,11.607231
661,10.950870,11.449499
662,12.088621,11.262265
663,11.679000,12.045608
664,11.789117,10.776239
665,9.809019,11.009246
666,8.733512,8.360767
667,9.479078,9.170347
668,9.987061,9.797849
669,11.346635,11.621659
670,11.620533,11.686067
671,12.277246,11.536124
672,12.106733,12.246656
673,12.232805,11.540602
674,10.826577,10.909516
675,8.913270,7.984084
676,9.117292,8.953988
677,9.344603,9.846439
678,11.220015,11.486231
679,10.940495,11.138372
680,12.000089,11.479561
681,11.325541,11.759639
682,12.106955,11.200421
683,9.807193,9.857636
684,8.455984,8.382259
685,9.301771,9.384358
686,10.063796,10.057425
687,11.390728,11.916394
688,11.423369,11.903940
689,12.232051,11.810045
690,11.770850,12.059156
691,12.307936,11.955734
692,10.658246,11.037440
693,8.432071,8.151810
694,9.407420,9.330709
695,9.262894,10.097345
696,11.149993,11.510004
697,10.714037,11.412781
698,11.926154,11.514694
699,11.507998,11.775624
700,11.816046,11.392882
701,9.801291,10.765682
702,8.505497,8.159904
703,9.395551,9.168476
704,9.882765,9.851103
705,11.218403,11.471518
706,11.532354,11.744557
707,12.271360,11.606259
708,11.798634,12.025780
709,12.098013,10.851792
710,10.658654,10.848284
711,8.440370,8.141108
712,9.304255,8.994650
713,9.349584,9.873625
714,10.983278,11.405588
715,10.814659,11.342251
716,11.924609,11.479507
717,11.467466,11.704309
718,11.791029,11.493502
719,9.739984,9.935680
720,6.267504,7.599889
721,7.303736,8.333403
722,8.083975,8.758742
723,9.531668,11.355340
724,10.126576,10.712090
725,11.258417,10.579504
726,10.799771,12.127932
727,11.508226,11.396116
728,9.776349,11.175684
729,6.541996,7.527301
730,7.092253,8.534275
731,7.580440,8.561342
732,9.365614,11.401772
733,9.632894,10.152049
734,10.569593,10.031465
735,10.313563,11.378664
736,10.672037,9.727656
737,8.640080,9.137752
738,6.406305,7.502072
739,7.334944,7.621953
740,8.072247,8.264044
741,9.677872,10.813974
742,10.192971,10.196555
743,11.337347,10.151787
744,11.119622,10.927472
745,11.340273,10.278656
746,9.897694,10.506522
747,6.375340,6.978724
748,7.530702,8.057039
749,7.573466,8.085086
750,9.531919,10.949213
751,9.450859,9.956231
752,10.629979,9.268470
753,10.687551,10.907991
754,10.477868,9.984019
755,8.642063,8.542634
756,7.389827,7.610329
757,8.408841,8.825673
758,9.083947,8.789786
759,11.039511,11.347893
760,11.566498,11.572173
761,12.735972,11.018488
762,12.294087,12.346292
763,12.519325,11.001968
764,11.266437,11.336434
765,7.204834,7.619743
766,8.077560,8.766563
767,8.643581,8.603552
768,10.561419,11.402885
769,10.270992,10.809593
770,12.125187,10.038820
771,11.745635,11.774648
772,11.814898,10.749081
773,9.797963,9.373670
774,7.051836,7.663891
775,8.406984,8.543707
776,8.932634,8.681364
777,11.205144,11.215145
778,11.575178,11.232096
779,12.804489,10.657531
780,12.374021,12.182576
781,12.483912,11.513973
782,11.100931,11.230190
783,7.467188,7.399568
784,8.375101,8.629177
785,8.689214,8.407309
786,10.726568,11.543912
787,10.513577,10.684401
788,12.205286,9.873845
789,11.500751,11.819378
790,12.232403,10.863030
791,9.829781,9.922213
792,6.880388,7.752261
793,8.096302,9.046242
794,8.992563,8.714318
795,10.814161,11.469995
796,11.004408,11.640741
797,12.605442,11.029014
798,11.786138,12.205008
799,12.564212,11.923460
800,11.058112,11.550771
801,7.097160,7.573201
802,8.044896,9.004230
803,8.568811,8.726379
804,10.193710,11.833987
805,10.454465,11.077210
806,12.138423,10.267252
807,11.431909,11.884771
808,11.949005,10.086596
809,9.757723,9.302718
810,7.230453,7.642508
811,8.140612,8.710075
812,9.085648,8.572951
813,11.268853,11.317931
814,11.307419,11.395649
815,12.731506,10.731574
816,12.367974,12.195586
817,12.639221,11.370070
818,11.081538,11.038960
819,7.033988,7.369912
820,8.214933,8.534715
821,8.437593,8.355925
822,10.376328,11.343705
823,10.317478,10.745579
824,12.139229,9.716664
825,11.530405,11.516226
826,11.954583,10.442435
827,9.754291,9.055948
828,6.848372,7.801510
829,8.224257,9.060779
830,9.032521,9.189647
831,10.452829,11.355022
832,11.027178,11.442873
833,12.588095,11.211887
834,11.408876,11.877131
835,12.267934,11.078099
836,10.965672,11.102868
837,7.279489,7.461811
838,8.104712,8.882610
839,8.595256,9.193669
840,10.195148,11.511809
841,10.170300,11.196725
842,12.028140,10.687367
843,11.039257,11.626396
844,11.778708,10.155287
845,9.744733,9.593246
846,7.117838,7.373501
847,8.182959,8.750757
848,9.127380,8.813767
849,10.489625,11.104578
850,11.138526,11.304039
851,12.492321,10.809966
852,11.310820,11.970724
853,12.262684,11.655199
854,10.966257,11.274069
855,7.269875,7.247141
856,8.176178,8.850883
857,8.619774,8.679360
858,10.149982,11.297682
859,10.397013,10.634888
860,12.168003,10.196603
861,10.883918,11.788614
862,11.322517,9.630457
863,9.672955,9.300543
864,6.913519,7.911452
865,8.158803,9.129292
866,8.979815,9.386333
867,10.408932,11.326445
868,10.986270,11.697170
869,12.330112,11.255153
870,11.289629,12.297031
871,12.020487,10.995462
872,10.868822,11.326346
873,7.036528,7.596565
874,8.080202,8.690782
875,8.506664,9.131233
876,9.948164,11.299834
877,10.186915,10.916875
878,12.043323,10.618094
879,10.635077,11.461857
880,11.580296,10.306620
881,9.759993,9.738224
882,7.383121,7.390934
883,8.201304,8.754827
884,9.001789,8.943126
885,10.215670,11.182670
886,10.963839,11.371527
887,12.403470,10.908941
888,11.063329,11.924734
889,11.874785,10.954240
890,10.774406,10.771775
891,7.166852,7.368978
892,8.143486,8.472529
893,8.501912,8.849949
894,10.086803,11.310555
895,10.246922,10.865503
896,11.985935,10.457141
897,10.835285,11.730299
898,11.367383,10.407561
899,9.676227,9.305159
900,8.087892,8.404386
901,8.843619,9.506435
902,9.072576,10.041357
903,11.048278,11.725877
904,10.946765,12.208967
905,11.411494,11.925158
906,11.916292,12.460189
907,11.747398,11.094943
908,9.853831,11.440945
909,8.118471,8.137170
910,8.597268,9.305187
911,8.725742,9.981725
912,10.645071,11.971210
913,10.348490,11.518196
914,10.984375,11.630513
915,11.277509,12.121784
916,11.230660,11.374099
917,8.889861,10.018269
918,7.683962,8.059445
919,8.663795,9.008386
920,9.153320,9.958145
921,10.996048,11.706078
922,10.903080,11.971038
923,11.559500,11.805120
924,11.967848,12.259396
925,11.986317,10.802020
926,10.001482,11.636154
927,7.605725,8.295814
928,8.673068,9.050161
929,8.455656,9.973221
930,10.578709,12.036389
931,10.320858,11.050875
932,11.027878,11.137212
933,11.531228,11.830070
934,11.283447,10.923487
935,8.875587,9.587200
936,9.262650,8.501239
937,9.953389,9.647414
938,10.014915,10.364862
939,13.204526,11.999969
940,12.207140,12.125352
941,12.614951,12.196323
942,13.171042,12.734117
943,13.175248,12.345410
944,11.039839,12.266061
945,8.927742,8.208216
946,9.628897,9.408069
947,9.458315,10.211596
948,12.545631,12.139822
949,11.368003,11.723290
950,12.032701,11.055260
951,13.092227,12.403996
952,12.200209,11.639046
953,9.854697,11.383417
954,9.141167,8.488688
955,9.757381,9.582032
956,10.057758,10.225556
957,12.609461,11.876518
958,12.364102,11.794033
959,12.865542,11.981685
960,13.590426,12.862050
961,13.193018,12.060971
962,11.029726,12.162132
963,9.139870,8.031767
964,9.828034,9.427884
965,9.492451,10.216383
966,12.444654,12.306718
967,10.912712,11.410202
968,12.113195,11.700458
969,13.013021,12.001369
970,12.246737,10.800626
971,9.890532,11.175261
972,8.833419,8.302315
973,9.599108,9.607807
974,9.833310,10.309112
975,12.313167,11.957911
976,11.861430,12.245871
977,12.574636,12.077311
978,13.119525,12.530144
979,13.055273,11.590566
980,10.854000,12.311647
981,8.794638,8.191360
982,9.371022,9.409439
983,9.269850,10.163269
984,11.965541,11.877748
985,10.891352,11.631818
986,11.976596,11.774499
987,12.413116,11.958389
988,11.963890,11.658433
989,9.775972,10.698378
990,8.750010,8.132854
991,9.281809,9.455183
992,9.900679,10.076733
993,12.125443,12.054619
994,12.108778,12.049773
995,12.754965,11.951859
996,12.901765,12.450359
997,13.155590,12.298243
998,10.913792,12.049766
999,9.017241,8.062463
1000,9.341493,9.454085
1001,9.330842,10.061808
1002,12.061280,11.868660
1003,11.053160,11.884344
1004,11.951795,11.553983
1005,12.535591,12.216389
1006,12.257444,11.550159
1007,9.838930,10.036505
1008,8.509468,8.264549
1009,9.609591,9.641054
1010,9.876136,10.285222
1011,11.382053,11.753954
1012,11.560769,12.012873
1013,12.182386,12.005923
1014,12.146726,12.027925
1015,12.287082,11.004334
1016,10.774032,12.142398
1017,8.520291,8.097145
1018,9.247121,9.516068
1019,9.356167,10.182729
1020,11.284197,11.862871
1021,10.654068,11.268936
1022,11.886656,11.595252
1023,11.573649,12.083765
1024,11.997123,11.656684
1025,9.724306,10.409526
1026,8.549389,8.091204
1027,9.547748,9.516273
1028,9.844081,10.291262
1029,11.353540,11.614977
1030,11.708187,11.792312
1031,12.296478,11.759031
1032,12.018026,12.081355
1033,12.223618,11.062846
1034,10.703401,11.798462
1035,8.932400,7.956160
1036,9.272459,9.116999
1037,9.445845,9.973331
1038,11.187941,11.596938
1039,10.830599,11.188776
1040,11.933395,10.884486
1041,11.365835,11.891973
1042,11.748493,10.973783
1043,9.702516,10.900239
1044,8.512520,8.021037
1045,9.389868,9.583983
1046,10.227968,10.253010
1047,11.416974,11.740661
1048,11.410884,12.093850
1049,12.246897,11.843043
1050,11.668978,12.280995
1051,12.307149,11.967381
1052,10.630237,12.070433
1053,8.725111,8.067712
1054,9.424109,9.294756
1055,9.276726,10.264050
1056,10.975878,11.750435
1057,10.833872,11.326155
1058,11.955434,11.514505
1059,11.600960,11.761938
1060,11.618567,10.358727
1061,9.806766,11.013396
1062,8.493660,7.977213
1063,9.372340,9.207434
1064,9.884383,10.207800
1065,11.360408,11.503698
1066,11.727410,11.755035
1067,12.310326,11.587784
1068,11.902723,12.034623
1069,12.230522,11.420684
1070,10.724718,12.015862
1071,8.543468,8.007431
1072,9.214391,9.156048
1073,9.284681,10.038286
1074,11.003805,11.678690
1075,10.676899,11.377752
1076,11.985265,11.071877
1077,11.373472,11.939971
1078,11.900092,10.254575
1079,9.743902,10.642797
1080,7.838201,8.473969
1081,8.616611,9.480492
1082,9.234672,10.198389
1083,11.152946,11.731943
1084,10.964952,11.961353
1085,11.570614,11.606988
1086,11.831664,12.152172
1087,11.877404,11.136722
1088,9.825115,12.027542
1089,7.758923,8.280680
1090,8.744074,9.298816
1091,8.737430,9.654249
1092,10.644238,11.976562
1093,10.367118,11.352159
1094,10.996323,11.491506
1095,11.431331,11.885715
1096,11.139137,10.917128
1097,8.934736,11.016528
1098,7.952336,8.136649
1099,8.859194,9.090707
1100,9.067022,10.013512
1101,11.105593,11.850119
1102,11.049383,11.964208
1103,11.623114,11.738106
1104,12.226387,12.611976
1105,12.193041,11.681742
1106,9.994101,11.817292
1107,7.831797,8.273269
1108,8.492864,9.226356
1109,8.586735,9.888364
1110,10.643864,11.763103
1111,10.567442,10.776608
1112,11.065512,10.996943
1113,11.790136,12.224451
1114,11.291157,10.081776
1115,8.914228,10.376460
1116,9.371057,8.318023
1117,9.929033,9.460084
1118,10.054600,10.181621
1119,13.011646,12.317625
1120,12.116930,12.262523
1121,12.784434,12.116892
1122,13.384461,12.553653
1123,13.189228,11.439880
1124,11.034365,12.090271
1125,9.399847,8.329467
1126,9.805048,9.657500
1127,9.436894,10.123889
1128,12.077120,12.027741
1129,11.289610,11.834246
1130,12.013237,11.568586
1131,12.874137,11.928663
1132,12.219401,11.369597
1133,9.839476,9.973216
1134,9.595881,8.400209
1135,9.859817,9.584916
1136,10.002760,10.346846
1137,13.207768,11.957805
1138,12.234360,12.038278
1139,12.558968,11.970924
1140,13.628019,12.515023
1141,13.187811,11.880937
1142,11.076121,11.773352
1143,9.235533,8.206048
1144,9.317666,9.499943
1145,9.392785,10.150848
1146,12.186628,12.189825
1147,11.229027,11.426524
1148,12.044793,11.182344
1149,13.114706,12.116639
1150,12.366394,11.273428
1151,9.848639,10.524847
1152,8.987805,8.285965
1153,9.504599,9.606878
1154,9.808238,10.439775
1155,12.553467,11.693398
1156,11.994358,12.092189
1157,12.598703,12.227534
1158,13.083714,12.478249
1159,12.971520,12.270279
1160,10.925660,12.197617
1161,8.839996,8.219398
1162,9.369010,9.452823
1163,9.280487,10.142137
1164,12.136756,11.943471
1165,11.108820,11.563059
1166,11.898347,11.361268
1167,12.765718,12.042923
1168,12.115099,11.807045
1169,9.684515,10.345428
1170,9.268404,8.232841
1171,9.492541,9.656616
1172,9.864867,10.031683
1173,12.575516,11.774691
1174,11.992674,11.768666
1175,12.765951,11.946341
1176,12.909198,12.717263
1177,12.998322,11.311785
1178,10.746389,11.511586
1179,8.637010,8.119775
1180,9.301522,9.346642
1181,9.275616,10.174513
1182,12.264086,12.071624
1183,11.189196,11.659595
1184,11.904907,11.191422
1185,12.581846,12.094102
1186,12.007665,11.653078
1187,9.830974,10.955505
1188,8.624186,8.242017
1189,9.544906,9.668633
1190,10.000937,10.350684
1191,11.488256,11.741658
1192,11.519251,12.200982
1193,12.245797,11.992648
1194,11.846579,12.218102
1195,12.406479,10.932838
1196,10.721582,12.052136
1197,8.358945,8.310198
1198,9.314348,9.570833
1199,9.304238,10.233657
1200,11.185952,11.803118
1201,10.820918,11.766229
1202,12.006865,11.447361
1203,11.548892,11.850635
1204,11.736588,11.339785
1205,9.769317,10.566858
1206,8.555876,8.013972
1207,9.365868,9.373288
1208,9.857019,10.122576
1209,11.314198,11.581996
1210,11.708591,11.692880
1211,12.303459,11.808933
1212,12.114304,12.009372
1213,12.316902,11.527762
1214,10.802508,11.846331
1215,8.708537,7.868789
1216,9.168413,9.153253
1217,9.374832,9.993886
1218,11.439854,11.663613
1219,11.091953,11.175673
1220,11.975183,11.512230
1221,11.492887,11.649459
1222,12.055717,10.172656
1223,9.815502,10.970167
1224,8.476022,8.121878
1225,9.507257,9.543819
1226,10.198841,10.254088
1227,11.410286,11.979305
1228,11.595572,11.909662
1229,12.280250,11.837094
1230,11.766428,12.010515
1231,12.141314,11.039189
1232,10.638758,12.017971
1233,8.532873,8.236504
1234,9.273430,9.317961
1235,9.281677,9.859578
1236,11.308851,11.855184
1237,10.718738,11.447714
1238,11.900129,11.570570
1239,11.240896,11.801913
1240,11.730995,11.575405
1241,9.751297,10.178425
1242,8.338219,7.952824
1243,9.268026,9.288870
1244,9.759562,10.109018
1245,11.349512,11.696579
1246,11.665056,11.639585
1247,12.223420,11.675283
1248,11.933175,12.221684
1249,12.229186,12.008446
1250,10.750164,11.823296
1251,8.552815,7.736661
1252,9.223699,9.219449
1253,9.312344,10.002577
1254,11.088487,11.644699
1255,10.799747,11.688461
1256,11.929578,11.481356
1257,11.756783,11.451113
1258,11.751123,11.282106
1259,9.760843,10.911881
1260,7.989932,8.367638
1261,8.747630,9.414961
1262,9.164170,10.130650
1263,11.199594,11.685868
1264,10.940629,12.046611
1265,11.380322,11.998841
1266,12.023066,12.213880
1267,12.054611,12.000457
1268,9.787029,12.193693
1269,7.977561,8.112339
1270,8.322993,9.188553
1271,8.686422,10.100256
1272,10.448962,11.815383
1273,10.372797,11.127774
1274,11.019044,10.918735
1275,11.429708,11.749058
1276,11.310337,11.186288
1277,8.893259,10.616817
1278,7.961531,8.127288
1279,8.684895,9.189297
1280,9.145939,9.913658
1281,11.226538,11.850574
1282,11.174827,11.915418
1283,11.564487,11.673270
1284,12.091835,12.449788
1285,12.160231,11.928364
1286,9.986619,11.731222
1287,7.948703,8.059929
1288,8.346073,9.231578
1289,8.592505,9.428020
1290,10.491583,11.902044
1291,10.440282,11.273360
1292,11.113257,10.896482
1293,11.783819,11.956099
1294,11.221430,11.046185
1295,8.915627,10.110830
1296,9.072074,8.338170
1297,10.103001,9.715239
1298,10.035743,10.214189
1299,12.728463,11.779635
1300,12.084588,12.114125
1301,12.967150,12.022573
1302,13.347426,12.747293
1303,13.328609,12.574510
1304,11.031093,12.130830
1305,9.389669,8.272818
1306,9.673010,9.321081
1307,9.369452,10.143323
1308,12.447956,11.935975
1309,11.149597,11.717861
1310,12.035757,11.953835
1311,13.031360,11.990942
1312,12.133740,11.279263
1313,9.863327,9.959886
1314,9.555367,8.023626
1315,9.994899,9.654965
1316,9.968287,10.222884
1317,12.934781,11.806466
1318,12.086569,12.030730
1319,12.747283,11.777244
1320,13.626885,12.512934
1321,13.206468,11.370382
1322,11.038692,11.634751
1323,9.181667,8.209833
1324,9.759138,9.549911
1325,9.431821,10.065634
1326,12.347288,12.313085
1327,11.208802,11.409724
1328,12.040960,11.548682
1329,13.090927,12.208532
1330,12.435689,11.577381
1331,9.868830,10.222703
1332,9.011467,8.198172
1333,9.485756,9.499718
1334,9.805274,10.191961
1335,12.500457,11.726893
1336,12.074850,12.107449
1337,12.602458,12.187078
1338,13.104504,12.358868
1339,12.834989,11.639837
1340,10.879456,12.010900
1341,8.807839,8.190939
1342,9.520074,9.354736
1343,9.259731,10.036528
1344,11.905281,11.803953
1345,11.157640,11.294264
1346,11.994863,11.683187
1347,12.284783,11.746550
1348,12.059042,11.376755
1349,9.724987,10.586600
1350,8.819068,8.012153
1351,9.429307,9.379399
1352,9.818724,10.112653
1353,12.298144,11.860200
1354,11.947508,11.977796
1355,12.683941,11.996829
1356,13.316425,12.794097
1357,13.009071,11.137528
1358,10.850705,12.006779
1359,8.795905,8.064152
1360,9.524324,9.116928
1361,9.313020,9.708076
1362,12.203968,11.820360
1363,11.169369,11.445026
1364,11.958422,11.486338
1365,12.751400,12.176156
1366,12.124820,10.658648
1367,9.793896,10.166402
1368,8.486198,8.212894
1369,9.315135,9.431793
1370,9.857582,10.387350
1371,11.279703,11.660357
1372,11.672278,11.995293
1373,12.309534,11.643204
1374,12.047859,12.082739
1375,12.367846,11.217414
1376,10.799276,11.228886
1377,8.653248,8.176268
1378,9.162009,9.258171
1379,9.371469,10.040834
1380,11.309482,11.627905
1381,10.843836,11.352461
1382,11.984303,11.591446
1383,11.546822,11.709935
1384,11.844345,10.976009
1385,9.746135,10.924721
1386,8.778056,8.033671
1387,9.314127,9.271524
1388,9.920532,10.137320
1389,11.387721,11.557559
1390,11.732345,11.719255
1391,12.272814,11.721546
1392,12.094745,12.129603
1393,12.349695,11.329922
1394,10.753136,11.675705
1395,8.697470,8.004863
1396,9.239870,9.101892
1397,9.362124,10.004491
1398,11.111736,11.725293
1399,10.914288,11.209991
1400,11.996970,10.978855
1401,11.796237,11.708117
1402,11.821352,11.242979
1403,9.758290,9.886658
1404,8.595416,8.088464
1405,9.407449,9.349939
1406,9.818237,10.178371
1407,11.318796,11.667999
1408,11.379984,11.586314
1409,12.269912,11.841431
1410,11.974005,11.978436
1411,11.937620,11.012362
1412,10.721622,11.781166
1413,8.571561,7.965801
1414,9.099421,9.271433
1415,9.367889,10.027917
1416,11.298560,11.558308
1417,10.702456,11.675778
1418,11.968769,11.774978
1419,11.231080,11.774234
1420,11.803669,11.342411
1421,9.707450,10.055490
1422,8.505971,7.997085
1423,9.276132,9.206443
1424,9.839251,9.968307
1425,11.307636,11.511409
1426,11.532848,11.732359
1427,12.234255,11.596016
1428,11.894101,12.246311
1429,12.135320,10.800091
1430,10.626427,11.012978
1431,8.704172,7.716978
1432,9.161951,9.011951
1433,9.302374,9.959868
1434,11.141853,11.542714
1435,11.014612,11.341944
1436,11.936368,11.177703
1437,11.773731,11.735396
1438,11.779637,11.248078
1439,9.668757,10.369025
1440,6.380093,7.326509
1441,7.542078,8.098173
1442,8.103491,8.296613
1443,9.576582,10.960715
1444,10.357468,11.536933
1445,11.252624,10.906822
1446,10.589663,11.777616
1447,11.340868,11.206766
1448,9.770824,10.094189
1449,5.989294,7.673921
1450,7.387515,8.434481
1451,7.637198,8.372080
1452,9.315680,10.831262
1453,9.305720,10.372104
1454,10.820286,9.226716
1455,10.620278,11.353003
1456,10.607065,9.680794
1457,8.605964,9.394487
1458,6.483868,7.147790
1459,7.596113,7.588598
1460,7.942338,8.364769
1461,9.882668,10.507779
1462,10.214859,10.812317
1463,11.229592,10.529597
1464,11.027242,10.939237
1465,11.490499,11.018670
1466,9.733782,10.461903
1467,6.267460,7.023835
1468,7.537098,7.995087
1469,7.635903,7.997072
1470,9.156839,10.365084
1471,9.272484,9.560305
1472,10.734680,9.513605
1473,10.341290,10.800915
1474,10.729321,9.086869
1475,8.668858,9.152146
1476,7.117301,7.621383
1477,8.336708,8.765868
1478,9.088315,8.747679
1479,11.089564,11.260383
1480,11.403330,11.600448
1481,12.698103,11.006392
1482,12.679748,11.762785
1483,12.775922,11.722292
1484,11.197270,10.824099
1485,7.292881,7.574840
1486,8.291229,8.519183
1487,8.682054,8.667144
1488,11.045928,11.285955
1489,10.640330,10.211222
1490,12.198967,10.071124
1491,11.760927,11.107471
1492,11.947029,9.971960
1493,9.870102,10.017609
1494,7.512508,7.616161
1495,8.162888,8.422878
1496,9.162099,8.691159
1497,10.923690,11.371195
1498,11.195829,11.094994
1499,12.772536,10.805691
1500,12.587968,11.680581
1501,12.660820,11.679955
1502,11.217498,10.208472
1503,6.934377,7.627405
1504,8.089916,8.232893
1505,8.627439,8.399284
1506,10.492229,10.914623
1507,10.419221,10.494218
1508,12.193185,10.089268
1509,12.039615,11.354710
1510,12.072506,10.855337
1511,9.817867,9.863703
1512,6.781853,7.277376
1513,8.280281,8.663997
1514,9.059952,8.620768
1515,10.992742,11.302820
1516,11.333566,11.564391
1517,12.617688,10.756364
1518,12.342633,11.750243
1519,12.554691,11.710713
1520,11.065821,11.261932
1521,6.678617,7.515315
1522,8.058202,8.592299
1523,8.549527,8.680703
1524,10.269777,11.143879
1525,10.508203,11.168579
1526,12.097187,10.339316
1527,11.594829,11.564271
1528,11.920581,10.332059
1529,9.774771,9.659046
1530,6.872504,7.510300
1531,8.247564,8.398952
1532,8.895059,8.396322
1533,10.903866,11.145905
1534,11.364178,11.318730
1535,12.504454,10.570920
1536,12.262894,11.782658
1537,12.531689,11.435028
1538,11.109684,10.260989
1539,7.400429,7.327256
1540,8.229413,8.341917
1541,8.549435,8.442116
1542,10.793818,10.937979
1543,10.227456,10.517571
1544,12.091169,10.022352
1545,11.578438,11.347703
1546,11.901904,10.294910
1547,9.810403,9.102473
1548,6.828327,7.380665
1549,8.335591,8.129842
1550,9.064454,8.891569
1551,10.689991,10.534448
1552,11.225424,10.837885
1553,12.655041,10.775162
1554,11.418887,10.999274
1555,12.750293,11.561176
1556,10.963856,10.829944
1557,7.092055,7.105085
1558,8.366344,8.168902
1559,8.606981,8.799565
1560,10.293062,10.592615
1561,10.329643,10.446783
1562,12.173978,10.108675
1563,10.981577,10.897685
1564,11.280471,9.488828
1565,9.747967,10.193701
1566,7.057005,7.143179
1567,8.369288,8.085178
1568,9.072968,8.506179
1569,10.707302,10.371526
1570,11.054714,10.844078
1571,12.658671,10.341205
1572,11.431350,11.132288
1573,12.181500,10.746875
1574,11.093383,10.799561
1575,6.937397,6.786074
1576,8.154327,7.887506
1577,8.641773,8.509123
1578,9.944507,10.611731
1579,10.030020,10.058840
1580,12.119540,9.856400
1581,11.020765,10.705976
1582,11.681366,9.088643
1583,9.690989,9.764437
1584,6.873281,7.338715
1585,8.273456,8.146547
1586,9.029974,8.953243
1587,10.183170,10.497373
1588,10.824126,11.170419
1589,12.379189,10.716951
1590,11.350769,10.982731
1591,12.061255,10.935591
1592,10.799002,10.665904
1593,6.796674,7.015472
1594,7.838264,8.005869
1595,8.508024,8.558322
1596,10.126795,10.409788
1597,10.139284,10.574437
1598,12.057681,10.115788
1599,10.717846,10.856157
1600,11.746116,9.314124
1601,9.704717,9.020526
1602,7.065703,7.196386
1603,8.466733,7.941414
1604,8.966616,8.534921
1605,10.382732,10.453085
1606,11.026558,10.698256
1607,12.343053,10.518692
1608,11.252668,10.990167
1609,11.984236,10.592023
1610,10.881280,9.900187
1611,7.156815,6.860719
1612,8.042506,8.071682
1613,8.573498,8.474494
1614,9.941364,10.408072
1615,10.178537,10.012945
1616,12.037402,9.868696
1617,10.884178,10.491701
1618,11.789857,9.996187
1619,9.689101,9.582522
1620,7.964730,8.292337
1621,8.951179,9.179199
1622,9.217794,9.695115
1623,11.237888,11.596426
1624,10.934487,11.619128
1625,11.459633,11.470878
1626,11.772813,11.832775
1627,11.977037,11.002234
1628,9.814466,10.623561
1629,7.813100,8.146757
1630,8.539740,9.256647
1631,8.721632,9.543914
1632,10.630110,11.796585
1633,10.320965,11.240477
1634,10.974829,10.962447
1635,11.574058,11.792900
1636,11.166594,11.472992
1637,8.941724,10.778430
1638,7.801031,8.118726
1639,8.867183,8.926668
1640,9.139759,9.655930
1641,11.284214,11.604263
1642,11.205606,11.641148
1643,11.465789,11.558654
1644,11.986981,12.095031
1645,12.221087,11.558638
1646,9.927301,11.485230
1647,7.517047,8.157743
1648,8.680932,8.770134
1649,8.594558,9.468550
1650,10.517759,11.571958
1651,10.380642,11.012143
1652,11.116020,10.610914
1653,11.454645,11.708769
1654,11.317099,11.119386
1655,8.944802,9.887455
1656,9.506353,8.423430
1657,9.680321,8.997746
1658,10.029756,9.747172
1659,13.194718,11.792769
1660,11.996636,11.752611
1661,12.817020,11.538987
1662,13.299921,12.199204
1663,13.089451,10.912920
1664,11.030559,11.748484
1665,9.430223,8.261750
1666,9.562931,9.289950
1667,9.391843,9.597227
1668,12.176677,11.742068
1669,11.148907,11.165351
1670,12.019239,10.951822
1671,12.901654,11.738936
1672,12.291751,10.803041
1673,9.809248,9.646007
1674,9.535080,8.548194
1675,9.934792,9.349010
1676,9.955729,9.866490
1677,12.951635,12.078228
1678,12.140163,11.619480
1679,12.612195,11.466081
1680,13.547235,12.250460
1681,13.403732,11.749430
1682,11.037936,10.647658
1683,9.485609,8.122586
1684,9.720611,9.245785
1685,9.436914,9.641675
1686,12.301708,11.820445
1687,11.403620,11.455336
1688,12.003575,10.783707
1689,12.868090,11.988758
1690,12.354294,11.280212
1691,9.809832,10.511760
1692,9.121907,8.527383
1693,9.496404,9.097328
1694,10.268661,9.728021
1695,12.299606,11.651147
1696,11.753056,11.541787
1697,12.548760,11.609137
1698,13.427584,12.185892
1699,12.755651,11.727207
1700,10.870503,10.795857
1701,8.758147,8.174823
1702,9.357458,9.075955
1703,9.268232,9.736982
1704,12.353492,11.629699
1705,10.977795,11.397972
1706,11.940985,10.631417
1707,12.892275,12.235811
1708,12.188262,10.195114
1709,9.684240,9.891305
1710,9.158567,8.437970
1711,9.583447,9.083703
1712,9.847564,9.592905
1713,12.562756,11.971323
1714,11.712800,11.376852
1715,12.695165,11.382601
1716,13.279376,12.105281
1717,12.793667,11.781730
1718,10.808857,10.720850
1719,8.768057,7.969282
1720,9.433876,8.948511
1721,9.326749,9.563390
1722,11.880866,11.763378
1723,11.112662,10.945501
1724,11.978899,10.798190
1725,12.611785,11.703568
1726,12.069078,10.682468
1727,9.766964,10.292459
1728,8.610124,7.948405
1729,9.295674,8.842478
1730,9.814720,9.625999
1731,11.299191,11.269956
1732,11.523331,11.600636
1733,12.219679,11.470816
1734,11.864280,11.834805
1735,12.487066,10.646428
1736,10.735590,10.662030
1737,8.705736,7.785914
1738,9.079432,8.983701
1739,9.331985,9.700109
1740,11.054391,11.313615
1741,10.821109,11.107586
1742,11.948269,11.052131
1743,11.585688,11.537936
1744,11.773928,11.182115
1745,9.753412,10.457240
1746,8.567288,7.826782
1747,9.523046,8.537183
1748,9.808207,9.598809
1749,11.457073,11.168038
1750,11.274183,11.175142
1751,12.211115,11.339485
1752,11.718790,11.626018
1753,12.272617,11.635041
1754,10.718856,11.388617
1755,8.637547,7.614347
1756,9.098577,8.819606
1757,9.357158,9.471000
1758,11.377273,11.395439
1759,10.972450,10.696457
1760,11.942906,11.332012
1761,11.515712,11.631032
1762,11.971979,10.606367
1763,9.747246,9.799341
1764,8.530394,7.814317
1765,9.369802,8.764206
1766,9.699819,9.686922
1767,11.258210,11.106613
1768,11.473738,11.165436
1769,12.142294,11.357323
1770,12.030970,11.541675
1771,11.906034,10.694055
1772,10.573367,10.657454
1773,8.397587,7.762429
1774,9.298375,8.822608
1775,9.255138,9.632668
1776,11.202204,11.142924
1777,10.734161,11.101753
1778,11.770087,10.876243
1779,11.547585,11.308899
1780,11.511191,10.964911
1781,9.659629,10.007682
1782,8.693763,7.555699
1783,9.080360,8.666662
1784,9.863654,9.392701
1785,11.451913,11.109619
1786,11.545323,11.293899
1787,12.206137,11.132402
1788,11.876646,11.502607
1789,12.053234,10.674466
1790,10.671036,10.517658
1791,8.304043,7.412817
1792,9.212629,8.422451
1793,9.310181,9.452272
1794,11.417767,11.103201
1795,10.799251,10.792352
1796,11.841420,10.845828
1797,11.505294,11.635751
1798,11.654507,10.878110
1799,9.711315,10.418692
1800,8.030964,8.351391
1801,8.708712,9.057210
1802,9.102767,9.734261
1803,11.167295,11.572898
1804,10.788618,11.634252
1805,11.473961,11.507987
1806,11.962662,12.091972
1807,11.781239,11.544912
1808,9.794582,10.381589
1809,7.850008,8.080258
1810,8.698700,8.813533
1811,8.738386,9.597315
1812,10.491982,11.694217
1813,10.325197,11.189681
1814,11.011909,11.205846
1815,11.352998,11.798589
1816,11.178200,11.285336
1817,8.913782,9.784307
1818,7.791567,8.166744
1819,8.642179,8.731513
1820,9.092937,9.575094
1821,11.235748,11.713492
1822,10.997902,11.622681
1823,11.551708,11.459228
1824,11.998486,12.190361
1825,11.948647,11.516074
1826,9.900275,11.335278
1827,7.739467,7.964820
1828,8.524000,8.840754
1829,8.608961,9.649335
1830,10.772184,11.723263
1831,10.380619,11.385578
1832,11.119833,10.873322
1833,11.535849,11.525154
1834,11.275099,10.543603
1835,8.883711,9.851124
1836,9.369555,8.396480
1837,9.624200,9.025369
1838,10.000148,9.901850
1839,12.570256,11.766475
1840,12.171969,11.665742
1841,12.620672,11.499782
1842,13.459539,12.090714
1843,12.977334,10.795244
1844,11.053276,11.649729
1845,9.110559,8.129771
1846,9.610416,9.187130
1847,9.362795,9.729494
1848,12.385964,11.638907
1849,11.161383,10.965691
1850,12.038328,11.112282
1851,13.120150,12.146312
1852,12.140211,11.236064
1853,9.809086,9.956560
1854,9.550449,8.386422
1855,9.917571,9.026983
1856,10.003079,9.915679
1857,12.942571,11.874743
1858,12.203298,11.492086
1859,12.994317,11.369329
1860,13.677830,12.139419
1861,13.282758,11.671727
1862,11.043234,10.783025
1863,9.476988,8.193913
1864,9.595017,9.052819
1865,9.447638,9.591476
1866,12.680707,11.730635
1867,11.259755,11.164815
1868,11.945274,10.730956
1869,12.661531,11.943233
1870,12.107298,11.138715
1871,9.836331,9.873410
1872,9.030902,8.614333
1873,9.546880,9.279911
1874,9.791647,9.855534
1875,12.231033,11.651953
1876,11.847449,11.527419
1877,12.699364,11.573760
1878,12.913085,12.072083
1879,12.803457,11.842306
1880,10.745316,11.771633
1881,8.682119,8.191188
1882,9.462188,8.937469
1883,9.270433,9.691984
1884,11.866759,11.510304
1885,11.189037,11.247018
1886,11.873250,11.054708
1887,12.846398,11.743898
1888,12.085105,10.243320
1889,9.740385,10.108823
1890,9.270994,8.269236
1891,9.551383,8.943069
1892,9.864890,9.639900
1893,12.625689,11.760668
1894,11.830822,11.462618
1895,12.587761,11.397399
1896,12.998090,12.314753
1897,12.914196,11.648389
1898,10.797617,11.532235
1899,9.101511,8.169655
1900,9.563870,8.807701
1901,9.333425,9.635841
1902,11.848177,11.753843
1903,11.214344,10.950052
1904,11.902174,10.908587
1905,12.802405,11.915847
1906,12.032415,11.192319
1907,9.775647,9.590312
1908,8.541955,7.886443
1909,9.550715,9.197049
1910,9.817149,9.745008
1911,11.362752,11.350957
1912,11.505470,11.411931
1913,12.171976,11.378666
1914,11.713167,11.808762
1915,12.229148,11.417473
1916,10.730227,10.908407
1917,8.602798,7.656573
1918,9.112515,9.011381
1919,9.323014,9.601104
1920,11.026610,11.389174
1921,10.774990,10.922812
1922,11.844191,11.088646
1923,11.557024,11.619234
1924,11.641129,10.785256
1925,9.807774,10.709197
1926,8.332203,7.838477
1927,9.296611,8.453391
1928,9.896606,9.528305
1929,11.400387,11.284003
1930,11.438253,11.235181
1931,12.199258,11.342429
1932,11.824518,11.687278
1933,12.130490,10.926744
1934,10.740652,11.468534
1935,8.601019,7.504871
1936,9.207788,8.609900
1937,9.383895,9.565221
1938,11.151642,11.278948
1939,10.747793,10.766875
1940,11.897421,11.019049
1941,11.513233,11.681579
1942,12.022095,10.862392
1943,9.756762,9.949822
1944,8.390524,7.861488
1945,9.391128,8.888838
1946,9.787006,9.739678
1947,11.254091,11.060059
1948,11.496721,11.346498
1949,12.111493,11.379320
1950,12.001658,11.773810
1951,12.200180,10.736472
1952,10.596237,10.354815
1953,8.221344,7.579202
1954,9.154900,8.785003
1955,9.229532,9.711752
1956,11.126985,11.052148
1957,10.734658,10.894526
1958,11.741028,10.929774
1959,11.462328,11.242606
1960,11.632309,11.342496
1961,9.709174,10.684584
1962,8.466456,7.633902
1963,9.514593,8.676092
1964,9.833735,9.523125
1965,11.441474,10.852399
1966,11.531691,11.297246
1967,12.129745,11.211868
1968,12.027443,11.461514
1969,12.137147,10.655754
1970,10.636641,11.507252
1971,8.712350,7.676869
1972,9.488639,8.365210
1973,9.388600,9.485179
1974,11.089620,11.273688
1975,10.664845,10.799418
1976,11.840408,10.785672
1977,11.489109,11.529385
1978,11.879391,10.741659
1979,9.708608,9.865018
1980,8.009438,8.277971
1981,8.564638,9.066739
1982,9.115515,9.711403
1983,11.040381,11.679695
1984,10.999732,11.861649
1985,11.513813,11.422346
1986,11.921258,12.024639
1987,11.932245,11.702911
1988,9.829841,10.822033
1989,8.010239,8.180853
1990,8.577632,9.039432
1991,8.724787,9.793838
1992,10.648841,11.274173
1993,10.178590,11.171665
1994,10.974683,11.149311
1995,11.543615,11.768313
1996,11.295053,11.588587
1997,8.907894,10.149877
1998,7.922337,7.925804
1999,8.616091,8.683114
2000,9.076303,9.498043
2001,11.281844,11.542618
2002,11.170797,11.325446
2003,11.526978,11.475002
2004,12.015091,11.937998
2005,12.124452,11.595439
2006,9.952467,11.026961
2007,8.021163,7.870534
2008,8.601566,8.744740
2009,8.540043,9.730513
2010,10.606929,11.522512
2011,10.345211,11.229520
2012,11.119948,10.739940
2013,11.557581,11.879916
2014,11.335962,10.990053
2015,8.965273,10.204577
2016,9.090041,8.502377
2017,9.587332,9.228614
2018,9.998785,9.797264
2019,12.751621,11.730229
2020,12.048902,11.584176
2021,12.609071,11.509334
2022,13.334340,12.206613
2023,13.116165,10.973701
2024,10.966073,11.626413
2025,9.205042,8.221614
2026,9.368025,9.141946
2027,9.435055,9.615475
2028,12.519472,11.694135
2029,11.180622,11.251673
2030,11.965773,10.806952
2031,13.041654,11.926250
2032,12.386799,10.608049
2033,9.873664,10.042482
2034,9.400109,8.321742
2035,10.016893,9.388057
2036,10.048370,9.752695
2037,12.966151,11.966745
2038,12.069269,11.713862
2039,12.819947,11.524234
2040,13.394069,12.099002
2041,13.083768,11.996020
2042,11.042467,10.861201
2043,9.274653,8.226418
2044,9.415344,8.908634
2045,9.480262,9.575860
2046,12.336454,11.936483
2047,11.383556,11.519484
2048,12.063967,11.027006
2049,12.864724,12.046673
2050,12.395267,10.206240
2051,9.853502,9.790644
2052,8.584790,8.140984
2053,9.648187,8.991291
2054,9.759268,9.800633
2055,12.428225,11.639739
2056,11.829338,11.497720
2057,12.512584,11.826550
2058,13.497376,12.169201
2059,12.836550,11.554750
2060,10.771989,11.159919
2061,8.559002,7.991376
2062,9.262864,9.092337
2063,9.303905,9.874134
2064,11.728199,11.804314
2065,11.012673,11.333134
2066,11.964355,11.172852
2067,12.801079,11.576515
2068,12.103652,11.051656
2069,9.759397,10.865321
2070,8.954982,8.168640
2071,9.571513,9.121017
2072,9.859964,9.718924
2073,12.176546,11.725224
2074,11.826826,11.316884
2075,12.728264,11.398685
2076,13.442591,12.107443
2077,12.912512,11.073456
2078,10.818899,10.622436
2079,8.587194,8.016595
2080,9.481401,8.895550
2081,9.337730,9.668479
2082,11.892977,11.890056
2083,11.079726,11.157152
2084,12.015697,11.031218
2085,12.573845,12.223255
2086,12.086702,11.069650
2087,9.851362,10.547153
2088,8.743953,7.956235
2089,9.340492,8.964228
2090,9.833525,9.797080
2091,11.327526,11.098342
2092,11.616613,11.349946
2093,12.244833,11.717350
2094,12.099379,11.735975
2095,12.125286,11.519454
2096,10.835932,11.499516
2097,8.632391,7.847284
2098,9.167650,9.031510
2099,9.396128,9.572884
2100,10.968343,11.383798
2101,11.043102,11.274442
2102,11.956711,11.175051
2103,11.275271,11.474451
2104,11.809579,10.675943
2105,9.742390,9.960652
2106,8.337024,7.951932
2107,9.584253,8.805820
2108,9.796278,9.621732
2109,11.416374,11.135000
2110,11.659889,11.283197
2111,12.217015,11.407141
2112,11.870935,11.767960
2113,12.297268,11.626061
2114,10.799448,10.464283
2115,8.310615,7.610265
2116,9.276051,8.748796
2117,9.331381,9.533347
2118,11.001515,11.392101
2119,11.038992,10.131119
2120,11.811169,11.043987
2121,11.354346,11.467634
2122,11.875092,10.442661
2123,9.685650,10.184560
2124,8.574719,7.961594
2125,9.433986,8.992295
2126,9.786673,9.690054
2127,11.498747,11.145823
2128,11.493072,11.320021
2129,12.176009,11.410298
2130,11.780234,11.754541
2131,12.141701,11.294292
2132,10.636021,10.786991
2133,8.454811,7.664852
2134,9.041258,8.761058
2135,9.306871,9.550256
2136,11.279301,11.264526
2137,10.780812,11.302059
2138,11.982022,11.247090
2139,11.546534,11.332251
2140,11.700232,10.853049
2141,9.736250,10.017250
2142,8.466745,7.839372
2143,9.293951,8.631882
2144,9.801015,9.593410
2145,11.304420,11.132881
2146,11.508781,11.542487
2147,12.266689,11.333754
2148,11.804741,11.618009
2149,12.147451,10.616818
2150,10.699617,10.878831
2151,8.684927,7.521567
2152,9.169292,8.428385
2153,9.345421,9.467307
2154,11.026412,11.293632
2155,10.916708,10.887209
2156,11.852962,11.095427
2157,11.472586,11.284436
2158,11.700891,10.934011
2159,9.744842,9.673260
2160,6.338497,7.554118
2161,7.301965,7.908172
2162,8.068850,8.486748
2163,9.848876,10.843895
2164,10.240953,10.651776
2165,11.270913,10.182405
2166,10.939158,11.951134
2167,11.184640,10.337021
2168,9.701591,10.861422
2169,6.401759,7.177899
2170,7.286251,8.051340
2171,7.667984,8.265197
2172,9.593380,11.056771
2173,9.346910,10.009641
2174,10.733793,9.865964
2175,9.973391,11.522758
2176,10.607940,10.524459
2177,8.541167,9.120465
2178,6.478622,6.998967
2179,7.560480,7.391334
2180,7.935098,7.871305
2181,9.860906,10.450732
2182,10.299045,10.082048
2183,11.239767,9.922252
2184,10.800180,11.134832
2185,11.192673,10.677443
2186,9.716710,10.305236
2187,6.197935,6.964196
2188,7.446779,7.564889
2189,7.619298,7.648120
2190,9.423567,10.767673
2191,9.362795,9.998840
2192,10.704037,9.388959
2193,10.249737,10.797011
2194,10.545515,9.641666
2195,8.660527,8.977095
2196,7.232487,7.641819
2197,8.363835,8.914870
2198,9.105171,8.610199
2199,11.037155,11.319901
2200,11.597773,11.303841
2201,12.715434,10.899424
2202,12.444700,12.192427
2203,12.558437,11.705750
2204,11.092926,10.501641
2205,7.063515,7.466413
2206,8.162821,8.467828
2207,8.523740,8.360134
2208,10.580792,11.349298
2209,10.570618,10.491500
2210,12.186481,9.738805
2211,11.762094,11.705600
2212,11.651726,9.938381
2213,9.847382,9.223841
2214,7.154716,7.537320
2215,8.447153,8.538157
2216,9.181734,8.326818
2217,11.066797,11.071456
2218,11.190617,11.263451
2219,12.637792,10.373119
2220,12.246432,12.380495
2221,12.551769,10.687068
2222,11.266687,11.077333
2223,6.896066,7.147153
2224,8.195084,8.593401
2225,8.655621,8.414907
2226,10.607264,11.360144
2227,10.160380,10.693332
2228,12.262957,9.526948
2229,11.438299,11.851653
2230,11.823701,10.613885
2231,9.817353,8.882224
2232,7.032418,7.548498
2233,8.429018,8.874961
2234,9.004813,8.527694
2235,10.842505,11.202563
2236,11.227703,11.139303
2237,12.561686,11.031920
2238,12.182148,11.954336
2239,12.520977,11.251601
2240,11.018366,11.084542
2241,6.926335,7.529430
2242,8.109383,8.228073
2243,8.572012,8.465487
2244,10.443955,11.282301
2245,10.490991,10.754612
2246,12.185349,9.835041
2247,11.010619,11.487178
2248,11.607862,10.088789
2249,9.695196,10.043915
2250,7.055802,7.502075
2251,8.126985,8.404039
2252,8.953451,8.422527
2253,10.867132,11.135969
2254,11.074019,11.109675
2255,12.658315,10.535256
2256,11.961773,11.822489
2257,12.416769,10.574840
2258,11.001605,11.214694
2259,7.170851,7.469054
2260,8.134701,8.684204
2261,8.502060,8.035126
2262,10.370025,11.402315
2263,10.026361,10.339071
2264,12.091890,9.511181
2265,11.030190,11.423485
2266,11.615400,9.573500
2267,9.744757,8.968047
2268,7.140073,7.373066
2269,8.422371,8.551975
2270,9.051783,8.260705
2271,10.325361,11.043928
2272,11.259668,10.862664
2273,12.417975,10.251078
2274,11.344856,11.528031
2275,11.914068,10.269033
2276,10.956011,10.039339
2277,7.265788,7.275091
2278,8.037741,8.397909
2279,8.640386,8.301074
2280,10.297170,10.677688
2281,10.338373,10.369651
2282,12.105059,9.101948
2283,10.865547,11.090907
2284,11.384731,10.263332
2285,9.698307,8.863643
2286,7.300177,7.116993
2287,8.121135,8.163631
2288,9.052702,8.132526
2289,10.346354,10.459020
2290,11.034332,10.638834
2291,12.509655,10.052313
2292,11.283961,11.035658
2293,12.089473,10.101083
2294,10.998984,10.592853
2295,6.978064,6.695626
2296,8.083565,8.102884
2297,8.614765,8.123126
2298,10.177693,10.761158
2299,10.066658,10.186293
2300,12.080580,9.275131
2301,10.687652,10.981120
2302,11.391945,9.165664
2303,9.700154,8.402809
2304,7.171996,7.035848
2305,8.168138,8.294865
2306,8.936535,8.370842
2307,10.009008,10.372516
2308,10.690943,10.778733
2309,12.363185,10.050849
2310,11.128711,11.524648
2311,12.142201,10.112703
2312,10.904263,10.155199
2313,7.260375,6.930041
2314,8.165483,8.324135
2315,8.534485,8.344807
2316,10.142951,10.768537
2317,10.042080,10.531521
2318,11.885110,9.726118
2319,10.499066,10.928656
2320,11.322436,9.777248
2321,9.599747,8.937977
2322,6.799123,7.032654
2323,7.992699,8.303722
2324,8.954845,8.066506
2325,10.448518,10.440877
2326,10.914907,10.694681
2327,12.444016,10.177900
2328,11.378255,11.203408
2329,12.014338,9.996420
2330,10.740288,9.842500
2331,6.863215,6.844386
2332,8.204506,8.062485
2333,8.602036,8.155445
2334,10.054819,10.693142
2335,10.126844,10.102715
2336,11.917329,9.190167
2337,10.692591,10.493540
2338,11.145925,9.928739
2339,9.634484,8.461313
2340,7.878242,8.272021
2341,8.568130,9.260206
2342,9.144910,9.943481
2343,10.997847,11.627012
2344,10.752687,11.536389
2345,11.387572,11.620227
2346,11.829933,12.099242
2347,11.966153,11.861865
2348,9.864036,11.382531
2349,7.940272,7.995632
2350,8.640681,9.151509
2351,8.656515,9.940187
2352,10.576870,11.427181
2353,10.215893,11.408164
2354,10.986091,11.252945
2355,11.252990,11.757194
2356,11.145548,11.547391
2357,8.928367,10.802459
2358,7.647297,8.139563
2359,8.885077,8.949647
2360,9.034353,9.797439
2361,10.909738,11.608912
2362,11.067904,11.768073
2363,11.477723,11.603947
2364,11.880078,12.192182
2365,11.821484,11.682590
2366,9.982286,10.679186
2367,7.459673,8.020816
2368,8.603414,9.053858
2369,8.541757,9.870489
2370,10.504436,11.730855
2371,10.296827,11.160521
2372,11.043184,10.910581
2373,11.506667,12.123972
2374,11.356769,11.045809
2375,8.930599,9.770304
2376,9.360157,8.330103
2377,9.991354,9.581208
2378,9.993630,9.820028
2379,12.721201,11.708099
2380,12.100725,11.753819
2381,12.527636,11.764540
2382,13.478020,12.807942
2383,13.006264,11.952261
2384,10.990046,11.776575
2385,9.418220,8.155947
2386,9.608858,9.054670
2387,9.374928,9.861921
2388,12.102241,11.907732
2389,11.284641,11.483066
2390,11.946630,11.219994
2391,13.169484,12.032621
2392,12.214622,11.564518
2393,9.834546,10.622961
2394,9.357024,8.387697
2395,9.894388,9.430076
2396,10.019570,9.947657
2397,12.882006,11.759866
2398,12.226530,12.009038
2399,12.752516,11.693744
2400,13.584965,12.289457
2401,13.035249,12.220236
2402,10.971160,11.345957
2403,9.117709,8.199064
2404,9.851698,9.280333
2405,9.366973,9.874284
2406,12.290133,11.839175
2407,11.236177,11.471459
2408,11.867937,11.222178
2409,12.712687,12.088451
2410,12.236568,10.931817
2411,9.833089,9.901394
2412,8.928872,8.231978
2413,9.387313,9.177439
2414,9.851962,10.088097
2415,12.100817,11.572564
2416,11.830997,11.868379
2417,12.723730,11.759226
2418,13.018651,12.299677
2419,13.159468,10.931953
2420,10.787844,12.116271
2421,8.740899,8.145760
2422,9.404761,9.249853
2423,9.169399,9.922410
2424,12.245489,11.712433
2425,11.243958,11.272072
2426,11.785587,11.372868
2427,12.478218,11.773493
2428,12.134830,11.373738
2429,9.741860,9.941473
2430,8.891095,8.088462
2431,9.293180,9.132465
2432,9.812576,10.004744
2433,12.476156,11.826675
2434,11.941568,11.674886
2435,12.814194,11.556803
2436,13.384106,12.432816
2437,12.730841,11.737236
2438,10.873523,10.889632
2439,8.685654,7.914541
2440,9.398094,9.268608
2441,9.291069,9.944785
2442,12.092062,11.675062
2443,10.950855,11.331745
2444,11.960880,11.265009
2445,12.774533,11.885954
2446,12.009670,10.751474
2447,9.748911,9.854362
2448,8.630531,7.857231
2449,9.358184,9.111963
2450,9.740315,9.856659
2451,11.527296,11.356874
2452,11.679846,11.648557
2453,12.191916,11.689916
2454,11.823182,11.836544
2455,12.214800,11.715617
2456,10.846077,11.423451
2457,8.442976,7.606643
2458,9.440232,8.910187
2459,9.263441,9.673695
2460,10.893953,11.266713
2461,10.782667,11.226516
2462,11.873510,11.190281
2463,11.253404,11.468595
2464,11.622849,11.419043
2465,9.720412,10.739635
2466,8.786593,7.857023
2467,9.456706,9.080806
2468,9.856528,9.935791
2469,11.557085,11.143984
2470,11.450252,11.429314
2471,12.170223,11.500625
2472,11.620363,11.918887
2473,12.386613,10.653987
2474,10.793348,10.860576
2475,8.820984,7.601360
2476,9.357198,8.764587
2477,9.265584,9.820248
2478,11.638436,11.291566
2479,10.914158,11.368668
2480,11.867919,11.031720
2481,11.670023,11.619112
2482,11.646137,10.745598
2483,9.844490,9.688336
2484,8.481005,7.609844
2485,9.125114,8.959291
2486,9.798439,9.718428
2487,11.365309,10.980387
2488,11.247143,11.293149
2489,12.189697,11.585363
2490,11.982641,11.776859
2491,12.154566,11.611780
2492,10.715626,11.624556
2493,8.720732,7.631830
2494,9.238996,8.839826
2495,9.276832,9.821209
2496,10.997580,11.006414
2497,10.789259,11.102246
2498,11.773472,11.256206
2499,11.477151,11.256866
2500,11.730958,10.959116
2501,9.703558,10.666067
2502,8.748199,7.517583
2503,9.447343,8.885844
2504,9.760750,9.639000
2505,11.635668,11.156137
2506,11.427338,11.324987
2507,12.217220,11.527593
2508,11.876956,11.872032
2509,12.189863,10.739263
2510,10.647001,11.367458
2511,8.572412,7.773269
2512,9.100136,8.946896
2513,9.294809,9.734055
2514,11.281149,11.263284
2515,10.531231,10.831087
2516,11.835482,10.950240
2517,11.494613,11.630769
2518,11.931729,11.541933
2519,9.752702,10.573809
2520,7.908350,8.261866
2521,8.731717,9.463118
2522,9.168778,10.000666
2523,11.107665,11.593306
2524,10.735383,11.614874
2525,11.417069,11.423820
2526,12.207908,12.111837
2527,11.729792,11.309653
2528,9.851768,11.727293
2529,7.945765,8.091854
2530,8.738765,9.139455
2531,8.713841,9.953661
2532,10.588028,11.705038
2533,10.268541,11.226675
2534,11.000257,11.305495
2535,11.293251,11.843937
2536,11.232662,11.767206
2537,8.959876,11.225295
2538,8.072142,8.048295
2539,8.693452,8.912457
2540,9.111364,9.703753
2541,11.304320,11.565512
2542,11.160049,11.619305
2543,11.489324,11.656660
2544,11.521567,12.119262
2545,11.913099,11.619205
2546,9.990554,11.261692
2547,8.070565,7.921449
2548,8.381065,9.001136
2549,8.508174,9.797410
2550,10.726160,11.752744
2551,10.277805,11.124714
2552,10.958101,10.821677
2553,11.332565,11.764058
2554,11.497244,10.173382
2555,8.856374,9.638737
2556,9.071107,8.539502
2557,9.755021,9.439635
2558,9.966291,10.017230
2559,13.221973,11.585106
2560,12.037934,11.711116
2561,12.399893,11.914446
2562,13.117190,12.555902
2563,13.136531,11.545615
2564,10.981626,12.093962
2565,9.419488,8.153526
2566,9.581557,9.105471
2567,9.366737,9.855242
2568,12.433542,11.889037
2569,11.241736,11.319251
2570,11.929030,11.440102
2571,12.457103,11.878330
2572,12.303227,10.428659
2573,9.794046,10.938906
2574,9.104248,8.342668
2575,9.768288,9.352772
2576,10.019871,9.964711
2577,12.726006,11.939804
2578,12.242218,11.710584
2579,12.707339,11.261698
2580,13.594358,12.476515
2581,13.182136,10.765786
2582,10.983730,11.807308
2583,9.113781,8.144742
2584,9.714383,9.058929
2585,9.411495,10.059290
2586,12.514592,12.000757
2587,11.317877,11.495133
2588,11.831103,11.304654
2589,12.792020,12.265453
2590,12.112595,10.124288
2591,9.798084,10.553699
2592,8.973225,8.126605
2593,9.633571,9.504986
2594,9.790331,10.038414
2595,12.405958,11.852674
2596,11.792398,11.819958
2597,12.481526,11.640726
2598,12.845901,12.564145
2599,12.855391,12.138403
2600,10.791331,12.054801
2601,9.128557,8.152093
2602,9.335584,9.330890
2603,9.233797,9.947301
2604,11.706240,11.682204
2605,10.969628,11.278475
2606,11.851866,11.123640
2607,12.448509,12.028983
2608,12.118057,11.199860
2609,9.802641,10.122359
2610,9.029058,8.211908
2611,9.537763,9.510583
2612,9.815456,9.886824
2613,12.336208,11.853952
2614,11.884478,11.739192
2615,12.640598,11.715803
2616,13.058515,12.283288
2617,12.853824,11.103938
2618,10.820782,11.867811
2619,8.849583,8.168241
2620,9.527765,9.187647
2621,9.302608,9.848059
2622,12.149836,11.881247
2623,11.200539,11.426408
2624,11.897546,11.334968
2625,12.400990,11.759639
2626,12.002394,11.156671
2627,9.807815,10.529982
2628,8.526673,7.998291
2629,9.344221,9.059555
2630,9.789187,9.931842
2631,11.433733,11.182375
2632,11.556017,11.538561
2633,12.150799,11.724402
2634,11.994818,11.832486
2635,12.325497,11.314507
2636,10.714980,11.437828
2637,8.601276,7.857327
2638,9.083622,8.906240
2639,9.280823,9.762541
2640,11.177176,11.335708
2641,10.698286,11.128432
2642,11.844049,11.301747
2643,11.381606,11.620676
2644,11.762699,10.700935
2645,9.688681,10.802508
2646,8.585690,7.775129
2647,9.362334,8.876490
2648,9.852160,9.802536
2649,11.423435,11.557233
2650,11.457906,11.451238
2651,12.265936,11.211705
2652,12.020546,11.913085
2653,12.190709,11.466770
2654,10.715656,11.688474
2655,8.732473,7.593654
2656,9.295225,8.769382
2657,9.293798,9.713492
2658,11.343884,11.297226
2659,10.760227,10.991742
2660,11.909004,10.990655
2661,11.590731,11.356615
2662,11.795956,11.261951
2663,9.728971,10.568162
2664,8.528214,7.736155
2665,9.348780,8.892027
2666,9.696881,9.838487
2667,11.373983,10.993772
2668,11.359598,11.511803
2669,12.171278,11.506564
2670,11.958080,11.651968
2671,12.180372,10.979918
2672,10.662917,10.781532
2673,8.532332,7.589353
2674,9.268733,8.989789
2675,9.277345,9.744869
2676,11.019126,11.055693
2677,10.528531,10.986118
2678,11.752672,11.288669
2679,11.317984,11.413994
2680,11.780329,11.397044
2681,9.642547,10.421015
2682,8.577014,7.526650
2683,9.483545,8.972053
2684,9.765483,9.754076
2685,11.492391,11.117132
2686,11.460229,11.306735
2687,12.232600,11.541081
2688,11.908879,11.518729
2689,12.186033,11.711412
2690,10.683651,10.852481
2691,8.303563,7.584031
2692,9.274548,8.735498
2693,9.266311,9.833675
2694,11.067830,11.215290
2695,10.892496,10.902676
2696,11.711676,10.903378
2697,11.334945,11.363015
2698,11.717701,11.270999
2699,9.661205,10.359366
2700,7.918131,8.181665
2701,8.925434,9.380420
2702,9.107866,10.089041
2703,10.937968,11.561433
2704,10.884728,11.782300
2705,11.457458,11.657224
2706,11.805668,12.167735
2707,11.777925,10.841415
2708,9.842102,10.664405
2709,7.975102,8.341237
2710,8.673960,9.356811
2711,8.665777,10.005606
2712,10.367781,11.358582
2713,10.206008,11.252465
2714,11.000022,10.749664
2715,11.151877,11.774330
2716,11.199855,10.607722
2717,8.865046,10.516441
2718,7.843405,8.016839
2719,8.752540,9.244944
2720,9.080849,10.017372
2721,11.023459,11.454474
2722,11.090685,11.480781
2723,11.501719,11.640191
2724,12.028728,12.177016
2725,11.910325,11.814459
2726,9.947120,10.674561
2727,7.743973,8.011010
2728,8.496773,9.238208
2729,8.542968,9.919973
2730,10.556375,11.725016
2731,10.239863,10.950246
2732,10.851965,10.670550
2733,11.437227,12.204072
2734,11.178798,11.021607
2735,8.964143,10.244726
2736,9.221949,8.431761
2737,9.611145,9.253187
2738,9.984207,9.861970
2739,12.606302,12.096111
2740,12.218067,11.894821
2741,12.778157,11.798122
2742,13.234973,12.400317
2743,13.061945,11.636635
2744,11.034412,12.027655
2745,9.416506,8.101575
2746,9.774395,9.283166
2747,9.380654,9.884220
2748,12.392615,11.813762
2749,11.126839,10.975896
2750,11.990206,11.261588
2751,12.915286,11.825108
2752,12.323261,11.446856
2753,9.808908,11.289869
2754,9.121640,8.271173
2755,9.662987,9.269219
2756,9.956644,9.974802
2757,12.612179,12.010260
2758,11.862635,11.802056
2759,12.597890,11.773472
2760,13.171348,12.269648
2761,13.280214,11.455173
2762,11.036886,11.284417
2763,8.850224,8.137423
2764,9.545847,9.153625
2765,9.434062,10.193905
2766,11.986533,12.181482
2767,11.259522,11.164575
2768,11.918950,11.271280
2769,12.647846,11.985844
2770,12.035288,11.304236
2771,9.794250,10.718145
2772,8.605584,8.221334
2773,9.575001,9.426725
2774,9.837270,10.106466
2775,12.118307,11.596130
2776,11.695539,11.811586
2777,12.369256,11.763560
2778,13.014654,12.298885
2779,12.811889,10.917571
2780,10.884629,12.155162
2781,8.996786,8.259414
2782,9.317918,9.444098
2783,9.271811,10.016891
2784,12.220406,11.737371
2785,11.022061,11.208282
2786,11.951969,11.415050
2787,12.264042,11.844930
2788,12.012525,11.814583
2789,9.791222,10.805240
2790,8.966716,8.355784
2791,9.246098,9.352293
2792,9.850668,9.924643
2793,12.578606,12.029437
2794,11.937588,11.661001
2795,12.532321,11.604117
2796,12.706375,12.470975
2797,12.800720,11.761110
2798,10.766094,11.637894
2799,8.876612,8.107618
2800,9.426871,8.876967
2801,9.267620,9.635210
2802,11.874405,11.930389
2803,11.102936,11.224024
2804,11.861921,10.647922
2805,12.555455,12.210683
2806,12.190589,10.797598
2807,9.793421,10.367426
2808,8.725740,7.754238
2809,9.225338,9.099427
2810,9.813171,9.988295
2811,11.251284,11.239239
2812,11.347818,11.567530
2813,12.286128,11.612730
2814,11.825640,12.112427
2815,12.125486,11.058878
2816,10.703918,11.115639
2817,8.374704,7.771574
2818,9.322716,9.015481
2819,9.272476,9.886872
2820,11.334487,11.278984
2821,10.716223,11.082319
2822,11.762914,11.054276
2823,11.541242,11.582994
2824,11.797197,11.337566
2825,9.700450,11.114042
2826,8.427917,7.898184
2827,9.336897,9.106483
2828,9.839180,9.901715
2829,11.660311,11.600991
2830,11.431799,11.612565
2831,12.190319,11.571859
2832,11.719531,11.843057
2833,12.123585,11.543793
2834,10.632724,11.671075
2835,8.871251,7.531123
2836,9.399006,8.649675
2837,9.359607,9.793602
2838,10.811243,11.422427
2839,10.789660,11.042570
2840,11.944048,10.842905
2841,11.621105,11.385354
2842,11.684661,10.090034
2843,9.772895,10.722233
2844,8.638373,7.988392
2845,9.290443,9.135534
2846,9.761169,9.913569
2847,11.086809,11.007615
2848,11.415318,11.516077
2849,12.139156,11.606114
2850,11.605377,11.710035
2851,12.135111,10.718134
2852,10.596256,11.352184
2853,8.360551,7.712931
2854,9.142746,9.038431
2855,9.261890,9.752589
2856,10.864244,11.284526
2857,10.562940,10.696321
2858,11.749873,11.218526
2859,11.647519,11.416795
2860,11.779236,10.832461
2861,9.652186,10.226194
2862,8.497263,7.456437
2863,9.343186,8.785041
2864,9.801725,9.813948
2865,11.386294,11.173778
2866,11.441198,11.634255
2867,12.115260,11.475533
2868,11.682423,11.724135
2869,12.266855,11.411596
2870,10.679603,11.607430
2871,8.470574,7.625314
2872,9.146813,8.701681
2873,9.261047,9.886570
2874,11.431121,11.281267
2875,10.785400,11.016255
2876,11.920271,11.113840
2877,11.376995,11.471216
2878,11.627842,10.970071
2879,9.696627,10.817578
0,6.548884,7.932050
1,7.642613,8.679140
2,8.100480,8.648931
3,9.595444,11.086319
4,10.259557,11.360437
5,11.299852,11.038322
6,11.328315,11.869446
7,11.508778,11.731124
8,9.801307,11.483042
9,6.649521,7.819068
10,7.274198,8.509995
11,7.631399,8.409353
12,9.439336,10.556546
13,9.338513,11.064228
14,10.672793,10.562593
15,10.521166,11.622686
16,10.798777,10.995233
17,8.660966,10.338332
18,6.637428,7.599419
19,7.437243,7.883919
20,8.092285,8.312784
21,9.749872,10.939995
22,10.473785,11.192631
23,11.269661,10.718235
24,11.130439,11.786854
25,11.297537,11.399320
26,9.790415,11.126922
27,6.625197,7.679210
28,7.059750,8.518555
29,7.693800,8.000120
30,9.618723,10.889020
31,9.491176,10.453118
32,10.777071,10.375795
33,10.689093,11.562732
34,10.755680,11.261824
35,8.634730,10.350821
36,7.014446,7.942150
37,8.421896,8.849974
38,9.080783,8.793548
39,11.158369,11.209270
40,11.447895,11.876152
41,12.668978,11.333434
42,12.588353,12.161032
43,12.768017,12.015024
44,11.314333,11.418856
45,7.224778,7.794281
46,8.274187,8.850130
47,8.561307,8.743034
48,10.335980,11.213919
49,10.685638,11.298912
50,12.163777,10.741182
51,11.888550,11.891094
52,12.247290,12.067600
53,9.839072,11.033304
54,7.393827,7.537536
55,8.109274,8.925059
56,9.100076,8.681565
57,11.103928,11.141509
58,11.247478,11.865035
59,12.690639,11.161263
60,12.207135,11.980696
61,12.590771,12.228767
62,11.275767,11.463057
63,6.893900,7.687202
64,8.087925,8.839224
65,8.596801,8.641869
66,10.627584,11.231822
67,10.706057,11.337112
68,12.147187,10.639538
69,11.760056,11.966743
70,11.978800,11.902927
71,9.862255,10.882674
72,7.001044,7.855180
73,8.264133,8.747312
74,8.908717,8.854717
75,11.106312,11.122798
76,11.065703,11.760003
77,12.682910,11.463565
78,11.757112,12.060139
79,12.287697,12.070554
80,11.072758,11.564579
81,6.846085,7.785778
82,8.153981,8.960367
83,8.534811,8.840600
84,10.455290,11.531635
85,10.072798,11.497375
86,12.182386,11.048549
87,11.739291,12.159986
88,11.491102,11.569880
89,9.750259,10.784626
90,7.138999,7.533646
91,8.246609,8.529455
92,9.024246,8.662542
93,10.772993,11.061844
94,11.193208,11.737996
95,12.567859,11.070040
96,12.156335,11.875805
97,12.577447,12.241068
98,11.078874,11.584602
99,6.874943,7.772951
100,7.891176,8.850749
101,8.660874,8.509820
102,10.621510,11.153206
103,10.311663,11.233305
104,12.196898,10.697683
105,11.364392,11.987795
106,11.753377,11.843154
107,9.747460,10.914780
108,7.006950,7.930779
109,8.329243,8.962343
110,9.057058,9.719856
111,10.538099,11.115348
112,11.044018,11.875091
113,12.575619,12.104757
114,11.358120,11.828653
115,11.979896,11.864491
116,10.980420,11.536600
117,7.125152,7.777402
118,8.248548,8.841670
119,8.575079,9.709857
120,10.194901,10.936317
121,10.238242,11.720558
122,11.953594,11.944769
123,10.954619,11.589065
124,11.495880,11.367843
125,9.740376,10.965112
126,7.444455,7.631616
127,8.515429,8.526686
128,9.073457,9.522065
129,10.502365,11.184853
130,11.331626,11.577658
131,12.584059,11.666982
132,11.472045,11.663152
133,12.205663,11.742685
134,11.028890,11.370600
135,7.234855,7.413057
136,8.105181,8.556893
137,8.688663,9.252786
138,10.264769,11.206717
139,10.122548,11.273797
140,12.181885,11.490086
141,10.943509,11.653039
142,11.904325,11.296792
143,9.752028,11.165541
144,6.962493,7.633614
145,8.197591,8.861436
146,8.970505,9.602745
147,10.502197,11.052563
148,11.019188,11.757128
149,12.386556,12.043761
150,11.386113,11.954161
151,12.312416,12.024803
152,10.825782,11.640537
153,7.356561,7.679433
154,7.857472,9.018126
155,8.570696,9.261269
156,10.186155,11.477224
157,10.174493,11.547397
158,11.942318,11.651344
159,10.930167,11.496417
160,11.792961,11.666557
161,9.697885,11.436033
162,7.018335,7.508536
163,8.385637,8.766662
164,9.055296,9.345574
165,10.471325,10.976010
166,11.072759,11.888232
167,12.592629,12.102431
168,11.370822,11.858616
169,12.067286,11.540178
170,10.818329,11.749117
171,7.146695,7.325579
172,8.124960,8.752670
173,8.625776,9.424006
174,10.051507,11.057369
175,10.171932,11.263196
176,12.022122,11.344779
177,10.874642,11.374569
178,11.431265,11.411199
179,9.647223,11.069934
180,8.110620,8.661880
181,8.658734,9.661794
182,9.170711,9.899117
183,11.185555,11.708221
184,10.806206,11.813215
185,11.435768,11.726538
186,12.138362,12.196889
187,11.957806,11.768267
188,9.926633,10.927648
189,7.792051,8.949973
190,8.572338,9.538550
191,8.760229,9.896464
192,10.682684,11.891101
193,10.034138,11.552053
194,11.038511,11.021964
195,11.404192,12.007185
196,11.317799,11.494083
197,8.994864,10.785767
198,7.814119,8.518824
199,8.604819,9.318562
200,9.138153,9.763863
201,10.984947,11.885986
202,11.254128,11.627727
203,11.686789,11.415531
204,12.055316,12.287552
205,12.156510,11.574874
206,9.912196,10.919624
207,7.997458,8.570377
208,8.481897,9.228732
209,8.572048,9.745562
210,10.710794,11.841376
211,10.367814,11.335418
212,11.087451,11.083575
213,11.313566,12.212550
214,11.318816,11.525293
215,8.874644,10.708040
216,9.354453,8.688902
217,9.922846,9.690258
218,10.004582,10.080232
219,12.787715,11.911436
220,12.055155,12.142299
221,12.734110,11.871539
222,13.712121,12.535809
223,12.960906,11.747320
224,11.034971,11.326897
225,9.325264,8.744866
226,9.823966,9.877552
227,9.428654,9.932447
228,12.410146,11.887053
229,11.221918,11.717366
230,12.112471,11.428945
231,12.928691,12.312089
232,12.352411,11.983927
233,9.852610,10.931028
234,9.409646,8.461679
235,9.723991,9.503881
236,10.053873,10.022062
237,12.719637,11.921084
238,11.972578,11.890856
239,12.708697,11.667109
240,13.536496,12.704272
241,13.358487,11.513267
242,11.060542,11.338193
243,8.772810,8.498894
244,9.563102,9.581590
245,9.445535,9.760553
246,12.497025,12.205663
247,11.437784,11.864219
248,12.106420,11.441648
249,12.915890,12.366730
250,12.236517,11.414464
251,9.832008,10.848866
252,8.665318,8.472575
253,9.559754,9.724437
254,9.860737,9.975274
255,12.556700,11.873108
256,11.994629,12.079868
257,12.403000,12.058598
258,13.077191,12.445269
259,12.922345,11.776066
260,10.879003,11.741021
261,9.092963,8.590488
262,9.604512,9.809471
263,9.234612,10.050055
264,12.042612,11.868800
265,11.195396,11.625128
266,11.956440,11.554752
267,12.606424,12.140972
268,12.132807,11.996517
269,9.801883,11.205435
270,8.567828,8.306993
271,9.591242,9.524450
272,9.822720,9.820054
273,12.601116,11.996166
274,11.953535,11.983532
275,12.531660,11.674633
276,13.197035,12.264624
277,12.881403,11.748512
278,10.847052,11.319451
279,8.645522,8.303109
280,9.674115,9.372863
281,9.332320,9.617162
282,12.227468,11.895501
283,11.242453,11.673138
284,11.953808,11.273035
285,12.643834,12.053262
286,12.108089,11.505802
287,9.842684,10.343626
288,8.813301,8.479727
289,9.434677,9.750755
290,10.169701,10.147702
291,11.455560,11.673890
292,11.472587,11.800266
293,12.292157,11.839737
294,11.715698,11.945951
295,12.291677,11.630542
296,10.780085,11.648825
297,8.570959,8.506569
298,9.401371,9.591030
299,9.319165,10.093901
300,10.916542,11.842108
301,11.072323,11.524720
302,11.937553,11.369634
303,11.508696,11.942488
304,11.740183,11.213071
305,9.785257,11.092957
306,8.719980,8.095318
307,9.408566,9.268718
308,9.811819,9.853488
309,11.328142,11.565966
310,11.680061,11.624167
311,12.448242,11.514815
312,12.152333,11.957753
313,12.460064,11.571664
314,10.866539,11.190719
315,8.763801,8.166837
316,9.449257,9.256195
317,9.394650,9.921719
318,11.259069,11.723883
319,10.909129,11.437672
320,11.997724,11.251394
321,11.403542,12.052120
322,11.803440,11.235699
323,9.723243,10.716923
324,8.676794,8.493887
325,9.632952,9.659430
326,10.023536,10.151023
327,11.306977,11.523285
328,11.292568,11.874953
329,12.254576,11.846099
330,11.811732,12.144302
331,12.436262,11.669169
332,10.684687,11.412971
333,8.325366,8.440042
334,9.257062,9.778740
335,9.369461,9.980404
336,11.276466,11.741902
337,10.681635,11.632767
338,12.009655,11.473231
339,11.715626,11.845114
340,12.020927,11.511002
341,9.830571,10.884106
342,8.633712,8.099977
343,9.370991,9.354513
344,9.899996,9.877511
345,11.460933,11.448510
346,11.536320,11.667076
347,12.326446,11.470125
348,11.982146,12.024202
349,12.199314,11.286525
350,10.794250,11.330247
351,8.282047,8.247794
352,9.066921,9.370122
353,9.303609,9.876745
354,11.159410,11.797599
355,10.864199,11.541193
356,12.008863,11.197397
357,11.638872,11.921426
358,11.827785,11.294183
359,9.802807,10.959260
360,8.053144,8.575249
361,8.827997,9.568639
362,9.164596,9.958138
363,11.178102,11.743493
364,11.022750,11.650364
365,11.576949,11.673768
366,11.844488,12.345346
367,12.036152,11.739996
368,9.903243,11.443219
369,7.848021,8.579081
370,8.528527,9.687535
371,8.680371,9.822167
372,10.293178,11.900023
373,10.409680,11.450405
374,11.050463,11.235366
375,11.714725,12.037674
376,11.269947,11.481884
377,8.932243,10.396315
378,7.973531,8.608757
379,8.683819,9.187443
380,9.117709,9.749356
381,11.141992,11.850077
382,11.054782,11.766190
383,11.549249,11.523388
384,12.050305,12.242091
385,12.048681,11.512749
386,10.030605,11.188344
387,7.895318,8.680601
388,8.751514,9.189916
389,8.612194,9.804318
390,10.713967,11.893164
391,10.196447,11.556716
392,11.085339,10.984963
393,11.333689,12.015060
394,11.347870,11.293024
395,8.950270,10.565505
396,9.082030,8.829645
397,10.071869,9.734205
398,9.930230,10.152380
399,13.442032,11.915590
400,12.191316,11.962031
401,12.766781,11.832631
402,13.656122,12.350420
403,13.130603,11.959541
404,11.022853,11.649899
405,8.957234,8.756571
406,9.622988,9.788512
407,9.353086,10.029374
408,12.290221,12.141732
409,11.122738,11.706313
410,12.165837,11.325572
411,12.966599,12.250614
412,12.243454,11.298666
413,9.876424,10.846837
414,9.550046,8.552599
415,9.677638,9.537164
416,10.058529,10.016594
417,13.004578,12.457271
418,12.294268,11.797653
419,12.773458,11.617079
420,13.453753,12.340348
421,13.312488,11.712359
422,11.032938,11.491283
423,9.295485,8.543587
424,9.634791,9.305128
425,9.452973,9.943757
426,12.375583,11.958546
427,11.434074,11.592537
428,12.190870,11.361472
429,12.954583,12.199285
430,12.170792,11.559690
431,9.841954,10.793823
432,8.630716,8.423293
433,9.707204,9.665815
434,9.809906,10.228291
435,12.183990,11.900861
436,12.043583,12.005983
437,12.536406,11.946074
438,13.349131,12.339754
439,13.036008,12.592444
440,10.835249,11.530437
441,9.112337,8.773089
442,9.372470,9.650617
443,9.299245,9.964184
444,11.810361,11.790110
445,11.132518,11.681081
446,12.013217,11.565044
447,12.825266,12.107898
448,12.048025,11.665964
449,9.734394,11.103216
450,8.781528,8.304387
451,9.406039,9.517200
452,9.814715,9.956671
453,12.633286,11.801154
454,11.862354,11.825925
455,12.603848,11.601463
456,12.973951,12.226848
457,13.004274,11.530052
458,10.873637,11.240881
459,8.882846,8.350480
460,9.214341,9.398262
461,9.342177,9.900215
462,11.820507,11.740668
463,11.278944,11.526701
464,11.955299,10.574854
465,12.537056,12.137178
466,11.960629,11.547339
467,9.805880,10.851835
468,8.684576,8.408049
469,9.456800,9.611017
470,9.820204,10.298326
471,11.462584,11.877437
472,11.634551,11.856410
473,12.273186,11.758199
474,11.981209,12.056942
475,12.421985,11.721491
476,10.703251,11.335343
477,8.428543,8.558001
478,9.270199,9.781446
479,9.372181,10.060633
480,11.062480,11.536041
481,10.691778,11.505370
482,11.989213,11.093043
483,11.485128,12.018034
484,11.736464,11.358671
485,9.749879,10.733332
486,8.959576,8.499102
487,9.469427,9.175156
488,10.013330,9.990011
489,11.622515,11.671139
490,11.510292,11.633269
491,12.363805,11.534620
492,11.986240,11.999793
493,12.354764,11.773130
494,10.824355,11.088441
495,8.720101,8.331644
496,9.326790,9.411826
497,9.380804,9.618412
498,11.092253,11.658288
499,10.767621,11.280527
500,12.065327,10.969751
501,11.414383,12.081013
502,11.823696,11.334803
503,9.744283,10.656417
504,8.394026,8.535823
505,9.528717,9.764846
506,9.814001,10.121506
507,11.682235,11.716161
508,11.512262,11.776557
509,12.171013,11.692333
510,11.647346,11.944298
511,12.115965,11.503306
512,10.626384,11.310502
513,8.754123,8.600700
514,9.400615,9.657377
515,9.343575,10.144046
516,10.996904,11.648645
517,11.040573,11.617668
518,11.908756,11.459681
519,11.260978,12.205288
520,11.921555,11.506755
521,9.728873,11.160129
522,8.552970,8.181999
523,9.638898,9.261271
524,9.891503,9.817063
525,11.466813,11.646955
526,11.484218,11.772542
527,12.199713,11.461942
528,11.722294,12.057281
529,12.204445,11.414900
530,10.717295,11.356329
531,8.572931,8.318514
532,9.286077,9.345628
533,9.303674,9.832125
534,11.116611,11.676580
535,10.793881,11.606465
536,11.957668,11.246672
537,11.544563,11.946003
538,11.655674,11.166369
539,9.734655,10.956710
540,8.034879,8.709272
541,8.918580,9.510368
542,9.215468,9.594777
543,11.248212,11.731192
544,11.033295,11.857751
545,11.463654,11.480722
546,12.158488,12.180757
547,11.914996,11.535589
548,9.856694,11.088388
549,7.956213,8.733939
550,8.591050,9.741214
551,8.712081,9.970525
552,10.550556,11.985798
553,10.351205,11.317350
554,11.089679,11.262262
555,11.196555,12.059801
556,11.137567,11.650270
557,8.915861,10.704836
558,7.934835,8.467513
559,8.828480,9.153767
560,9.130676,9.682373
561,11.340035,11.727586
562,11.107351,11.832407
563,11.672473,11.525557
564,12.221127,12.155213
565,12.082220,11.544575
566,9.950896,11.178511
567,8.014700,8.206568
568,8.620358,9.382028
569,8.491414,9.727047
570,10.493470,11.986524
571,10.211125,11.024684
572,11.112963,10.950772
573,11.484280,12.091097
574,11.482277,11.387740
575,8.950048,10.652635
576,9.184370,8.987360
577,9.588312,9.630417
578,10.073833,10.116398
579,12.557107,11.950713
580,12.164959,12.028556
581,12.769641,11.866676
582,13.587786,12.905540
583,13.327899,11.643197
584,11.038674,11.238421
585,8.876496,8.582512
586,9.719471,9.676006
587,9.453124,10.011493
588,12.274727,11.892996
589,11.218344,11.845320
590,12.155370,11.265566
591,12.938919,12.136124
592,12.430948,11.683617
593,9.877315,10.832729
594,9.171918,8.364609
595,9.874640,9.433705
596,10.003761,9.991457
597,12.872633,11.931068
598,12.182869,12.197943
599,12.751774,11.752661
600,13.670453,12.503922
601,13.095726,11.821345
602,11.062169,11.204455
603,9.163177,8.617896
604,9.496252,9.568912
605,9.396307,9.926385
606,12.493540,12.084826
607,11.432382,11.825337
608,12.048989,11.342196
609,12.981148,12.405657
610,12.560929,11.891701
611,9.871565,10.870065
612,8.840228,8.459004
613,9.686765,9.673453
614,9.765123,10.134761
615,12.379217,11.786087
616,11.993019,11.886299
617,12.703720,12.016409
618,12.983155,12.824390
619,13.148867,11.682468
620,10.867429,11.899796
621,8.835056,8.362681
622,9.272749,9.633009
623,9.274297,10.130276
624,11.670569,11.795209
625,11.045298,11.762434
626,11.977319,11.444758
627,12.641221,12.103328
628,12.143401,11.658903
629,9.835961,11.216117
630,8.811792,8.334133
631,9.849517,9.441899
632,9.856289,9.846052
633,12.522583,11.958670
634,11.776875,12.041847
635,12.752814,11.611890
636,13.080080,12.478052
637,12.811283,11.887465
638,10.927408,11.495924
639,8.845558,8.449273
640,9.416703,9.725692
641,9.314888,9.706867
642,11.946348,11.859725
643,11.290577,11.609991
644,12.032427,11.271971
645,12.972502,12.270000
646,12.064178,11.652074
647,9.849517,10.866918
648,8.702250,8.376760
649,9.582230,9.732092
650,9.848047,10.283427
651,11.376287,11.814388
652,11.611677,12.030435
653,12.345481,11.798234
654,11.986131,12.047255
655,12.235062,11.647144
656,10.861908,11.472482
657,8.724984,8.503910
658,9.490800,9.666918
659,9.327681,10.209505
660,11.160347,11.653012
661,10.950870,11.671990
662,12.088621,11.760496
663,11.679000,12.036915
664,11.789117,11.411109
665,9.809019,11.238767
666,8.733512,8.205034
667,9.479078,9.312192
668,9.987061,9.783820
669,11.346635,11.629300
670,11.620533,11.602651
671,12.277246,11.779474
672,12.106733,12.150986
673,12.232805,11.556710
674,10.826577,11.063249
675,8.913270,8.163523
676,9.117292,9.347540
677,9.344603,9.926329
678,11.220015,11.573889
679,10.940495,11.393775
680,12.000089,10.607845
681,11.325541,11.930855
682,12.106955,11.441819
683,9.807193,10.682250
684,8.455984,8.463760
685,9.301771,9.693659
686,10.063796,10.087317
687,11.390728,11.762979
688,11.423369,11.906821
689,12.232051,11.835998
690,11.770850,12.021282
691,12.307936,11.694955
692,10.658246,11.368536
693,8.432071,8.341032
694,9.407420,9.716992
695,9.262894,10.145782
696,11.149993,11.538280
697,10.714037,11.599648
698,11.926154,11.393727
699,11.507998,11.869894
700,11.816046,11.521740
701,9.801291,11.117017
702,8.505497,8.073176
703,9.395551,9.397438
704,9.882765,9.788972
705,11.218403,11.528567
706,11.532354,11.754246
707,12.271360,11.565858
708,11.798634,12.045533
709,12.098013,11.357996
710,10.658654,10.980639
711,8.440370,8.205556
712,9.304255,9.277416
713,9.349584,9.901805
714,10.983278,11.620174
715,10.814659,11.329316
716,11.924609,11.238742
717,11.467466,11.897728
718,11.791029,11.364923
719,9.739984,10.734830
720,6.267504,7.626644
721,7.303736,7.953198
722,8.083975,8.377193
723,9.531668,10.907354
724,10.126576,10.408596
725,11.258417,10.572905
726,10.799771,11.749461
727,11.508226,11.225268
728,9.776349,11.166130
729,6.541996,7.643159
730,7.092253,8.615785
731,7.580440,8.229940
732,9.365614,11.169894
733,9.632894,10.039881
734,10.569593,10.146589
735,10.313563,11.302636
736,10.672037,10.654227
737,8.640080,10.097695
738,6.406305,7.171647
739,7.334944,7.760789
740,8.072247,8.188535
741,9.677872,11.074543
742,10.192971,10.457193
743,11.337347,10.476586
744,11.119622,11.558928
745,11.340273,10.901247
746,9.897694,10.964074
747,6.375340,7.318222
748,7.530702,8.415854
749,7.573466,8.158000
750,9.531919,10.659971
751,9.450859,10.543672
752,10.629979,9.989957
753,10.687551,11.558888
754,10.477868,10.967171
755,8.642063,9.868757
756,7.389827,7.656886
757,8.408841,8.857926
758,9.083947,8.509874
759,11.039511,11.271966
760,11.566498,11.620938
761,12.735972,10.934881
762,12.294087,12.089980
763,12.519325,11.778802
764,11.266437,11.243676
765,7.204834,7.709494
766,8.077560,8.972061
767,8.643581,8.446272
768,10.561419,11.291526
769,10.270992,11.416654
770,12.125187,10.426231
771,11.745635,11.874243
772,11.814898,11.882709
773,9.797963,10.269124
774,7.051836,7.763132
775,8.406984,8.618828
776,8.932634,8.498884
777,11.205144,11.426668
778,11.575178,11.509348
779,12.804489,10.718770
780,12.374021,12.134061
781,12.483912,11.783734
782,11.100931,11.349305
783,7.467188,7.648628
784,8.375101,8.834482
785,8.689214,8.332033
786,10.726568,11.563800
787,10.513577,11.096290
788,12.205286,10.193827
789,11.500751,12.138280
790,12.232403,11.781385
791,9.829781,10.445833
792,6.880388,7.813766
793,8.096302,9.119150
794,8.992563,8.575711
795,10.814161,11.384485
796,11.004408,11.735300
797,12.605442,11.020453
798,11.786138,12.045233
799,12.564212,11.887676
800,11.058112,11.755909
801,7.097160,7.781157
802,8.044896,9.350374
803,8.568811,8.515162
804,10.193710,11.106998
805,10.454465,11.308306
806,12.138423,10.580766
807,11.431909,12.066988
808,11.949005,11.399647
809,9.757723,10.410374
810,7.230453,7.689844
811,8.140612,8.962839
812,9.085648,8.473234
813,11.268853,11.483192
814,11.307419,11.483795
815,12.731506,10.714620
816,12.367974,12.316353
817,12.639221,11.679330
818,11.081538,11.303438
819,7.033988,7.586818
820,8.214933,8.864485
821,8.437593,8.304912
822,10.376328,11.585011
823,10.317478,11.393225
824,12.139229,10.252989
825,11.530405,11.865825
826,11.954583,11.732462
827,9.754291,10.284096
828,6.848372,7.913226
829,8.224257,9.194481
830,9.032521,9.084618
831,10.452829,11.236365
832,11.027178,11.614900
833,12.588095,11.518140
834,11.408876,11.786788
835,12.267934,11.528412
836,10.965672,11.253763
837,7.279489,7.526980
838,8.104712,9.231874
839,8.595256,9.221243
840,10.195148,11.328014
841,10.170300,11.459929
842,12.028140,11.708211
843,11.039257,11.694490
844,11.778708,11.331598
845,9.744733,10.501175
846,7.117838,7.514957
847,8.182959,8.907433
848,9.127380,8.785103
849,10.489625,11.151587
850,11.138526,11.482330
851,12.492321,11.099614
852,11.310820,11.784389
853,12.262684,11.869555
854,10.966257,11.419850
855,7.269875,7.336102
856,8.176178,9.217388
857,8.619774,8.884965
858,10.149982,11.214819
859,10.397013,11.388968
860,12.168003,11.035771
861,10.883918,11.995018
862,11.322517,11.099709
863,9.672955,10.345672
864,6.913519,7.849273
865,8.158803,9.182365
866,8.979815,9.404051
867,10.408932,11.166753
868,10.986270,11.814670
869,12.330112,11.349863
870,11.289629,12.286282
871,12.020487,11.678806
872,10.868822,11.601659
873,7.036528,7.749777
874,8.080202,9.106456
875,8.506664,9.159489
876,9.948164,11.153188
877,10.186915,11.420872
878,12.043323,11.272870
879,10.635077,11.586032
880,11.580296,11.620807
881,9.759993,10.841822
882,7.383121,7.499580
883,8.201304,9.035113
884,9.001789,8.883537
885,10.215670,11.229382
886,10.963839,11.502353
887,12.403470,11.127190
888,11.063329,12.097342
889,11.874785,11.564907
890,10.774406,11.029202
891,7.166852,7.305364
892,8.143486,9.032549
893,8.501912,8.899443
894,10.086803,10.965099
895,10.246922,11.491015
896,11.985935,10.959197
897,10.835285,11.886481
898,11.367383,11.473072
899,9.676227,10.460340
900,8.087892,8.712274
901,8.843619,9.864119
902,9.072576,10.146963
903,11.048278,11.745150
904,10.946765,11.880873
905,11.411494,11.779595
906,11.916292,12.388990
907,11.747398,11.370607
908,9.853831,11.269030
909,8.118471,8.531901
910,8.597268,9.655994
911,8.725742,10.013404
912,10.645071,11.822017
913,10.348490,11.593031
914,10.984375,11.438972
915,11.277509,12.084757
916,11.230660,11.420750
917,8.889861,9.775938
918,7.683962,8.390158
919,8.663795,9.274447
920,9.153320,9.923569
921,10.996048,11.872117
922,10.903080,11.737074
923,11.559500,11.502766
924,11.967848,12.315988
925,11.986317,11.324404
926,10.001482,11.187108
927,7.605725,8.600732
928,8.673068,9.331861
929,8.455656,9.369949
930,10.578709,12.223321
931,10.320858,11.352260
932,11.027878,11.248134
933,11.531228,12.075756
934,11.283447,11.329922
935,8.875587,10.196614
936,9.262650,8.726832
937,9.953389,9.895771
938,10.014915,10.302728
939,13.204526,11.958519
940,12.207140,11.938746
941,12.614951,11.962202
942,13.171042,12.858490
943,13.175248,12.092033
944,11.039839,11.715321
945,8.927742,8.649366
946,9.628897,9.826958
947,9.458315,10.132269
948,12.545631,12.190140
949,11.368003,11.690026
950,12.032701,11.358701
951,13.092227,12.345642
952,12.200209,11.571445
953,9.854697,10.979942
954,9.141167,8.606708
955,9.757381,9.822353
956,10.057758,10.272077
957,12.609461,12.052439
958,12.364102,11.980967
959,12.865542,12.001127
960,13.590426,12.903462
961,13.193018,11.950613
962,11.029726,11.651151
963,9.139870,8.579858
964,9.828034,9.917363
965,9.492451,10.294609
966,12.444654,12.424967
967,10.912712,11.810663
968,12.113195,11.805254
969,13.013021,12.147657
970,12.246737,11.294999
971,9.890532,11.027961
972,8.833419,8.600236
973,9.599108,9.827700
974,9.833310,10.329753
975,12.313167,11.813309
976,11.861430,12.091895
977,12.574636,12.033614
978,13.119525,12.379115
979,13.055273,12.270342
980,10.854000,11.832630
981,8.794638,8.564644
982,9.371022,9.956837
983,9.269850,10.229839
984,11.965541,12.004887
985,10.891352,11.843534
986,11.976596,11.686960
987,12.413116,11.938734
988,11.963890,11.734462
989,9.775972,11.001310
990,8.750010,8.241282
991,9.281809,9.644630
992,9.900679,10.127578
993,12.125443,12.080191
994,12.108778,12.108160
995,12.754965,11.785129
996,12.901765,12.714453
997,13.155590,12.514611
998,10.913792,11.607386
999,9.017241,8.299845
1000,9.341493,9.832579
1001,9.330842,10.059375
1002,12.061280,12.046721
1003,11.053160,11.906958
1004,11.951795,11.512144
1005,12.535591,12.343457
1006,12.257444,11.771049
1007,9.838930,10.602718
1008,8.509468,8.529021
1009,9.609591,9.907598
1010,9.876136,10.407959
1011,11.382053,11.721634
1012,11.560769,12.177700
1013,12.182386,11.934545
1014,12.146726,12.043917
1015,12.287082,11.596795
1016,10.774032,11.665118
1017,8.520291,8.460823
1018,9.247121,9.831586
1019,9.356167,10.330005
1020,11.284197,11.782171
1021,10.654068,11.663971
1022,11.886656,11.615266
1023,11.573649,11.923636
1024,11.997123,11.503818
1025,9.724306,11.042121
1026,8.549389,8.337605
1027,9.547748,9.751558
1028,9.844081,10.296844
1029,11.353540,11.735397
1030,11.708187,11.827209
1031,12.296478,11.695131
1032,12.018026,12.063764
1033,12.223618,11.440861
1034,10.703401,11.383615
1035,8.932400,8.189959
1036,9.272459,9.394930
1037,9.445845,10.082783
1038,11.187941,11.703766
1039,10.830599,11.564070
1040,11.933395,11.191505
1041,11.365835,11.899373
1042,11.748493,11.440950
1043,9.702516,10.843157
1044,8.512520,8.418118
1045,9.389868,9.869047
1046,10.227968,10.379042
1047,11.416974,11.689143
1048,11.410884,11.940611
1049,12.246897,11.814114
1050,11.668978,12.337744
1051,12.307149,11.793378
1052,10.630237,11.639961
1053,8.725111,8.417362
1054,9.424109,9.731243
1055,9.276726,10.252457
1056,10.975878,11.554354
1057,10.833872,11.401366
1058,11.955434,11.553192
1059,11.600960,11.873566
1060,11.618567,11.202947
1061,9.806766,11.078223
1062,8.493660,8.199747
1063,9.372340,9.508503
1064,9.884383,10.255425
1065,11.360408,11.702754
1066,11.727410,11.787236
1067,12.310326,11.629656
1068,11.902723,12.077319
1069,12.230522,11.442684
1070,10.724718,11.574768
1071,8.543468,8.279518
1072,9.214391,9.581747
1073,9.284681,10.194016
1074,11.003805,11.733518
1075,10.676899,11.648670
1076,11.985265,11.322707
1077,11.373472,12.329772
1078,11.900092,11.047787
1079,9.743902,10.883024
1080,7.838201,8.801831
1081,8.616611,9.670385
1082,9.234672,9.833784
1083,11.152946,11.652716
1084,10.964952,11.850869
1085,11.570614,11.717121
1086,11.831664,12.157717
1087,11.877404,11.506097
1088,9.825115,11.497014
1089,7.758923,8.682030
1090,8.744074,9.350777
1091,8.737430,10.013007
1092,10.644238,12.043952
1093,10.367118,11.567184
1094,10.996323,11.320269
1095,11.431331,11.945656
1096,11.139137,11.289875
1097,8.934736,10.766614
1098,7.952336,8.390098
1099,8.859194,9.347828
1100,9.067022,9.991540
1101,11.105593,11.982472
1102,11.049383,11.835514
1103,11.623114,11.543695
1104,12.226387,12.607733
1105,12.193041,11.554604
1106,9.994101,11.220292
1107,7.831797,8.647278
1108,8.492864,9.602205
1109,8.586735,9.840023
1110,10.643864,12.003575
1111,10.567442,11.259845
1112,11.065512,11.151283
1113,11.790136,12.434662
1114,11.291157,11.000154
1115,8.914228,10.573550
1116,9.371057,8.627534
1117,9.929033,9.893770
1118,10.054600,10.162528
1119,13.011646,12.026707
1120,12.116930,12.178463
1121,12.784434,12.218670
1122,13.384461,12.453913
1123,13.189228,11.687972
1124,11.034365,11.633612
1125,9.399847,8.655339
1126,9.805048,9.987470
1127,9.436894,10.246889
1128,12.077120,11.962189
1129,11.289610,11.461961
1130,12.013237,11.565842
1131,12.874137,12.031460
1132,12.219401,11.573137
1133,9.839476,10.575639
1134,9.595881,8.580967
1135,9.859817,9.881675
1136,10.002760,10.306098
1137,13.207768,12.127939
1138,12.234360,12.144709
1139,12.558968,12.143133
1140,13.628019,12.647080
1141,13.187811,11.946760
1142,11.076121,11.479744
1143,9.235533,8.512466
1144,9.317666,9.914583
1145,9.392785,9.907685
1146,12.186628,12.382001
1147,11.229027,11.769151
1148,12.044793,11.679848
1149,13.114706,12.291719
1150,12.366394,11.657526
1151,9.848639,10.846231
1152,8.987805,8.437869
1153,9.504599,9.834857
1154,9.808238,10.390372
1155,12.553467,11.612102
1156,11.994358,12.048846
1157,12.598703,12.119330
1158,13.083714,12.327682
1159,12.971520,12.171810
1160,10.925660,11.734291
1161,8.839996,8.498419
1162,9.369010,9.816804
1163,9.280487,10.291239
1164,12.136756,11.820441
1165,11.108820,11.732892
1166,11.898347,11.518725
1167,12.765718,12.411922
1168,12.115099,11.724524
1169,9.684515,10.967192
1170,9.268404,8.733092
1171,9.492541,9.875558
1172,9.864867,10.125160
1173,12.575516,11.897223
1174,11.992674,11.964668
1175,12.765951,11.751075
1176,12.909198,12.572819
1177,12.998322,11.576505
1178,10.746389,11.469790
1179,8.637010,8.393890
1180,9.301522,9.823836
1181,9.275616,10.149319
1182,12.264086,12.119505
1183,11.189196,11.935555
1184,11.904907,11.252776
1185,12.581846,12.295771
1186,12.007665,11.879388
1187,9.830974,10.936230
1188,8.624186,8.577973
1189,9.544906,9.974203
1190,10.000937,10.472842
1191,11.488256,11.723394
1192,11.519251,12.061135
1193,12.245797,11.883161
1194,11.846579,12.194627
1195,12.406479,11.363504
1196,10.721582,11.607733
1197,8.358945,8.646329
1198,9.314348,9.760960
1199,9.304238,10.286730
1200,11.185952,11.767122
1201,10.820918,11.410647
1202,12.006865,11.445374
1203,11.548892,11.835768
1204,11.736588,11.520858
1205,9.769317,10.938424
1206,8.555876,8.365702
1207,9.365868,9.724957
1208,9.857019,10.125626
1209,11.314198,11.768551
1210,11.708591,11.703308
1211,12.303459,11.829223
1212,12.114304,12.295888
1213,12.316902,11.398352
1214,10.802508,11.081120
1215,8.708537,8.190844
1216,9.168413,9.642252
1217,9.374832,9.841981
1218,11.439854,11.778943
1219,11.091953,11.533529
1220,11.975183,11.411953
1221,11.492887,11.801871
1222,12.055717,11.540109
1223,9.815502,10.856585
1224,8.476022,8.371889
1225,9.507257,9.783733
1226,10.198841,10.348853
1227,11.410286,11.840543
1228,11.595572,11.760896
1229,12.280250,11.813187
1230,11.766428,11.962518
1231,12.141314,11.366624
1232,10.638758,11.544033
1233,8.532873,8.568883
1234,9.273430,9.752330
1235,9.281677,10.204171
1236,11.308851,11.750553
1237,10.718738,11.704484
1238,11.900129,11.546962
1239,11.240896,11.796875
1240,11.730995,11.705844
1241,9.751297,10.774655
1242,8.338219,8.190189
1243,9.268026,9.582027
1244,9.759562,10.178756
1245,11.349512,11.640832
1246,11.665056,11.700017
1247,12.223420,11.573662
1248,11.933175,12.159219
1249,12.229186,12.119526
1250,10.750164,11.180881
1251,8.552815,8.271338
1252,9.223699,9.531636
1253,9.312344,10.163469
1254,11.088487,11.670828
1255,10.799747,11.663883
1256,11.929578,11.453444
1257,11.756783,11.689706
1258,11.751123,11.581806
1259,9.760843,11.043432
1260,7.989932,8.715386
1261,8.747630,9.674270
1262,9.164170,10.047792
1263,11.199594,11.493196
1264,10.940629,11.912086
1265,11.380322,11.713473
1266,12.023066,12.157214
1267,12.054611,11.659657
1268,9.787029,11.363755
1269,7.977561,8.633896
1270,8.322993,9.159577
1271,8.686422,10.014069
1272,10.448962,11.784831
1273,10.372797,11.356380
1274,11.019044,10.912663
1275,11.429708,11.861424
1276,11.310337,11.346923
1277,8.893259,10.739999
1278,7.961531,8.336863
1279,8.684895,9.421570
1280,9.145939,9.818584
1281,11.226538,11.666009
1282,11.174827,11.793628
1283,11.564487,11.445896
1284,12.091835,12.508097
1285,12.160231,11.769191
1286,9.986619,11.222517
1287,7.948703,8.478076
1288,8.346073,9.552816
1289,8.592505,9.913933
1290,10.491583,11.917089
1291,10.440282,11.479443
1292,11.113257,10.994993
1293,11.783819,12.228815
1294,11.221430,11.454157
1295,8.915627,10.568313
1296,9.072074,8.688328
1297,10.103001,9.854645
1298,10.035743,10.224920
1299,12.728463,11.712646
1300,12.084588,11.974854
1301,12.967150,11.831614
1302,13.347426,12.635539
1303,13.328609,11.883301
1304,11.031093,11.258601
1305,9.389669,8.594340
1306,9.673010,9.734576
1307,9.369452,10.167781
1308,12.447956,11.987034
1309,11.149597,11.781356
1310,12.035757,11.829727
1311,13.031360,12.097382
1312,12.133740,11.522422
1313,9.863327,10.570525
1314,9.555367,8.310660
1315,9.994899,9.946315
1316,9.968287,10.242635
1317,12.934781,11.922860
1318,12.086569,11.989517
1319,12.747283,11.667334
1320,13.626885,12.902120
1321,13.206468,11.727551
1322,11.038692,11.458368
1323,9.181667,8.790253
1324,9.759138,9.932899
1325,9.431821,10.138254
1326,12.347288,12.376831
1327,11.208802,11.601233
1328,12.040960,11.691268
1329,13.090927,12.372161
1330,12.435689,11.881856
1331,9.868830,10.532754
1332,9.011467,8.400745
1333,9.485756,9.824288
1334,9.805274,10.220986
1335,12.500457,11.669726
1336,12.074850,12.077977
1337,12.602458,12.030643
1338,13.104504,12.687695
1339,12.834989,11.867876
1340,10.879456,11.861733
1341,8.807839,8.660881
1342,9.520074,9.706113
1343,9.259731,10.108704
1344,11.905281,11.692429
1345,11.157640,11.619470
1346,11.994863,11.665427
1347,12.284783,11.853233
1348,12.059042,11.769055
1349,9.724987,10.854478
1350,8.819068,8.205147
1351,9.429307,9.550599
1352,9.818724,10.067118
1353,12.298144,11.857521
1354,11.947508,12.018619
1355,12.683941,11.711329
1356,13.316425,12.734961
1357,13.009071,11.477437
1358,10.850705,11.148689
1359,8.795905,8.335499
1360,9.524324,9.569483
1361,9.313020,9.953165
1362,12.203968,11.882596
1363,11.169369,11.646689
1364,11.958422,11.396232
1365,12.751400,12.365182
1366,12.124820,11.363620
1367,9.793896,10.568789
1368,8.486198,8.495429
1369,9.315135,9.709972
1370,9.857582,10.425510
1371,11.279703,11.557673
1372,11.672278,11.895422
1373,12.309534,11.708132
1374,12.047859,11.849602
1375,12.367846,11.400641
1376,10.799276,11.439398
1377,8.653248,8.542152
1378,9.162009,9.624184
1379,9.371469,10.249781
1380,11.309482,11.601154
1381,10.843836,11.589390
1382,11.984303,11.398129
1383,11.546822,11.802480
1384,11.844345,11.391180
1385,9.746135,10.973380
1386,8.778056,8.278826
1387,9.314127,9.533337
1388,9.920532,10.034696
1389,11.387721,11.558973
1390,11.732345,11.792912
1391,12.272814,11.554907
1392,12.094745,12.041400
1393,12.349695,11.420784
1394,10.753136,10.987212
1395,8.697470,8.035543
1396,9.239870,9.546874
1397,9.362124,10.090482
1398,11.111736,11.878764
1399,10.914288,11.609118
1400,11.996970,11.258004
1401,11.796237,11.789652
1402,11.821352,11.418023
1403,9.758290,10.580601
1404,8.595416,8.371254
1405,9.407449,9.650167
1406,9.818237,10.236946
1407,11.318796,11.578974
1408,11.379984,11.725663
1409,12.269912,11.770589
1410,11.974005,11.915752
1411,11.937620,11.280156
1412,10.721622,11.600476
1413,8.571561,8.292185
1414,9.099421,9.692373
1415,9.367889,10.173705
1416,11.298560,11.544350
1417,10.702456,11.556964
1418,11.968769,11.670967
1419,11.231080,11.827482
1420,11.803669,11.641187
1421,9.707450,10.731973
1422,8.505971,8.146231
1423,9.276132,9.432579
1424,9.839251,10.028535
1425,11.307636,11.650630
1426,11.532848,11.770991
1427,12.234255,11.541251
1428,11.894101,12.117822
1429,12.135320,11.209765
1430,10.626427,10.798371
1431,8.704172,8.093797
1432,9.161951,9.433388
1433,9.302374,10.035386
1434,11.141853,11.698677
1435,11.014612,11.509929
1436,11.936368,11.232607
1437,11.773731,11.872309
1438,11.779637,11.365116
1439,9.668757,10.741759
1440,6.380093,7.408265
1441,7.542078,8.102932
1442,8.103491,8.265734
1443,9.576582,10.668917
1444,10.357468,11.345801
1445,11.252624,10.764908
1446,10.589663,11.104960
1447,11.340868,10.974103
1448,9.770824,10.892638
1449,5.989294,7.705183
1450,7.387515,8.340492
1451,7.637198,7.990013
1452,9.315680,10.940870
1453,9.305720,10.314606
1454,10.820286,9.938790
1455,10.620278,11.025429
1456,10.607065,10.486350
1457,8.605964,9.981800
1458,6.483868,7.264117
1459,7.596113,7.548423
1460,7.942338,7.858776
1461,9.882668,10.585227
1462,10.214859,10.889089
1463,11.229592,10.375138
1464,11.027242,11.297826
1465,11.490499,10.980851
1466,9.733782,10.793107
1467,6.267460,7.273725
1468,7.537098,8.265198
1469,7.635903,7.914589
1470,9.156839,10.861086
1471,9.272484,10.120254
1472,10.734680,9.849310
1473,10.341290,11.074923
1474,10.729321,10.425077
1475,8.668858,10.083259
1476,7.117301,7.546367
1477,8.336708,8.748412
1478,9.088315,8.374261
1479,11.089564,11.102146
1480,11.403330,11.577150
1481,12.698103,10.921296
1482,12.679748,11.562770
1483,12.775922,11.563910
1484,11.197270,11.198882
1485,7.292881,7.705533
1486,8.291229,8.702695
1487,8.682054,8.393536
1488,11.045928,11.110170
1489,10.640330,10.754613
1490,12.198967,10.341318
1491,11.760927,11.460405
1492,11.947029,10.938265
1493,9.870102,10.489614
1494,7.512508,7.496033
1495,8.162888,8.377755
1496,9.162099,8.348431
1497,10.923690,11.328837
1498,11.195829,11.212934
1499,12.772536,10.779034
1500,12.587968,11.686480
1501,12.660820,11.675640
1502,11.217498,10.974872
1503,6.934377,7.629258
1504,8.089916,8.407405
1505,8.627439,8.273492
1506,10.492229,10.978511
1507,10.419221,11.084336
1508,12.193185,10.239115
1509,12.039615,11.661342
1510,12.072506,11.519832
1511,9.817867,10.527128
1512,6.781853,7.144603
1513,8.280281,8.622276
1514,9.059952,8.545696
1515,10.992742,11.052933
1516,11.333566,11.632045
1517,12.617688,10.796883
1518,12.342633,11.654098
1519,12.554691,11.583497
1520,11.065821,11.433907
1521,6.678617,7.514327
1522,8.058202,8.653933
1523,8.549527,8.319093
1524,10.269777,11.009279
1525,10.508203,11.288516
1526,12.097187,10.540614
1527,11.594829,11.672096
1528,11.920581,11.142988
1529,9.774771,10.709649
1530,6.872504,7.443822
1531,8.247564,8.461477
1532,8.895059,8.082538
1533,10.903866,10.935887
1534,11.364178,11.296335
1535,12.504454,10.630242
1536,12.262894,11.658487
1537,12.531689,11.414999
1538,11.109684,10.975281
1539,7.400429,7.399999
1540,8.229413,8.485110
1541,8.549435,8.179070
1542,10.793818,10.988760
1543,10.227456,10.978338
1544,12.091169,10.215093
1545,11.578438,11.528973
1546,11.901904,11.040565
1547,9.810403,10.202853
1548,6.828327,6.885435
1549,8.335591,8.004452
1550,9.064454,8.547909
1551,10.689991,10.100995
1552,11.225424,10.627049
1553,12.655041,10.735179
1554,11.418887,10.833634
1555,12.750293,10.910145
1556,10.963856,10.786411
1557,7.092055,7.063280
1558,8.366344,8.251030
1559,8.606981,8.598220
1560,10.293062,10.239707
1561,10.329643,10.561132
1562,12.173978,10.237309
1563,10.981577,10.796470
1564,11.280471,10.269135
1565,9.747967,10.220526
1566,7.057005,6.809037
1567,8.369288,7.836252
1568,9.072968,8.422420
1569,10.707302,10.004765
1570,11.054714,10.596984
1571,12.658671,10.272532
1572,11.431350,10.861619
1573,12.181500,10.515601
1574,11.093383,10.711198
1575,6.937397,6.531520
1576,8.154327,7.963021
1577,8.641773,8.178977
1578,9.944507,10.210987
1579,10.030020,10.117886
1580,12.119540,9.869076
1581,11.020765,10.617410
1582,11.681366,9.970807
1583,9.690989,9.975725
1584,6.873281,7.115512
1585,8.273456,8.050138
1586,9.029974,8.608602
1587,10.183170,10.121773
1588,10.824126,10.763097
1589,12.379189,10.650561
1590,11.350769,10.707972
1591,12.061255,10.677225
1592,10.799002,10.692368
1593,6.796674,6.726988
1594,7.838264,7.972115
1595,8.508024,8.579754
1596,10.126795,10.050377
1597,10.139284,10.438707
1598,12.057681,10.214766
1599,10.717846,10.685639
1600,11.746116,10.319463
1601,9.704717,9.824123
1602,7.065703,6.741805
1603,8.466733,7.800682
1604,8.966616,8.180329
1605,10.382732,10.057614
1606,11.026558,10.321464
1607,12.343053,10.369448
1608,11.252668,10.782585
1609,11.984236,10.461504
1610,10.881280,10.201111
1611,7.156815,6.661773
1612,8.042506,7.970741
1613,8.573498,8.208072
1614,9.941364,10.148452
1615,10.178537,10.207769
1616,12.037402,9.927059
1617,10.884178,10.585468
1618,11.789857,10.340109
1619,9.689101,9.928813
1620,7.964730,8.590864
1621,8.951179,9.368155
1622,9.217794,9.616065
1623,11.237888,11.530272
1624,10.934487,11.396147
1625,11.459633,11.202077
1626,11.772813,11.930810
1627,11.977037,11.406767
1628,9.814466,10.744589
1629,7.813100,8.464095
1630,8.539740,9.099529
1631,8.721632,9.448084
1632,10.630110,11.733356
1633,10.320965,10.897473
1634,10.974829,10.874381
1635,11.574058,11.861259
1636,11.166594,11.359982
1637,8.941724,10.606134
1638,7.801031,8.455314
1639,8.867183,9.014652
1640,9.139759,9.412515
1641,11.284214,11.521720
1642,11.205606,11.358406
1643,11.465789,11.149171
1644,11.986981,12.105860
1645,12.221087,11.431066
1646,9.927301,11.071952
1647,7.517047,8.348064
1648,8.680932,9.118605
1649,8.594558,9.372245
1650,10.517759,11.633511
1651,10.380642,11.128523
1652,11.116020,10.674046
1653,11.454645,11.671079
1654,11.317099,11.343622
1655,8.944802,10.103019
1656,9.506353,8.473569
1657,9.680321,9.238849
1658,10.029756,9.746967
1659,13.194718,11.754913
1660,11.996636,11.521095
1661,12.817020,11.323461
1662,13.299921,12.268315
1663,13.089451,11.304506
1664,11.030559,11.384357
1665,9.430223,8.444266
1666,9.562931,9.520517
1667,9.391843,9.515661
1668,12.176677,11.804062
1669,11.148907,11.344984
1670,12.019239,10.749713
1671,12.901654,11.933662
1672,12.291751,11.150488
1673,9.809248,10.164443
1674,9.535080,8.558633
1675,9.934792,9.434566
1676,9.955729,9.671404
1677,12.951635,11.766480
1678,12.140163,11.429642
1679,12.612195,11.227953
1680,13.547235,12.267173
1681,13.403732,11.582367
1682,11.037936,10.867891
1683,9.485609,8.319235
1684,9.720611,9.243340
1685,9.436914,9.487524
1686,12.301708,11.920946
1687,11.403620,11.453376
1688,12.003575,10.864387
1689,12.868090,12.091455
1690,12.354294,11.273889
1691,9.809832,10.463649
1692,9.121907,8.834199
1693,9.496404,9.296476
1694,10.268661,9.702871
1695,12.299606,11.469461
1696,11.753056,11.439295
1697,12.548760,11.511966
1698,13.427584,12.160409
1699,12.755651,11.695716
1700,10.870503,10.922661
1701,8.758147,8.587245
1702,9.357458,9.394350
1703,9.268232,9.669358
1704,12.353492,11.713802
1705,10.977795,11.308107
1706,11.940985,11.361487
1707,12.892275,11.965063
1708,12.188262,11.121951
1709,9.684240,10.059629
1710,9.158567,8.491301
1711,9.583447,9.140748
1712,9.847564,9.364400
1713,12.562756,11.768545
1714,11.712800,11.254818
1715,12.695165,11.135756
1716,13.279376,12.146704
1717,12.793667,12.059913
1718,10.808857,10.861130
1719,8.768057,8.066875
1720,9.433876,9.176811
1721,9.326749,9.479993
1722,11.880866,11.759309
1723,11.112662,11.132688
1724,11.978899,10.916615
1725,12.611785,11.869577
1726,12.069078,11.100917
1727,9.766964,10.392842
1728,8.610124,7.880426
1729,9.295674,8.955070
1730,9.814720,9.622810
1731,11.299191,11.068162
1732,11.523331,11.379544
1733,12.219679,11.393664
1734,11.864280,11.711544
1735,12.487066,11.660378
1736,10.735590,10.845961
1737,8.705736,7.911536
1738,9.079432,9.225315
1739,9.331985,9.601014
1740,11.054391,11.341247
1741,10.821109,11.299659
1742,11.948269,11.057816
1743,11.585688,11.531724
1744,11.773928,11.387529
1745,9.753412,10.786165
1746,8.567288,8.029489
1747,9.523046,8.593793
1748,9.808207,9.418089
1749,11.457073,10.895288
1750,11.274183,11.109989
1751,12.211115,11.135958
1752,11.718790,11.533356
1753,12.272617,11.242927
1754,10.718856,11.065185
1755,8.637547,7.671995
1756,9.098577,8.884625
1757,9.357158,9.361363
1758,11.377273,11.263262
1759,10.972450,10.943806
1760,11.942906,10.887777
1761,11.515712,11.417530
1762,11.971979,10.954096
1763,9.747246,10.323892
1764,8.530394,7.791327
1765,9.369802,8.643829
1766,9.699819,9.525361
1767,11.258210,10.765866
1768,11.473738,11.339870
1769,12.142294,11.241282
1770,12.030970,11.270061
1771,11.906034,11.093655
1772,10.573367,10.901685
1773,8.397587,7.781753
1774,9.298375,8.993940
1775,9.255138,9.553675
1776,11.202204,11.056800
1777,10.734161,11.157308
1778,11.770087,11.044453
1779,11.547585,11.275431
1780,11.511191,11.147741
1781,9.659629,10.471952
1782,8.693763,7.892238
1783,9.080360,8.792385
1784,9.863654,9.128215
1785,11.451913,10.900190
1786,11.545323,11.048125
1787,12.206137,11.430526
1788,11.876646,11.300697
1789,12.053234,11.408427
1790,10.671036,10.680602
1791,8.304043,7.394279
1792,9.212629,8.548397
1793,9.310181,9.225941
1794,11.417767,10.984545
1795,10.799251,10.916179
1796,11.841420,10.832029
1797,11.505294,11.401362
1798,11.654507,11.062781
1799,9.711315,10.453638
1800,8.030964,8.499496
1801,8.708712,9.229948
1802,9.102767,9.614054
1803,11.167295,11.591816
1804,10.788618,11.480046
1805,11.473961,11.264996
1806,11.962662,12.155176
1807,11.781239,11.528574
1808,9.794582,10.926269
1809,7.850008,8.517497
1810,8.698700,9.125416
1811,8.738386,9.548065
1812,10.491982,11.763446
1813,10.325197,11.285044
1814,11.011909,10.777878
1815,11.352998,11.942748
1816,11.178200,11.304990
1817,8.913782,9.970803
1818,7.791567,8.211754
1819,8.642179,9.000908
1820,9.092937,9.485081
1821,11.235748,11.548440
1822,10.997902,11.542275
1823,11.551708,11.110445
1824,11.998486,12.042418
1825,11.948647,11.336826
1826,9.900275,11.036222
1827,7.739467,8.184146
1828,8.524000,9.150800
1829,8.608961,9.468792
1830,10.772184,11.845781
1831,10.380619,10.959047
1832,11.119833,10.722787
1833,11.535849,11.860752
1834,11.275099,11.157457
1835,8.883711,10.227690
1836,9.369555,8.483849
1837,9.624200,9.294411
1838,10.000148,9.784672
1839,12.570256,11.814742
1840,12.171969,11.593364
1841,12.620672,11.329262
1842,13.459539,12.177367
1843,12.977334,11.198670
1844,11.053276,11.300612
1845,9.110559,8.335298
1846,9.610416,9.547541
1847,9.362795,9.630978
1848,12.385964,11.773697
1849,11.161383,11.157903
1850,12.038328,10.826468
1851,13.120150,12.204200
1852,12.140211,11.473286
1853,9.809086,10.395490
1854,9.550449,8.460061
1855,9.917571,9.199969
1856,10.003079,9.717091
1857,12.942571,11.912439
1858,12.203298,11.442904
1859,12.994317,11.239215
1860,13.677830,12.729764
1861,13.282758,11.661036
1862,11.043234,10.856422
1863,9.476988,8.446125
1864,9.595017,9.332919
1865,9.447638,9.483618
1866,12.680707,11.847042
1867,11.259755,11.319892
1868,11.945274,11.164956
1869,12.661531,12.267035
1870,12.107298,11.506208
1871,9.836331,10.327862
1872,9.030902,8.425388
1873,9.546880,9.394007
1874,9.791647,9.795426
1875,12.231033,11.591506
1876,11.847449,11.451747
1877,12.699364,11.437166
1878,12.913085,12.147478
1879,12.803457,12.227827
1880,10.745316,11.531320
1881,8.682119,8.444915
1882,9.462188,9.259810
1883,9.270433,9.678918
1884,11.866759,11.703416
1885,11.189037,11.408718
1886,11.873250,11.066391
1887,12.846398,11.872849
1888,12.085105,11.102594
1889,9.740385,10.392300
1890,9.270994,8.191097
1891,9.551383,9.024139
1892,9.864890,9.463252
1893,12.625689,11.595438
1894,11.830822,11.192354
1895,12.587761,11.212755
1896,12.998090,12.291522
1897,12.914196,11.519448
1898,10.797617,11.113548
1899,9.101511,8.252741
1900,9.563870,8.967132
1901,9.333425,9.439499
1902,11.848177,11.827103
1903,11.214344,10.952455
1904,11.902174,10.865219
1905,12.802405,11.966915
1906,12.032415,11.455354
1907,9.775647,10.177963
1908,8.541955,8.019627
1909,9.550715,9.165358
1910,9.817149,9.683331
1911,11.362752,11.181871
1912,11.505470,11.430779
1913,12.171976,11.356061
1914,11.713167,11.681048
1915,12.229148,11.388882
1916,10.730227,10.854399
1917,8.602798,7.797400
1918,9.112515,9.116165
1919,9.323014,9.595544
1920,11.026610,11.206748
1921,10.774990,11.232321
1922,11.844191,11.386946
1923,11.557024,11.624000
1924,11.641129,11.092537
1925,9.807774,10.826159
1926,8.332203,7.629601
1927,9.296611,8.832839
1928,9.896606,9.325701
1929,11.400387,11.089722
1930,11.438253,11.132568
1931,12.199258,11.503005
1932,11.824518,11.600090
1933,12.130490,11.012897
1934,10.740652,10.996746
1935,8.601019,7.431187
1936,9.207788,8.777101
1937,9.383895,9.453756
1938,11.151642,11.195068
1939,10.747793,10.960762
1940,11.897421,11.306395
1941,11.513233,11.606386
1942,12.022095,10.999269
1943,9.756762,10.066048
1944,8.390524,7.717925
1945,9.391128,8.955097
1946,9.787006,9.645363
1947,11.254091,10.831772
1948,11.496721,11.153889
1949,12.111493,11.284958
1950,12.001658,11.389163
1951,12.200180,11.019874
1952,10.596237,10.763130
1953,8.221344,7.604092
1954,9.154900,8.832359
1955,9.229532,9.616708
1956,11.126985,10.985229
1957,10.734658,10.986809
1958,11.741028,10.986451
1959,11.462328,11.171479
1960,11.632309,11.187862
1961,9.709174,10.313862
1962,8.466456,7.545735
1963,9.514593,8.597691
1964,9.833735,9.243369
1965,11.441474,10.707251
1966,11.531691,11.078254
1967,12.129745,11.116972
1968,12.027443,11.253853
1969,12.137147,10.945243
1970,10.636641,10.974097
1971,8.712350,7.518719
1972,9.488639,8.517910
1973,9.388600,9.303369
1974,11.089620,11.026476
1975,10.664845,10.835380
1976,11.840408,10.827390
1977,11.489109,11.318208
1978,11.879391,11.025949
1979,9.708608,10.242852
1980,8.009438,8.505761
1981,8.564638,9.219738
1982,9.115515,9.572326
1983,11.040381,11.634210
1984,10.999732,11.717449
1985,11.513813,11.230718
1986,11.921258,12.108822
1987,11.932245,11.663936
1988,9.829841,10.438049
1989,8.010239,8.514507
1990,8.577632,9.390330
1991,8.724787,9.709133
1992,10.648841,11.536981
1993,10.178590,11.387692
1994,10.974683,10.876090
1995,11.543615,12.022148
1996,11.295053,11.380911
1997,8.907894,10.420476
1998,7.922337,8.055360
1999,8.616091,8.793934
2000,9.076303,9.528172
2001,11.281844,11.675418
2002,11.170797,11.267850
2003,11.526978,11.117908
2004,12.015091,12.200863
2005,12.124452,11.526514
2006,9.952467,10.904509
2007,8.021163,8.258599
2008,8.601566,9.156007
2009,8.540043,9.591400
2010,10.606929,11.729421
2011,10.345211,11.411710
2012,11.119948,10.696176
2013,11.557581,11.932277
2014,11.335962,11.413530
2015,8.965273,10.271846
2016,9.090041,8.639840
2017,9.587332,9.543682
2018,9.998785,9.681429
2019,12.751621,11.780910
2020,12.048902,11.594110
2021,12.609071,11.347870
2022,13.334340,12.161281
2023,13.116165,11.455908
2024,10.966073,11.334237
2025,9.205042,8.533814
2026,9.368025,9.521284
2027,9.435055,9.729140
2028,12.519472,11.855075
2029,11.180622,11.363592
2030,11.965773,10.788404
2031,13.041654,12.083213
2032,12.386799,11.746893
2033,9.873664,10.466763
2034,9.400109,8.249238
2035,10.016893,9.573874
2036,10.048370,9.646123
2037,12.966151,11.984203
2038,12.069269,11.655080
2039,12.819947,11.301518
2040,13.394069,12.408552
2041,13.083768,11.637635
2042,11.042467,10.992537
2043,9.274653,8.440065
2044,9.415344,9.174650
2045,9.480262,9.475392
2046,12.336454,12.016741
2047,11.383556,11.626989
2048,12.063967,10.793633
2049,12.864724,12.221251
2050,12.395267,11.116993
2051,9.853502,9.988831
2052,8.584790,8.352786
2053,9.648187,9.233222
2054,9.759268,9.638813
2055,12.428225,11.536419
2056,11.829338,11.386275
2057,12.512584,11.464777
2058,13.497376,12.723915
2059,12.836550,11.715600
2060,10.771989,11.243183
2061,8.559002,8.308733
2062,9.262864,9.518365
2063,9.303905,9.786292
2064,11.728199,11.933068
2065,11.012673,11.638555
2066,11.964355,11.174056
2067,12.801079,11.788396
2068,12.103652,11.426950
2069,9.759397,10.838238
2070,8.954982,8.444104
2071,9.571513,9.170559
2072,9.859964,9.476377
2073,12.176546,11.767499
2074,11.826826,11.236663
2075,12.728264,11.162116
2076,13.442591,12.018708
2077,12.912512,11.997783
2078,10.818899,10.900039
2079,8.587194,8.123694
2080,9.481401,9.306778
2081,9.337730,9.466582
2082,11.892977,11.831299
2083,11.079726,11.290381
2084,12.015697,10.832482
2085,12.573845,12.065862
2086,12.086702,11.378068
2087,9.851362,10.550235
2088,8.743953,8.013092
2089,9.340492,9.068168
2090,9.833525,9.662118
2091,11.327526,11.071620
2092,11.616613,11.459549
2093,12.244833,11.471313
2094,12.099379,11.599873
2095,12.125286,11.438128
2096,10.835932,11.294322
2097,8.632391,7.950875
2098,9.167650,9.155678
2099,9.396128,9.552475
2100,10.968343,11.342010
2101,11.043102,11.273806
2102,11.956711,11.120543
2103,11.275271,11.507610
2104,11.809579,11.036785
2105,9.742390,10.543777
2106,8.337024,7.772109
2107,9.584253,8.797687
2108,9.796278,9.314547
2109,11.416374,11.193271
2110,11.659889,11.324512
2111,12.217015,11.246069
2112,11.870935,11.596892
2113,12.297268,11.338748
2114,10.799448,10.612655
2115,8.310615,7.621984
2116,9.276051,8.955471
2117,9.331381,9.476121
2118,11.001515,11.340697
2119,11.038992,10.767387
2120,11.811169,10.865890
2121,11.354346,11.454350
2122,11.875092,11.032180
2123,9.685650,10.287012
2124,8.574719,7.813283
2125,9.433986,9.232261
2126,9.786673,9.509451
2127,11.498747,10.928295
2128,11.493072,11.089040
2129,12.176009,11.356336
2130,11.780234,11.339655
2131,12.141701,11.268038
2132,10.636021,10.881648
2133,8.454811,7.814424
2134,9.041258,8.994438
2135,9.306871,9.408983
2136,11.279301,11.100258
2137,10.780812,11.075548
2138,11.982022,11.455119
2139,11.546534,11.438827
2140,11.700232,11.132997
2141,9.736250,10.538329
2142,8.466745,7.624474
2143,9.293951,8.486938
2144,9.801015,9.186675
2145,11.304420,10.901443
2146,11.508781,11.254724
2147,12.266689,11.100574
2148,11.804741,11.465272
2149,12.147451,11.029367
2150,10.699617,10.780020
2151,8.684927,7.389507
2152,9.169292,8.608131
2153,9.345421,9.286161
2154,11.026412,10.939777
2155,10.916708,10.996894
2156,11.852962,10.865442
2157,11.472586,11.222980
2158,11.700891,11.109992
2159,9.744842,10.423569
2160,6.338497,7.449197
2161,7.301965,7.893018
2162,8.068850,8.102253
2163,9.848876,10.717295
2164,10.240953,10.460808
2165,11.270913,10.327279
2166,10.939158,11.482029
2167,11.184640,10.768459
2168,9.701591,10.785377
2169,6.401759,7.660766
2170,7.286251,8.137537
2171,7.667984,7.974691
2172,9.593380,10.947626
2173,9.346910,10.152809
2174,10.733793,10.322348
2175,9.973391,11.444836
2176,10.607940,10.872893
2177,8.541167,9.854666
2178,6.478622,7.211640
2179,7.560480,7.403621
2180,7.935098,7.972291
2181,9.860906,10.851832
2182,10.299045,10.374225
2183,11.239767,10.165436
2184,10.800180,11.706974
2185,11.192673,10.800560
2186,9.716710,10.579388
2187,6.197935,7.374184
2188,7.446779,7.983375
2189,7.619298,7.776248
2190,9.423567,11.123378
2191,9.362795,10.803299
2192,10.704037,9.988924
2193,10.249737,11.404736
2194,10.545515,10.630768
2195,8.660527,9.840209
2196,7.232487,7.704512
2197,8.363835,8.754329
2198,9.105171,8.227961
2199,11.037155,11.055873
2200,11.597773,11.424160
2201,12.715434,10.768161
2202,12.444700,11.893187
2203,12.558437,11.631758
2204,11.092926,10.847997
2205,7.063515,7.672227
2206,8.162821,8.660951
2207,8.523740,8.238260
2208,10.580792,11.407147
2209,10.570618,11.143623
2210,12.186481,10.058911
2211,11.762094,11.734161
2212,11.651726,11.059916
2213,9.847382,10.077896
2214,7.154716,7.570727
2215,8.447153,8.662443
2216,9.181734,8.211594
2217,11.066797,11.105159
2218,11.190617,11.461778
2219,12.637792,10.544953
2220,12.246432,12.201869
2221,12.551769,11.048468
2222,11.266687,11.145699
2223,6.896066,7.178817
2224,8.195084,8.934039
2225,8.655621,8.249562
2226,10.607264,11.349062
2227,10.160380,11.493212
2228,12.262957,10.962118
2229,11.438299,11.826862
2230,11.823701,11.373552
2231,9.817353,9.995105
2232,7.032418,7.630781
2233,8.429018,8.880638
2234,9.004813,8.257961
2235,10.842505,10.994634
2236,11.227703,11.244794
2237,12.561686,10.755791
2238,12.182148,11.815485
2239,12.520977,11.702915
2240,11.018366,11.204352
2241,6.926335,7.592572
2242,8.109383,8.525032
2243,8.572012,8.243673
2244,10.443955,10.889372
2245,10.490991,11.256620
2246,12.185349,10.279011
2247,11.010619,11.753509
2248,11.607862,11.172049
2249,9.695196,10.458943
2250,7.055802,7.509523
2251,8.126985,8.471960
2252,8.953451,8.209456
2253,10.867132,11.158052
2254,11.074019,11.250546
2255,12.658315,11.323803
2256,11.961773,11.902452
2257,12.416769,11.262855
2258,11.001605,11.344948
2259,7.170851,7.684266
2260,8.134701,9.113670
2261,8.502060,8.012012
2262,10.370025,11.330468
2263,10.026361,10.936272
2264,12.091890,10.019785
2265,11.030190,11.731293
2266,11.615400,10.979944
2267,9.744757,10.002615
2268,7.140073,7.236782
2269,8.422371,8.420366
2270,9.051783,7.900688
2271,10.325361,10.514772
2272,11.259668,10.664807
2273,12.417975,10.067209
2274,11.344856,11.159751
2275,11.914068,10.676517
2276,10.956011,10.376787
2277,7.265788,7.233123
2278,8.037741,8.539053
2279,8.640386,8.124527
2280,10.297170,10.411165
2281,10.338373,10.660281
2282,12.105059,9.633407
2283,10.865547,10.911128
2284,11.384731,10.600189
2285,9.698307,9.728848
2286,7.300177,6.981696
2287,8.121135,8.169828
2288,9.052702,7.643272
2289,10.346354,10.231531
2290,11.034332,10.733075
2291,12.509655,9.845332
2292,11.283961,10.954215
2293,12.089473,10.517020
2294,10.998984,10.314760
2295,6.978064,6.742842
2296,8.083565,8.143027
2297,8.614765,7.777734
2298,10.177693,10.286557
2299,10.066658,10.483076
2300,12.080580,9.748090
2301,10.687652,10.918467
2302,11.391945,10.640312
2303,9.700154,9.488419
2304,7.171996,6.996612
2305,8.168138,8.061721
2306,8.936535,7.921246
2307,10.009008,10.135965
2308,10.690943,10.559380
2309,12.363185,9.972326
2310,11.128711,11.068913
2311,12.142201,10.492268
2312,10.904263,10.297983
2313,7.260375,6.948816
2314,8.165483,8.415149
2315,8.534485,7.962506
2316,10.142951,10.345783
2317,10.042080,10.517677
2318,11.885110,9.867005
2319,10.499066,10.718075
2320,11.322436,10.376746
2321,9.599747,9.658904
2322,6.799123,6.863361
2323,7.992699,8.078465
2324,8.954845,7.663585
2325,10.448518,10.194066
2326,10.914907,10.446769
2327,12.444016,9.859791
2328,11.378255,10.979038
2329,12.014338,10.414516
2330,10.740288,10.102731
2331,6.863215,6.820630
2332,8.204506,8.053465
2333,8.602036,7.808816
2334,10.054819,10.351132
2335,10.126844,10.317865
2336,11.917329,9.642223
2337,10.692591,10.794668
2338,11.145925,10.765737
2339,9.634484,9.302314
2340,7.878242,8.365477
2341,8.568130,9.183073
2342,9.144910,9.842838
2343,10.997847,11.616827
2344,10.752687,11.523604
2345,11.387572,11.475225
2346,11.829933,12.223969
2347,11.966153,11.700318
2348,9.864036,11.397001
2349,7.940272,8.376366
2350,8.640681,9.543977
2351,8.656515,9.848364
2352,10.576870,11.817634
2353,10.215893,11.059488
2354,10.986091,10.971921
2355,11.252990,11.692808
2356,11.145548,11.582949
2357,8.928367,10.705488
2358,7.647297,8.185920
2359,8.885077,9.300014
2360,9.034353,9.813439
2361,10.909738,11.809591
2362,11.067904,11.554860
2363,11.477723,11.413821
2364,11.880078,12.658612
2365,11.821484,11.607276
2366,9.982286,10.959864
2367,7.459673,8.447756
2368,8.603414,9.287588
2369,8.541757,9.814852
2370,10.504436,12.061123
2371,10.296827,11.053191
2372,11.043184,10.969527
2373,11.506667,12.391813
2374,11.356769,11.504151
2375,8.930599,10.391437
2376,9.360157,8.705625
2377,9.991354,9.864376
2378,9.993630,9.835670
2379,12.721201,11.712835
2380,12.100725,11.919077
2381,12.527636,11.664278
2382,13.478020,12.718092
2383,13.006264,11.875159
2384,10.990046,11.561379
2385,9.418220,8.955635
2386,9.608858,9.583374
2387,9.374928,9.867240
2388,12.102241,12.160807
2389,11.284641,11.555830
2390,11.946630,11.156960
2391,13.169484,12.262495
2392,12.214622,11.864944
2393,9.834546,10.910787
2394,9.357024,8.897545
2395,9.894388,9.714191
2396,10.019570,10.002685
2397,12.882006,11.956291
2398,12.226530,11.769969
2399,12.752516,11.553782
2400,13.584965,12.432999
2401,13.035249,11.687912
2402,10.971160,11.480772
2403,9.117709,8.602202
2404,9.851698,9.555455
2405,9.366973,9.928432
2406,12.290133,12.208005
2407,11.236177,11.457857
2408,11.867937,11.136765
2409,12.712687,12.395594
2410,12.236568,11.571060
2411,9.833089,10.506999
2412,8.928872,8.613826
2413,9.387313,9.500598
2414,9.851962,10.029070
2415,12.100817,11.789219
2416,11.830997,11.872439
2417,12.723730,11.701696
2418,13.018651,12.071574
2419,13.159468,11.459361
2420,10.787844,11.507311
2421,8.740899,8.483916
2422,9.404761,9.599314
2423,9.169399,9.946852
2424,12.245489,11.860519
2425,11.243958,11.548517
2426,11.785587,11.300174
2427,12.478218,11.913661
2428,12.134830,11.837598
2429,9.741860,10.636536
2430,8.891095,8.362800
2431,9.293180,9.353364
2432,9.812576,9.824309
2433,12.476156,11.980558
2434,11.941568,11.597835
2435,12.814194,11.410109
2436,13.384106,12.757862
2437,12.730841,11.674483
2438,10.873523,11.099415
2439,8.685654,8.256632
2440,9.398094,9.608143
2441,9.291069,9.583541
2442,12.092062,11.855885
2443,10.950855,11.502588
2444,11.960880,11.485249
2445,12.774533,12.153502
2446,12.009670,11.393282
2447,9.748911,10.162597
2448,8.630531,8.100986
2449,9.358184,9.252408
2450,9.740315,9.986472
2451,11.527296,11.197342
2452,11.679846,11.555855
2453,12.191916,11.579614
2454,11.823182,11.783432
2455,12.214800,11.540668
2456,10.846077,11.364256
2457,8.442976,8.019182
2458,9.440232,9.258073
2459,9.263441,9.644699
2460,10.893953,11.439811
2461,10.782667,11.259601
2462,11.873510,11.341113
2463,11.253404,11.521201
2464,11.622849,11.623659
2465,9.720412,10.731084
2466,8.786593,7.913977
2467,9.456706,8.987571
2468,9.856528,9.778809
2469,11.557085,11.143226
2470,11.450252,11.454728
2471,12.170223,11.369513
2472,11.620363,11.969646
2473,12.386613,11.178243
2474,10.793348,10.932926
2475,8.820984,7.817733
2476,9.357198,9.099334
2477,9.265584,9.744808
2478,11.638436,11.473896
2479,10.914158,11.312534
2480,11.867919,11.042626
2481,11.670023,11.787180
2482,11.646137,11.221553
2483,9.844490,10.345340
2484,8.481005,7.852763
2485,9.125114,9.149019
2486,9.798439,9.743269
2487,11.365309,10.830677
2488,11.247143,11.187504
2489,12.189697,11.733994
2490,11.982641,11.518243
2491,12.154566,11.544242
2492,10.715626,11.206557
2493,8.720732,7.805791
2494,9.238996,9.148728
2495,9.276832,9.691154
2496,10.997580,10.986471
2497,10.789259,11.117057
2498,11.773472,11.176217
2499,11.477151,11.278863
2500,11.730958,11.190084
2501,9.703558,10.714309
2502,8.748199,7.607940
2503,9.447343,8.883148
2504,9.760750,9.571214
2505,11.635668,10.993613
2506,11.427338,11.151558
2507,12.217220,11.683682
2508,11.876956,11.601567
2509,12.189863,11.194208
2510,10.647001,11.025274
2511,8.572412,7.701564
2512,9.100136,9.079681
2513,9.294809,9.644612
2514,11.281149,11.147363
2515,10.531231,11.043498
2516,11.835482,11.076504
2517,11.494613,11.631085
2518,11.931729,11.384312
2519,9.752702,10.687629
2520,7.908350,8.664764
2521,8.731717,9.732873
2522,9.168778,9.890046
2523,11.107665,11.800845
2524,10.735383,11.547515
2525,11.417069,11.428104
2526,12.207908,12.256828
2527,11.729792,11.515267
2528,9.851768,11.413281
2529,7.945765,8.591072
2530,8.738765,9.515321
2531,8.713841,9.841316
2532,10.588028,11.763678
2533,10.268541,11.387499
2534,11.000257,11.124076
2535,11.293251,12.138289
2536,11.232662,11.558517
2537,8.959876,10.843105
2538,8.072142,8.449215
2539,8.693452,9.263044
2540,9.111364,9.395345
2541,11.304320,11.776476
2542,11.160049,11.415333
2543,11.489324,11.428093
2544,11.521567,11.979328
2545,11.913099,11.590505
2546,9.990554,11.349328
2547,8.070565,8.230957
2548,8.381065,9.418289
2549,8.508174,9.780207
2550,10.726160,11.959378
2551,10.277805,11.448536
2552,10.958101,10.963943
2553,11.332565,12.081367
2554,11.497244,11.179425
2555,8.856374,10.291278
2556,9.071107,8.744232
2557,9.755021,9.730601
2558,9.966291,9.986048
2559,13.221973,11.779065
2560,12.037934,11.816854
2561,12.399893,11.667836
2562,13.117190,12.672318
2563,13.136531,11.605715
2564,10.981626,11.659398
2565,9.419488,8.892076
2566,9.581557,9.478669
2567,9.366737,9.932204
2568,12.433542,11.939040
2569,11.241736,11.435614
2570,11.929030,11.407445
2571,12.457103,12.142604
2572,12.303227,11.236373
2573,9.794046,10.372522
2574,9.104248,8.624182
2575,9.768288,9.684990
2576,10.019871,9.835003
2577,12.726006,12.166406
2578,12.242218,11.975303
2579,12.707339,11.417440
2580,13.594358,12.812635
2581,13.182136,11.404866
2582,10.983730,11.525653
2583,9.113781,8.590692
2584,9.714383,9.467288
2585,9.411495,9.948397
2586,12.514592,12.349668
2587,11.317877,11.860925
2588,11.831103,11.409286
2589,12.792020,12.649916
2590,12.112595,11.071439
2591,9.798084,10.666543
2592,8.973225,8.523090
2593,9.633571,9.795880
2594,9.790331,10.110463
2595,12.405958,11.893497
2596,11.792398,11.717163
2597,12.481526,11.718390
2598,12.845901,12.629685
2599,12.855391,12.152840
2600,10.791331,11.302210
2601,9.128557,8.638296
2602,9.335584,9.635101
2603,9.233797,10.014954
2604,11.706240,11.824626
2605,10.969628,11.216312
2606,11.851866,11.554799
2607,12.448509,12.304643
2608,12.118057,11.852093
2609,9.802641,10.355076
2610,9.029058,8.409921
2611,9.537763,9.580041
2612,9.815456,9.853471
2613,12.336208,11.891657
2614,11.884478,11.690032
2615,12.640598,11.867890
2616,13.058515,12.395123
2617,12.853824,11.397669
2618,10.820782,11.395733
2619,8.849583,8.424232
2620,9.527765,9.653027
2621,9.302608,9.867068
2622,12.149836,11.934864
2623,11.200539,11.545033
2624,11.897546,11.264832
2625,12.400990,12.098556
2626,12.002394,11.587461
2627,9.807815,10.152986
2628,8.526673,8.153639
2629,9.344221,9.286372
2630,9.789187,9.897843
2631,11.433733,11.206739
2632,11.556017,11.425726
2633,12.150799,11.554987
2634,11.994818,12.035693
2635,12.325497,11.393543
2636,10.714980,11.251749
2637,8.601276,8.157634
2638,9.083622,9.243711
2639,9.280823,9.817252
2640,11.177176,11.382394
2641,10.698286,11.257034
2642,11.844049,11.310638
2643,11.381606,11.855824
2644,11.762699,11.138767
2645,9.688681,10.896384
2646,8.585690,7.807091
2647,9.362334,8.946618
2648,9.852160,9.727466
2649,11.423435,11.391436
2650,11.457906,11.475634
2651,12.265936,11.327338
2652,12.020546,11.790650
2653,12.190709,11.247861
2654,10.715656,11.138842
2655,8.732473,7.717630
2656,9.295225,8.981744
2657,9.293798,9.701269
2658,11.343884,11.403945
2659,10.760227,11.202941
2660,11.909004,11.510045
2661,11.590731,11.486337
2662,11.795956,11.375605
2663,9.728971,10.737945
2664,8.528214,7.906867
2665,9.348780,9.175258
2666,9.696881,9.790213
2667,11.373983,10.965408
2668,11.359598,11.355597
2669,12.171278,11.409585
2670,11.958080,11.603696
2671,12.180372,11.265393
2672,10.662917,10.918762
2673,8.532332,7.839502
2674,9.268733,9.302418
2675,9.277345,9.764977
2676,11.019126,11.011698
2677,10.528531,11.173707
2678,11.752672,11.213750
2679,11.317984,11.308263
2680,11.780329,11.378921
2681,9.642547,10.507534
2682,8.577014,7.571939
2683,9.483545,9.031198
2684,9.765483,9.589662
2685,11.492391,10.940948
2686,11.460229,11.247450
2687,12.232600,11.187183
2688,11.908879,11.430404
2689,12.186033,11.454219
2690,10.683651,10.779813
2691,8.303563,7.587913
2692,9.274548,9.059444
2693,9.266311,9.824507
2694,11.067830,11.098066
2695,10.892496,11.085720
2696,11.711676,11.048500
2697,11.334945,11.476568
2698,11.717701,11.424910
2699,9.661205,10.590506
2700,7.918131,8.555461
2701,8.925434,9.664812
2702,9.107866,9.952081
2703,10.937968,11.736148
2704,10.884728,11.536120
2705,11.457458,11.463450
2706,11.805668,12.164696
2707,11.777925,11.295601
2708,9.842102,11.164689
2709,7.975102,8.797213
2710,8.673960,9.759104
2711,8.665777,9.827210
2712,10.367781,11.898985
2713,10.206008,11.337798
2714,11.000022,10.936291
2715,11.151877,11.859141
2716,11.199855,11.254633
2717,8.865046,10.524210
2718,7.843405,8.413588
2719,8.752540,9.477073
2720,9.080849,9.782580
2721,11.023459,11.706315
2722,11.090685,11.482563
2723,11.501719,11.595434
2724,12.028728,12.213703
2725,11.910325,11.792965
2726,9.947120,10.526550
2727,7.743973,8.545239
2728,8.496773,9.685633
2729,8.542968,9.865749
2730,10.556375,11.507550
2731,10.239863,10.903939
2732,10.851965,10.957386
2733,11.437227,12.283667
2734,11.178798,11.438451
2735,8.964143,10.658634
2736,9.221949,8.617667
2737,9.611145,9.474712
2738,9.984207,9.870327
2739,12.606302,11.816563
2740,12.218067,11.819769
2741,12.778157,11.460013
2742,13.234973,12.350524
2743,13.061945,11.702866
2744,11.034412,11.579806
2745,9.416506,8.923936
2746,9.774395,9.767731
2747,9.380654,9.835229
2748,12.392615,11.884119
2749,11.126839,11.277957
2750,11.990206,11.137124
2751,12.915286,12.053302
2752,12.323261,11.430871
2753,9.808908,11.008334
2754,9.121640,8.581607
2755,9.662987,9.529333
2756,9.956644,9.919867
2757,12.612179,12.145260
2758,11.862635,12.095769
2759,12.597890,11.935717
2760,13.171348,12.512329
2761,13.280214,11.583816
2762,11.036886,11.328882
2763,8.850224,8.547599
2764,9.545847,9.625786
2765,9.434062,10.074515
2766,11.986533,12.390775
2767,11.259522,11.520603
2768,11.918950,11.455517
2769,12.647846,12.422087
2770,12.035288,11.728890
2771,9.794250,10.347492
2772,8.605584,8.493959
2773,9.575001,9.746676
2774,9.837270,10.111456
2775,12.118307,11.690514
2776,11.695539,11.723347
2777,12.369256,11.766709
2778,13.014654,12.407486
2779,12.811889,11.530970
2780,10.884629,11.749115
2781,8.996786,8.670909
2782,9.317918,9.837014
2783,9.271811,10.106215
2784,12.220406,11.859907
2785,11.022061,11.744549
2786,11.951969,11.577917
2787,12.264042,12.069402
2788,12.012525,11.720626
2789,9.791222,10.910468
2790,8.966716,8.397795
2791,9.246098,9.483633
2792,9.850668,9.873028
2793,12.578606,12.059030
2794,11.937588,11.472076
2795,12.532321,11.457435
2796,12.706375,12.695642
2797,12.800720,12.178229
2798,10.766094,11.344138
2799,8.876612,8.424966
2800,9.426871,9.312634
2801,9.267620,9.828625
2802,11.874405,12.006888
2803,11.102936,11.502861
2804,11.861921,11.008674
2805,12.555455,12.637701
2806,12.190589,11.431505
2807,9.793421,10.681098
2808,8.725740,8.121589
2809,9.225338,9.334190
2810,9.813171,9.979506
2811,11.251284,11.088971
2812,11.347818,11.504838
2813,12.286128,11.590060
2814,11.825640,12.019872
2815,12.125486,11.239830
2816,10.703918,11.194718
2817,8.374704,8.135956
2818,9.322716,9.316318
2819,9.272476,9.859874
2820,11.334487,11.279721
2821,10.716223,11.357660
2822,11.762914,11.304571
2823,11.541242,11.554646
2824,11.797197,11.414300
2825,9.700450,10.707425
2826,8.427917,7.876464
2827,9.336897,9.161079
2828,9.839180,9.683116
2829,11.660311,11.484077
2830,11.431799,11.541075
2831,12.190319,11.413908
2832,11.719531,11.826330
2833,12.123585,11.474378
2834,10.632724,11.095242
2835,8.871251,7.694293
2836,9.399006,9.004678
2837,9.359607,9.694413
2838,10.811243,11.320033
2839,10.789660,11.368237
2840,11.944048,11.093800
2841,11.621105,11.492984
2842,11.684661,10.993767
2843,9.772895,10.380646
2844,8.638373,7.969777
2845,9.290443,9.239919
2846,9.761169,9.850645
2847,11.086809,10.921689
2848,11.415318,11.402044
2849,12.139156,11.417195
2850,11.605377,11.636295
2851,12.135111,11.179913
2852,10.596256,11.136015
2853,8.360551,7.941101
2854,9.142746,9.249546
2855,9.261890,9.725512
2856,10.864244,11.043157
2857,10.562940,11.049559
2858,11.749873,11.205730
2859,11.647519,11.375128
2860,11.779236,11.260485
2861,9.652186,10.211495
2862,8.497263,7.536363
2863,9.343186,8.818715
2864,9.801725,9.580837
2865,11.386294,11.055521
2866,11.441198,11.224522
2867,12.115260,11.283736
2868,11.682423,11.622795
2869,12.266855,11.408901
2870,10.679603,10.859426
2871,8.470574,7.737210
2872,9.146813,8.842921
2873,9.261047,9.770796
2874,11.431121,11.171328
2875,10.785400,11.175681
2876,11.920271,11.108578
2877,11.376995,11.505215
2878,11.627842,11.249560
2879,9.696627,10.816515
0,6.548884,7.705750
1,7.642613,8.503744
2,8.100480,8.657415
3,9.595444,10.748546
4,10.259557,11.079000
5,11.299852,10.821805
6,11.328315,11.607468
7,11.508778,11.281343
8,9.801307,11.078184
9,6.649521,7.615429
10,7.274198,8.356499
11,7.631399,8.465956
12,9.439336,11.209469
13,9.338513,10.680149
14,10.672793,10.219179
15,10.521166,10.984194
16,10.798777,10.549209
17,8.660966,9.800875
18,6.637428,7.200053
19,7.437243,7.696008
20,8.092285,8.074672
21,9.749872,10.702330
22,10.473785,10.944110
23,11.269661,10.451241
24,11.130439,11.451882
25,11.297537,10.973063
26,9.790415,10.675952
27,6.625197,7.388012
28,7.059750,8.248469
29,7.693800,8.306628
30,9.618723,10.863934
31,9.491176,10.316987
32,10.777071,10.312308
33,10.689093,11.204102
34,10.755680,10.509845
35,8.634730,9.755288
36,7.014446,7.729882
37,8.421896,8.919427
38,9.080783,8.713187
39,11.158369,11.035403
40,11.447895,11.461098
41,12.668978,11.799926
42,12.588353,11.907512
43,12.768017,11.574769
44,11.314333,11.092984
45,7.224778,7.511670
46,8.274187,8.635115
47,8.561307,8.832514
48,10.335980,11.211940
49,10.685638,10.968311
50,12.163777,10.595258
51,11.888550,11.574516
52,12.247290,11.184432
53,9.839072,10.214411
54,7.393827,7.387650
55,8.109274,8.603916
56,9.100076,8.591432
57,11.103928,10.963603
58,11.247478,11.459437
59,12.690639,10.953238
60,12.207135,11.609401
61,12.590771,11.463815
62,11.275767,11.270033
63,6.893900,7.563380
64,8.087925,8.646854
65,8.596801,8.697809
66,10.627584,10.954556
67,10.706057,10.822406
68,12.147187,10.293788
69,11.760056,11.671743
70,11.978800,11.173330
71,9.862255,10.252340
72,7.001044,7.642767
73,8.264133,8.615125
74,8.908717,8.891483
75,11.106312,10.992331
76,11.065703,11.493181
77,12.682910,11.428244
78,11.757112,11.903482
79,12.287697,11.665709
80,11.072758,11.401148
81,6.846085,7.570930
82,8.153981,8.732121
83,8.534811,9.077651
84,10.455290,11.397191
85,10.072798,11.254075
86,12.182386,10.974334
87,11.739291,11.935716
88,11.491102,11.187779
89,9.750259,10.355694
90,7.138999,7.190786
91,8.246609,8.297037
92,9.024246,8.792107
93,10.772993,11.115235
94,11.193208,11.388451
95,12.567859,10.938218
96,12.156335,11.630781
97,12.577447,11.432247
98,11.078874,11.272260
99,6.874943,7.660975
100,7.891176,8.605042
101,8.660874,8.558748
102,10.621510,11.027014
103,10.311663,10.814919
104,12.196898,10.367284
105,11.364392,11.701769
106,11.753377,10.947062
107,9.747460,10.234247
108,7.006950,7.796835
109,8.329243,8.884827
110,9.057058,9.671105
111,10.538099,11.174950
112,11.044018,11.768571
113,12.575619,12.045859
114,11.358120,11.939058
115,11.979896,11.769819
116,10.980420,11.496461
117,7.125152,7.463679
118,8.248548,8.778242
119,8.575079,9.614651
120,10.194901,11.369913
121,10.238242,11.645653
122,11.953594,11.558750
123,10.954619,11.607650
124,11.495880,11.268760
125,9.740376,10.462692
126,7.444455,7.389293
127,8.515429,8.328623
128,9.073457,9.286902
129,10.502365,11.180318
130,11.331626,11.309050
131,12.584059,11.414337
132,11.472045,11.668040
133,12.205663,11.599584
134,11.028890,11.295991
135,7.234855,7.173772
136,8.105181,8.519051
137,8.688663,9.154701
138,10.264769,11.164777
139,10.122548,11.093637
140,12.181885,11.134014
141,10.943509,11.608237
142,11.904325,11.086906
143,9.752028,10.710600
144,6.962493,7.490903
145,8.197591,8.861672
146,8.970505,9.562262
147,10.502197,11.199036
148,11.019188,11.897680
149,12.386556,12.021765
150,11.386113,12.039026
151,12.312416,11.928245
152,10.825782,11.499596
153,7.356561,7.581424
154,7.857472,8.987307
155,8.570696,9.546903
156,10.186155,11.520685
157,10.174493,11.548945
158,11.942318,11.554788
159,10.930167,11.479674
160,11.792961,11.499084
161,9.697885,10.671051
162,7.018335,7.377279
163,8.385637,8.587376
164,9.055296,9.316313
165,10.471325,11.054645
166,11.072759,11.549314
167,12.592629,11.526385
168,11.370822,11.951746
169,12.067286,11.381208
170,10.818329,11.338382
171,7.146695,7.228718
172,8.124960,8.481244
173,8.625776,9.286047
174,10.051507,11.095221
175,10.171932,11.063790
176,12.022122,11.001528
177,10.874642,11.192583
178,11.431265,11.266059
179,9.647223,10.683407
180,8.110620,8.627430
181,8.658734,9.555791
182,9.170711,9.649014
183,11.185555,11.816392
184,10.806206,11.633232
185,11.435768,11.407568
186,12.138362,12.224122
187,11.957806,11.410165
188,9.926633,10.551740
189,7.792051,8.920259
190,8.572338,9.305802
191,8.760229,9.766253
192,10.682684,11.976460
193,10.034138,11.284687
194,11.038511,10.879290
195,11.404192,11.904778
196,11.317799,11.123254
197,8.994864,10.182754
198,7.814119,8.369361
199,8.604819,9.114878
200,9.138153,9.461069
201,10.984947,11.601759
202,11.254128,11.446802
203,11.686789,11.096186
204,12.055316,12.283560
205,12.156510,11.236060
206,9.912196,10.480075
207,7.997458,8.532643
208,8.481897,9.017500
209,8.572048,9.532754
210,10.710794,11.937741
211,10.367814,11.008811
212,11.087451,10.860116
213,11.313566,12.065277
214,11.318816,11.165202
215,8.874644,9.978881
216,9.354453,8.694599
217,9.922846,9.480978
218,10.004582,9.811737
219,12.787715,11.948051
220,12.055155,11.975357
221,12.734110,11.583184
222,13.712121,13.083015
223,12.960906,11.474568
224,11.034971,11.003549
225,9.325264,8.627136
226,9.823966,9.731264
227,9.428654,9.834005
228,12.410146,11.710392
229,11.221918,11.508821
230,12.112471,10.967951
231,12.928691,12.286543
232,12.352411,11.458208
233,9.852610,10.115783
234,9.409646,8.387799
235,9.723991,9.377242
236,10.053873,9.949684
237,12.719637,12.334702
238,11.972578,11.690475
239,12.708697,11.389454
240,13.536496,12.832190
241,13.358487,11.296583
242,11.060542,11.090961
243,8.772810,8.392750
244,9.563102,9.302129
245,9.445535,9.570894
246,12.497025,12.367208
247,11.437784,11.593654
248,12.106420,10.983419
249,12.915890,12.329626
250,12.236517,11.096134
251,9.832008,10.296940
252,8.665318,8.441425
253,9.559754,9.561692
254,9.860737,9.803624
255,12.556700,12.074577
256,11.994629,11.912951
257,12.403000,11.902811
258,13.077191,12.638422
259,12.922345,11.566548
260,10.879003,11.542852
261,9.092963,8.559828
262,9.604512,9.758826
263,9.234612,9.986300
264,12.042612,11.992788
265,11.195396,11.397775
266,11.956440,11.171315
267,12.606424,12.221327
268,12.132807,11.945028
269,9.801883,10.768259
270,8.567828,8.152974
271,9.591242,9.222721
272,9.822720,9.625741
273,12.601116,12.207428
274,11.953535,11.897924
275,12.531660,11.424676
276,13.197035,12.350556
277,12.881403,11.481575
278,10.847052,11.219065
279,8.645522,8.250822
280,9.674115,9.191816
281,9.332320,9.753796
282,12.227468,12.175109
283,11.242453,11.492087
284,11.953808,10.853984
285,12.643834,12.145767
286,12.108089,11.313171
287,9.842684,10.429520
288,8.813301,8.608446
289,9.434677,9.760088
290,10.169701,10.137812
291,11.455560,12.055922
292,11.472587,12.044094
293,12.292157,11.841152
294,11.715698,12.284346
295,12.291677,11.848673
296,10.780085,11.674407
297,8.570959,8.589541
298,9.401371,9.625278
299,9.319165,10.074310
300,10.916542,12.182007
301,11.072323,11.446783
302,11.937553,11.291132
303,11.508696,12.181768
304,11.740183,11.281548
305,9.785257,10.839661
306,8.719980,8.156410
307,9.408566,9.243806
308,9.811819,9.760660
309,11.328142,11.671150
310,11.680061,11.686852
311,12.448242,11.464613
312,12.152333,12.221159
313,12.460064,11.535286
314,10.866539,11.165730
315,8.763801,8.109173
316,9.449257,9.166703
317,9.394650,9.875067
318,11.259069,12.126647
319,10.909129,11.415378
320,11.997724,11.022554
321,11.403542,12.333321
322,11.803440,11.109644
323,9.723243,10.685070
324,8.676794,8.581429
325,9.632952,9.694172
326,10.023536,10.134461
327,11.306977,11.893910
328,11.292568,11.962334
329,12.254576,11.907783
330,11.811732,12.431057
331,12.436262,11.643103
332,10.684687,11.523146
333,8.325366,8.436430
334,9.257062,9.803112
335,9.369461,9.927081
336,11.276466,12.032929
337,10.681635,11.708357
338,12.009655,11.457466
339,11.715626,12.075158
340,12.020927,11.379980
341,9.830571,10.668752
342,8.633712,8.192655
343,9.370991,9.230546
344,9.899996,9.802782
345,11.460933,11.859186
346,11.536320,12.075283
347,12.326446,11.443297
348,11.982146,12.383370
349,12.199314,11.402309
350,10.794250,11.372477
351,8.282047,8.337683
352,9.066921,9.342139
353,9.303609,9.840965
354,11.159410,12.108084
355,10.864199,11.576997
356,12.008863,11.134698
357,11.638872,12.384154
358,11.827785,11.141798
359,9.802807,10.415974
360,8.053144,8.561141
361,8.827997,9.405124
362,9.164596,9.750566
363,11.178102,11.754180
364,11.022750,11.524101
365,11.576949,11.370260
366,11.844488,12.379126
367,12.036152,11.458825
368,9.903243,11.076510
369,7.848021,8.455070
370,8.528527,9.553790
371,8.680371,9.144104
372,10.293178,11.997588
373,10.409680,11.151356
374,11.050463,10.782813
375,11.714725,11.926773
376,11.269947,11.127218
377,8.932243,10.075412
378,7.973531,8.477855
379,8.683819,8.909060
380,9.117709,9.448414
381,11.141992,11.823416
382,11.054782,11.597261
383,11.549249,11.241297
384,12.050305,12.236557
385,12.048681,11.155914
386,10.030605,10.653468
387,7.895318,8.543188
388,8.751514,8.943789
389,8.612194,9.166749
390,10.713967,11.889401
391,10.196447,11.347584
392,11.085339,10.595200
393,11.333689,11.822684
394,11.347870,10.844304
395,8.950270,9.924319
396,9.082030,8.659027
397,10.071869,9.523496
398,9.930230,9.928760
399,13.442032,11.906313
400,12.191316,11.871745
401,12.766781,11.558481
402,13.656122,12.362406
403,13.130603,11.708063
404,11.022853,11.331051
405,8.957234,8.801143
406,9.622988,9.620449
407,9.353086,9.834936
408,12.290221,12.255946
409,11.122738,11.415966
410,12.165837,11.019098
411,12.966599,12.541436
412,12.243454,11.131129
413,9.876424,10.293460
414,9.550046,8.498312
415,9.677638,9.344537
416,10.058529,9.814226
417,13.004578,12.266273
418,12.294268,11.657659
419,12.773458,11.267488
420,13.453753,12.366242
421,13.312488,11.388409
422,11.032938,11.181304
423,9.295485,8.497124
424,9.634791,9.203805
425,9.452973,9.723057
426,12.375583,12.173348
427,11.434074,11.396748
428,12.190870,10.890107
429,12.954583,12.602509
430,12.170792,11.136086
431,9.841954,10.301086
432,8.630716,8.402046
433,9.707204,9.644069
434,9.809906,9.973416
435,12.183990,11.981729
436,12.043583,11.965012
437,12.536406,11.762124
438,13.349131,12.427809
439,13.036008,12.001993
440,10.835249,11.457101
441,9.112337,8.619591
442,9.372470,9.601548
443,9.299245,9.827789
444,11.810361,11.991556
445,11.132518,11.556588
446,12.013217,11.281206
447,12.825266,12.129823
448,12.048025,11.220306
449,9.734394,10.776546
450,8.781528,8.185650
451,9.406039,9.383491
452,9.814715,9.779531
453,12.633286,11.958199
454,11.862354,11.655905
455,12.603848,11.408085
456,12.973951,12.324181
457,13.004274,11.295730
458,10.873637,11.102090
459,8.882846,8.267456
460,9.214341,9.213089
461,9.342177,9.799254
462,11.820507,11.913486
463,11.278944,11.215480
464,11.955299,10.125673
465,12.537056,12.155443
466,11.960629,11.060564
467,9.805880,10.015162
468,8.684576,8.455685
469,9.456800,9.544716
470,9.820204,10.275868
471,11.462584,12.174774
472,11.634551,11.897733
473,12.273186,11.777576
474,11.981209,12.324331
475,12.421985,11.727371
476,10.703251,11.449874
477,8.428543,8.596539
478,9.270199,9.774508
479,9.372181,10.041107
480,11.062480,12.165073
481,10.691778,11.512934
482,11.989213,11.079477
483,11.485128,12.351220
484,11.736464,11.241604
485,9.749879,10.819122
486,8.959576,8.266672
487,9.469427,9.099098
488,10.013330,9.969347
489,11.622515,12.066047
490,11.510292,11.732478
491,12.363805,11.473475
492,11.986240,12.345179
493,12.354764,11.574856
494,10.824355,11.189919
495,8.720101,8.430442
496,9.326790,9.346064
497,9.380804,9.624955
498,11.092253,11.991790
499,10.767621,11.105967
500,12.065327,11.007104
501,11.414383,12.385908
502,11.823696,11.333022
503,9.744283,10.589478
504,8.394026,8.540909
505,9.528717,9.667131
506,9.814001,10.129580
507,11.682235,12.063818
508,11.512262,11.954988
509,12.171013,11.741657
510,11.647346,12.258664
511,12.115965,11.635365
512,10.626384,11.478459
513,8.754123,8.735086
514,9.400615,9.788901
515,9.343575,10.154615
516,10.996904,11.923709
517,11.040573,11.674548
518,11.908756,11.432332
519,11.260978,12.342633
520,11.921555,11.626574
521,9.728873,10.919576
522,8.552970,8.238089
523,9.638898,9.253098
524,9.891503,9.744013
525,11.466813,11.981283
526,11.484218,11.902601
527,12.199713,11.556079
528,11.722294,12.450657
529,12.204445,11.758111
530,10.717295,11.201273
531,8.572931,8.413729
532,9.286077,9.333330
533,9.303674,9.600696
534,11.116611,12.016279
535,10.793881,11.618136
536,11.957668,11.103639
537,11.544563,12.189102
538,11.655674,11.439745
539,9.734655,10.790372
540,8.034879,8.527966
541,8.918580,9.340190
542,9.215468,9.668481
543,11.248212,11.777615
544,11.033295,11.786149
545,11.463654,11.246304
546,12.158488,12.131494
547,11.914996,11.180357
548,9.856694,10.775874
549,7.956213,8.621045
550,8.591050,9.620699
551,8.712081,9.784178
552,10.550556,12.012492
553,10.351205,11.058998
554,11.089679,10.932301
555,11.196555,12.048269
556,11.137567,11.222546
557,8.915861,10.057184
558,7.934835,8.237075
559,8.828480,8.912916
560,9.130676,9.383888
561,11.340035,11.958427
562,11.107351,11.652522
563,11.672473,11.312314
564,12.221127,12.108465
565,12.082220,11.205657
566,9.950896,10.773329
567,8.014700,8.045353
568,8.620358,9.101863
569,8.491414,9.541420
570,10.493470,12.055347
571,10.211125,11.248505
572,11.112963,10.579280
573,11.484280,11.979900
574,11.482277,11.008836
575,8.950048,9.947673
576,9.184370,8.871245
577,9.588312,9.485153
578,10.073833,9.917219
579,12.557107,12.027453
580,12.164959,11.980385
581,12.769641,11.620942
582,13.587786,12.512194
583,13.327899,11.487974
584,11.038674,10.993383
585,8.876496,8.496721
586,9.719471,9.482568
587,9.453124,9.822115
588,12.274727,11.943933
589,11.218344,11.745873
590,12.155370,10.870125
591,12.938919,12.134540
592,12.430948,11.854479
593,9.877315,10.482430
594,9.171918,8.249163
595,9.874640,9.228962
596,10.003761,9.805329
597,12.872633,11.917101
598,12.182869,12.096808
599,12.751774,11.495852
600,13.670453,12.546625
601,13.095726,11.482631
602,11.062169,10.998617
603,9.163177,8.848817
604,9.496252,9.409558
605,9.396307,9.794555
606,12.493540,12.187937
607,11.432382,11.584496
608,12.048989,11.061080
609,12.981148,12.439562
610,12.560929,11.211884
611,9.871565,10.430839
612,8.840228,8.483974
613,9.686765,9.567681
614,9.765123,9.980160
615,12.379217,11.901192
616,11.993019,11.802495
617,12.703720,11.845499
618,12.983155,12.640862
619,13.148867,11.457710
620,10.867429,11.631485
621,8.835056,8.348259
622,9.272749,9.467632
623,9.274297,9.698793
624,11.670569,11.818931
625,11.045298,11.577606
626,11.977319,11.397809
627,12.641221,12.161527
628,12.143401,11.287049
629,9.835961,10.424359
630,8.811792,8.354048
631,9.849517,9.361492
632,9.856289,9.708552
633,12.522583,11.994409
634,11.776875,11.926652
635,12.752814,11.390367
636,13.080080,12.662959
637,12.811283,11.578816
638,10.927408,11.176818
639,8.845558,8.392230
640,9.416703,9.561414
641,9.314888,9.521900
642,11.946348,12.138295
643,11.290577,11.356239
644,12.032427,10.934134
645,12.972502,12.365823
646,12.064178,11.415368
647,9.849517,10.109155
648,8.702250,8.503853
649,9.582230,9.760530
650,9.848047,10.290627
651,11.376287,12.190316
652,11.611677,12.054522
653,12.345481,11.854199
654,11.986131,12.418369
655,12.235062,11.656921
656,10.861908,11.418054
657,8.724984,8.596874
658,9.490800,9.593262
659,9.327681,10.303975
660,11.160347,11.540379
661,10.950870,11.516109
662,12.088621,11.242843
663,11.679000,12.334826
664,11.789117,11.732428
665,9.809019,11.133429
666,8.733512,8.259962
667,9.479078,9.237652
668,9.987061,9.653423
669,11.346635,11.899494
670,11.620533,11.683268
671,12.277246,11.452904
672,12.106733,12.547131
673,12.232805,11.513125
674,10.826577,11.222536
675,8.913270,8.121403
676,9.117292,9.315372
677,9.344603,9.868830
678,11.220015,11.764751
679,10.940495,11.422667
680,12.000089,10.427910
681,11.325541,12.176289
682,12.106955,11.367771
683,9.807193,10.583344
684,8.455984,8.578591
685,9.301771,9.636816
686,10.063796,10.049160
687,11.390728,12.146401
688,11.423369,12.055483
689,12.232051,11.850968
690,11.770850,12.404608
691,12.307936,11.780910
692,10.658246,11.524669
693,8.432071,8.428838
694,9.407420,9.744774
695,9.262894,9.801493
696,11.149993,11.756288
697,10.714037,11.645368
698,11.926154,11.362062
699,11.507998,12.314857
700,11.816046,11.489832
701,9.801291,10.659501
702,8.505497,8.136214
703,9.395551,9.411392
704,9.882765,9.749880
705,11.218403,11.781923
706,11.532354,11.706076
707,12.271360,11.544833
708,11.798634,12.185543
709,12.098013,11.620521
710,10.658654,11.084616
711,8.440370,8.206699
712,9.304255,9.136140
713,9.349584,9.861129
714,10.983278,11.876465
715,10.814659,11.367077
716,11.924609,11.165180
717,11.467466,12.141951
718,11.791029,11.371619
719,9.739984,10.546567
720,6.267504,7.536113
721,7.303736,8.130085
722,8.083975,8.709111
723,9.531668,10.935102
724,10.126576,10.527871
725,11.258417,10.716108
726,10.799771,11.535892
727,11.508226,10.969172
728,9.776349,11.067631
729,6.541996,7.484389
730,7.092253,7.955284
731,7.580440,8.365662
732,9.365614,10.429643
733,9.632894,10.245447
734,10.569593,10.036880
735,10.313563,11.112681
736,10.672037,10.330675
737,8.640080,9.271564
738,6.406305,7.435120
739,7.334944,7.890570
740,8.072247,8.140656
741,9.677872,11.048631
742,10.192971,10.519724
743,11.337347,10.404929
744,11.119622,11.409842
745,11.340273,10.712702
746,9.897694,10.708790
747,6.375340,7.106639
748,7.530702,8.447765
749,7.573466,8.056929
750,9.531919,10.636977
751,9.450859,10.303792
752,10.629979,9.795790
753,10.687551,11.305126
754,10.477868,10.447091
755,8.642063,9.201705
756,7.389827,7.414051
757,8.408841,8.685898
758,9.083947,8.769593
759,11.039511,11.147062
760,11.566498,11.518688
761,12.735972,11.060266
762,12.294087,11.813998
763,12.519325,11.617333
764,11.266437,11.169983
765,7.204834,7.565430
766,8.077560,8.901252
767,8.643581,8.800160
768,10.561419,11.273056
769,10.270992,11.188063
770,12.125187,10.551723
771,11.745635,11.757380
772,11.814898,11.447826
773,9.797963,10.013654
774,7.051836,7.581529
775,8.406984,8.480765
776,8.932634,8.573230
777,11.205144,11.303221
778,11.575178,11.310163
779,12.804489,10.765975
780,12.374021,11.906099
781,12.483912,11.440496
782,11.100931,11.243897
783,7.467188,7.416576
784,8.375101,8.645783
785,8.689214,8.598377
786,10.726568,11.261465
787,10.513577,10.986047
788,12.205286,10.104939
789,11.500751,11.852727
790,12.232403,11.127142
791,9.829781,10.094750
792,6.880388,7.653810
793,8.096302,8.883775
794,8.992563,8.867506
795,10.814161,11.425627
796,11.004408,11.612782
797,12.605442,11.204930
798,11.786138,12.078816
799,12.564212,11.672960
800,11.058112,11.736587
801,7.097160,7.568243
802,8.044896,9.209401
803,8.568811,8.832476
804,10.193710,11.681407
805,10.454465,11.336306
806,12.138423,11.378675
807,11.431909,11.569571
808,11.949005,11.051950
809,9.757723,10.291123
810,7.230453,7.438087
811,8.140612,8.778346
812,9.085648,8.724069
813,11.268853,11.404951
814,11.307419,11.360146
815,12.731506,10.797172
816,12.367974,11.881244
817,12.639221,11.588922
818,11.081538,11.177730
819,7.033988,7.422694
820,8.214933,8.680097
821,8.437593,8.520132
822,10.376328,11.556435
823,10.317478,11.062769
824,12.139229,10.118702
825,11.530405,11.705733
826,11.954583,10.870548
827,9.754291,9.910984
828,6.848372,7.779715
829,8.224257,9.123470
830,9.032521,9.432687
831,10.452829,11.386740
832,11.027178,11.714729
833,12.588095,12.237913
834,11.408876,11.962740
835,12.267934,11.672734
836,10.965672,11.630598
837,7.279489,7.620760
838,8.104712,9.245872
839,8.595256,9.532644
840,10.195148,11.486534
841,10.170300,11.433077
842,12.028140,11.842251
843,11.039257,11.806141
844,11.778708,11.156110
845,9.744733,10.796332
846,7.117838,7.377467
847,8.182959,8.895422
848,9.127380,8.917378
849,10.489625,11.271311
850,11.138526,11.511734
851,12.492321,11.901082
852,11.310820,11.904502
853,12.262684,11.864861
854,10.966257,11.531018
855,7.269875,7.277084
856,8.176178,9.191800
857,8.619774,9.081446
858,10.149982,11.484932
859,10.397013,11.154945
860,12.168003,10.948519
861,10.883918,11.838852
862,11.322517,10.951111
863,9.672955,10.401375
864,6.913519,7.817763
865,8.158803,9.256482
866,8.979815,9.682729
867,10.408932,11.339922
868,10.986270,11.652023
869,12.330112,11.771156
870,11.289629,12.044930
871,12.020487,11.819575
872,10.868822,11.846206
873,7.036528,7.644525
874,8.080202,9.076031
875,8.506664,9.410552
876,9.948164,11.378840
877,10.186915,11.344237
878,12.043323,11.120420
879,10.635077,11.756675
880,11.580296,11.378593
881,9.759993,10.778644
882,7.383121,7.367803
883,8.201304,8.915462
884,9.001789,9.041348
885,10.215670,11.358336
886,10.963839,11.559673
887,12.403470,11.344948
888,11.063329,12.213268
889,11.874785,11.847580
890,10.774406,11.355412
891,7.166852,7.344150
892,8.143486,8.915178
893,8.501912,9.168073
894,10.086803,11.572234
895,10.246922,11.453955
896,11.985935,10.910244
897,10.835285,11.719224
898,11.367383,10.950677
899,9.676227,10.301643
900,8.087892,8.407391
901,8.843619,9.418375
902,9.072576,9.952157
903,11.048278,11.545289
904,10.946765,11.857008
905,11.411494,11.607459
906,11.916292,12.248764
907,11.747398,11.310065
908,9.853831,11.180242
909,8.118471,8.410967
910,8.597268,9.562452
911,8.725742,9.856722
912,10.645071,12.001028
913,10.348490,11.397284
914,10.984375,11.191138
915,11.277509,12.002771
916,11.230660,11.171560
917,8.889861,10.248455
918,7.683962,8.276322
919,8.663795,9.093108
920,9.153320,9.787054
921,10.996048,12.013550
922,10.903080,11.713450
923,11.559500,11.473330
924,11.967848,12.362455
925,11.986317,11.215827
926,10.001482,10.838170
927,7.605725,8.501544
928,8.673068,9.269651
929,8.455656,9.878803
930,10.578709,12.168740
931,10.320858,11.165670
932,11.027878,10.634789
933,11.531228,11.863687
934,11.283447,10.918303
935,8.875587,9.697344
936,9.262650,8.610483
937,9.953389,9.737114
938,10.014915,10.147197
939,13.204526,12.031547
940,12.207140,11.870931
941,12.614951,12.079933
942,13.171042,12.676640
943,13.175248,11.868652
944,11.039839,11.558394
945,8.927742,8.619135
946,9.628897,9.700560
947,9.458315,9.957930
948,12.545631,12.358211
949,11.368003,11.671317
950,12.032701,11.047020
951,13.092227,12.139055
952,12.200209,11.612213
953,9.854697,10.613275
954,9.141167,8.464763
955,9.757381,9.785714
956,10.057758,9.999316
957,12.609461,12.180713
958,12.364102,11.967213
959,12.865542,11.845654
960,13.590426,12.758311
961,13.193018,11.788968
962,11.029726,11.182076
963,9.139870,8.465634
964,9.828034,9.814303
965,9.492451,10.243579
966,12.444654,12.448557
967,10.912712,11.646204
968,12.113195,11.124331
969,13.013021,12.254023
970,12.246737,11.265133
971,9.890532,10.381132
972,8.833419,8.557158
973,9.599108,9.771397
974,9.833310,10.205778
975,12.313167,12.059732
976,11.861430,12.113351
977,12.574636,12.093119
978,13.119525,12.622360
979,13.055273,11.872221
980,10.854000,11.533360
981,8.794638,8.521109
982,9.371022,9.782677
983,9.269850,10.140309
984,11.965541,12.232244
985,10.891352,11.881237
986,11.976596,11.479130
987,12.413116,12.061922
988,11.963890,11.561689
989,9.775972,10.519836
990,8.750010,8.201513
991,9.281809,9.511080
992,9.900679,9.927411
993,12.125443,12.107230
994,12.108778,12.170222
995,12.754965,11.628480
996,12.901765,12.592977
997,13.155590,11.728333
998,10.913792,11.433265
999,9.017241,8.321451
1000,9.341493,9.767830
1001,9.330842,10.033736
1002,12.061280,12.206667
1003,11.053160,11.994026
1004,11.951795,11.167895
1005,12.535591,12.215698
1006,12.257444,11.872381
1007,9.838930,10.314851
1008,8.509468,8.590234
1009,9.609591,9.889620
1010,9.876136,10.525081
1011,11.382053,12.104243
1012,11.560769,12.318244
1013,12.182386,12.083084
1014,12.146726,12.367894
1015,12.287082,11.707187
1016,10.774032,11.817072
1017,8.520291,8.518118
1018,9.247121,9.975597
1019,9.356167,10.357134
1020,11.284197,12.239964
1021,10.654068,11.801681
1022,11.886656,11.605245
1023,11.573649,12.189115
1024,11.997123,11.681884
1025,9.724306,10.915997
1026,8.549389,8.295444
1027,9.547748,9.796904
1028,9.844081,10.397949
1029,11.353540,11.871683
1030,11.708187,12.018260
1031,12.296478,11.738247
1032,12.018026,12.439836
1033,12.223618,11.655728
1034,10.703401,11.497248
1035,8.932400,8.273596
1036,9.272459,9.513780
1037,9.445845,10.117277
1038,11.187941,12.135660
1039,10.830599,11.910244
1040,11.933395,11.044189
1041,11.365835,12.218180
1042,11.748493,11.395607
1043,9.702516,10.714082
1044,8.512520,8.521118
1045,9.389868,9.919467
1046,10.227968,10.543631
1047,11.416974,12.054108
1048,11.410884,12.227974
1049,12.246897,11.906489
1050,11.668978,12.162668
1051,12.307149,11.941360
1052,10.630237,11.775359
1053,8.725111,8.611444
1054,9.424109,9.848350
1055,9.276726,10.456068
1056,10.975878,12.131547
1057,10.833872,11.630003
1058,11.955434,11.521889
1059,11.600960,12.209553
1060,11.618567,11.320927
1061,9.806766,10.928221
1062,8.493660,8.239848
1063,9.372340,9.491715
1064,9.884383,10.326939
1065,11.360408,12.041711
1066,11.727410,11.941916
1067,12.310326,11.738845
1068,11.902723,12.618077
1069,12.230522,11.671136
1070,10.724718,11.517384
1071,8.543468,8.301802
1072,9.214391,9.547714
1073,9.284681,9.875079
1074,11.003805,12.238753
1075,10.676899,11.889904
1076,11.985265,11.250670
1077,11.373472,12.164593
1078,11.900092,11.116220
1079,9.743902,10.722594
1080,7.838201,8.704659
1081,8.616611,9.562220
1082,9.234672,10.154149
1083,11.152946,11.614342
1084,10.964952,11.748521
1085,11.570614,11.569641
1086,11.831664,12.258051
1087,11.877404,11.420851
1088,9.825115,11.222437
1089,7.758923,8.550385
1090,8.744074,9.554324
1091,8.737430,9.863197
1092,10.644238,12.166129
1093,10.367118,11.508852
1094,10.996323,11.064926
1095,11.431331,11.941248
1096,11.139137,11.186184
1097,8.934736,10.424083
1098,7.952336,8.264870
1099,8.859194,9.190297
1100,9.067022,9.813769
1101,11.105593,12.098133
1102,11.049383,11.809317
1103,11.623114,11.354592
1104,12.226387,12.419660
1105,12.193041,11.375006
1106,9.994101,11.043468
1107,7.831797,8.519650
1108,8.492864,9.592072
1109,8.586735,9.806190
1110,10.643864,11.582929
1111,10.567442,11.007610
1112,11.065512,10.866188
1113,11.790136,12.361374
1114,11.291157,10.760868
1115,8.914228,10.066686
1116,9.371057,8.447655
1117,9.929033,9.620331
1118,10.054600,10.104730
1119,13.011646,12.170171
1120,12.116930,12.153032
1121,12.784434,11.757095
1122,13.384461,12.601887
1123,13.189228,11.648307
1124,11.034365,11.439551
1125,9.399847,8.699883
1126,9.805048,9.913607
1127,9.436894,10.125839
1128,12.077120,12.150943
1129,11.289610,11.693866
1130,12.013237,11.293334
1131,12.874137,12.051720
1132,12.219401,11.167083
1133,9.839476,10.141488
1134,9.595881,8.966544
1135,9.859817,9.767437
1136,10.002760,10.258987
1137,13.207768,12.373907
1138,12.234360,12.138619
1139,12.558968,11.671092
1140,13.628019,12.912807
1141,13.187811,11.714356
1142,11.076121,11.269452
1143,9.235533,8.491561
1144,9.317666,9.851824
1145,9.392785,10.227715
1146,12.186628,12.648688
1147,11.229027,11.605503
1148,12.044793,11.093278
1149,13.114706,12.298738
1150,12.366394,11.295325
1151,9.848639,10.080870
1152,8.987805,8.533177
1153,9.504599,9.799838
1154,9.808238,10.330487
1155,12.553467,11.796217
1156,11.994358,12.043154
1157,12.598703,11.990824
1158,13.083714,12.512663
1159,12.971520,12.043251
1160,10.925660,11.636260
1161,8.839996,8.523034
1162,9.369010,9.697437
1163,9.280487,10.266263
1164,12.136756,12.075004
1165,11.108820,11.760890
1166,11.898347,11.526132
1167,12.765718,11.905807
1168,12.115099,11.640377
1169,9.684515,10.615545
1170,9.268404,8.327770
1171,9.492541,9.868496
1172,9.864867,9.923336
1173,12.575516,12.347986
1174,11.992674,11.721897
1175,12.765951,11.683906
1176,12.909198,12.451981
1177,12.998322,11.474651
1178,10.746389,11.330914
1179,8.637010,8.370466
1180,9.301522,9.780965
1181,9.275616,10.018875
1182,12.264086,12.315098
1183,11.189196,11.494906
1184,11.904907,10.892858
1185,12.581846,12.158786
1186,12.007665,11.328411
1187,9.830974,10.070275
1188,8.624186,8.627748
1189,9.544906,10.046444
1190,10.000937,10.603452
1191,11.488256,12.138069
1192,11.519251,12.370695
1193,12.245797,12.046412
1194,11.846579,12.410011
1195,12.406479,11.506946
1196,10.721582,11.824023
1197,8.358945,8.770170
1198,9.314348,10.033550
1199,9.304238,10.413136
1200,11.185952,12.120119
1201,10.820918,11.963398
1202,12.006865,11.495046
1203,11.548892,11.822668
1204,11.736588,11.693247
1205,9.769317,10.844289
1206,8.555876,8.269883
1207,9.365868,9.726983
1208,9.857019,10.126070
1209,11.314198,12.166701
1210,11.708591,11.890776
1211,12.303459,11.904953
1212,12.114304,12.399265
1213,12.316902,11.563660
1214,10.802508,11.111235
1215,8.708537,8.131715
1216,9.168413,9.705701
1217,9.374832,10.154121
1218,11.439854,11.953097
1219,11.091953,11.632558
1220,11.975183,11.252547
1221,11.492887,12.046651
1222,12.055717,11.126836
1223,9.815502,10.751165
1224,8.476022,8.471252
1225,9.507257,9.837098
1226,10.198841,10.459828
1227,11.410286,12.219210
1228,11.595572,12.091254
1229,12.280250,12.148046
1230,11.766428,12.310125
1231,12.141314,11.525154
1232,10.638758,11.703188
1233,8.532873,8.615247
1234,9.273430,9.816057
1235,9.281677,9.904093
1236,11.308851,12.254566
1237,10.718738,11.888467
1238,11.900129,11.373528
1239,11.240896,11.565922
1240,11.730995,11.377428
1241,9.751297,10.833869
1242,8.338219,8.166969
1243,9.268026,9.545072
1244,9.759562,10.258666
1245,11.349512,12.109975
1246,11.665056,11.778160
1247,12.223420,11.624227
1248,11.933175,12.211246
1249,12.229186,11.748479
1250,10.750164,11.469155
1251,8.552815,8.016918
1252,9.223699,9.604726
1253,9.312344,10.158161
1254,11.088487,12.140924
1255,10.799747,11.954581
1256,11.929578,11.188732
1257,11.756783,11.950668
1258,11.751123,11.192828
1259,9.760843,10.691462
1260,7.989932,8.559059
1261,8.747630,9.518618
1262,9.164170,9.680172
1263,11.199594,11.717534
1264,10.940629,11.829089
1265,11.380322,11.561666
1266,12.023066,12.283273
1267,12.054611,11.451462
1268,9.787029,10.615660
1269,7.977561,8.406927
1270,8.322993,9.399969
1271,8.686422,9.836006
1272,10.448962,11.355954
1273,10.372797,11.156159
1274,11.019044,10.815375
1275,11.429708,11.756731
1276,11.310337,10.872078
1277,8.893259,9.556295
1278,7.961531,8.180178
1279,8.684895,9.191007
1280,9.145939,9.658532
1281,11.226538,12.017484
1282,11.174827,11.728336
1283,11.564487,11.211259
1284,12.091835,12.238785
1285,12.160231,11.469735
1286,9.986619,10.850624
1287,7.948703,8.252807
1288,8.346073,9.303296
1289,8.592505,9.736665
1290,10.491583,12.119459
1291,10.440282,11.244619
1292,11.113257,10.559511
1293,11.783819,12.176192
1294,11.221430,10.987409
1295,8.915627,10.019189
1296,9.072074,8.534008
1297,10.103001,9.917519
1298,10.035743,10.014354
1299,12.728463,11.809527
1300,12.084588,11.925615
1301,12.967150,11.628295
1302,13.347426,12.281107
1303,13.328609,11.722704
1304,11.031093,11.309674
1305,9.389669,8.501794
1306,9.673010,9.534467
1307,9.369452,10.013497
1308,12.447956,12.105433
1309,11.149597,11.636331
1310,12.035757,11.203106
1311,13.031360,12.254152
1312,12.133740,11.128889
1313,9.863327,10.195498
1314,9.555367,8.228930
1315,9.994899,9.806966
1316,9.968287,10.058216
1317,12.934781,12.077318
1318,12.086569,12.022215
1319,12.747283,11.967797
1320,13.626885,12.507198
1321,13.206468,11.339076
1322,11.038692,11.471808
1323,9.181667,8.373433
1324,9.759138,9.823656
1325,9.431821,9.998901
1326,12.347288,12.379868
1327,11.208802,11.556344
1328,12.040960,11.090884
1329,13.090927,12.485381
1330,12.435689,11.279234
1331,9.868830,10.125021
1332,9.011467,8.322472
1333,9.485756,9.701280
1334,9.805274,10.096195
1335,12.500457,11.877716
1336,12.074850,12.086358
1337,12.602458,11.981464
1338,13.104504,12.871143
1339,12.834989,11.988396
1340,10.879456,11.761100
1341,8.807839,8.645754
1342,9.520074,9.621680
1343,9.259731,9.979537
1344,11.905281,11.963848
1345,11.157640,11.436047
1346,11.994863,11.311143
1347,12.284783,11.918658
1348,12.059042,11.549247
1349,9.724987,10.515026
1350,8.819068,8.074800
1351,9.429307,9.429456
1352,9.818724,9.923207
1353,12.298144,11.981274
1354,11.947508,11.985692
1355,12.683941,11.576523
1356,13.316425,12.500685
1357,13.009071,11.464479
1358,10.850705,11.016719
1359,8.795905,8.255867
1360,9.524324,9.444232
1361,9.313020,9.847483
1362,12.203968,11.995256
1363,11.169369,11.333274
1364,11.958422,11.164917
1365,12.751400,12.167374
1366,12.124820,11.660308
1367,9.793896,9.957335
1368,8.486198,8.550591
1369,9.315135,9.586120
1370,9.857582,10.426154
1371,11.279703,11.881648
1372,11.672278,12.013504
1373,12.309534,11.896041
1374,12.047859,12.206102
1375,12.367846,11.543990
1376,10.799276,11.684833
1377,8.653248,8.561080
1378,9.162009,9.685959
1379,9.371469,10.264251
1380,11.309482,11.900940
1381,10.843836,11.687396
1382,11.984303,11.388741
1383,11.546822,11.989751
1384,11.844345,11.404789
1385,9.746135,10.955538
1386,8.778056,8.246629
1387,9.314127,9.530401
1388,9.920532,10.114054
1389,11.387721,11.918581
1390,11.732345,11.959894
1391,12.272814,11.902931
1392,12.094745,12.068318
1393,12.349695,11.534063
1394,10.753136,11.317723
1395,8.697470,8.075363
1396,9.239870,9.335704
1397,9.362124,10.021438
1398,11.111736,12.208179
1399,10.914288,11.578971
1400,11.996970,11.204735
1401,11.796237,11.955497
1402,11.821352,11.299580
1403,9.758290,10.283866
1404,8.595416,8.354699
1405,9.407449,9.533526
1406,9.818237,10.224713
1407,11.318796,11.896156
1408,11.379984,11.896555
1409,12.269912,11.900348
1410,11.974005,11.954194
1411,11.937620,11.632128
1412,10.721622,11.792843
1413,8.571561,8.313807
1414,9.099421,9.747448
1415,9.367889,9.872853
1416,11.298560,11.850564
1417,10.702456,11.386251
1418,11.968769,11.356986
1419,11.231080,11.796727
1420,11.803669,11.243339
1421,9.707450,10.739596
1422,8.505971,8.166592
1423,9.276132,9.414383
1424,9.839251,9.962097
1425,11.307636,11.903096
1426,11.532848,12.086009
1427,12.234255,11.883639
1428,11.894101,12.333318
1429,12.135320,11.415715
1430,10.626427,11.196070
1431,8.704172,8.337042
1432,9.161951,9.475127
1433,9.302374,9.760736
1434,11.141853,12.012604
1435,11.014612,11.714046
1436,11.936368,11.226624
1437,11.773731,12.113030
1438,11.779637,11.337190
1439,9.668757,10.594395
1440,6.380093,7.231481
1441,7.542078,7.977876
1442,8.103491,8.082840
1443,9.576582,10.435319
1444,10.357468,11.053998
1445,11.252624,10.461884
1446,10.589663,11.416121
1447,11.340868,10.715474
1448,9.770824,10.574043
1449,5.989294,6.791879
1450,7.387515,8.158358
1451,7.637198,7.998788
1452,9.315680,10.806931
1453,9.305720,9.915413
1454,10.820286,9.658182
1455,10.620278,10.797920
1456,10.607065,10.295982
1457,8.605964,9.401473
1458,6.483868,6.734642
1459,7.596113,7.381694
1460,7.942338,7.998044
1461,9.882668,10.584110
1462,10.214859,10.533113
1463,11.229592,10.085253
1464,11.027242,10.966817
1465,11.490499,10.574785
1466,9.733782,10.295062
1467,6.267460,6.901599
1468,7.537098,7.988954
1469,7.635903,7.897847
1470,9.156839,10.713839
1471,9.272484,9.612622
1472,10.734680,9.375813
1473,10.341290,10.671393
1474,10.729321,9.971759
1475,8.668858,9.327483
1476,7.117301,7.115250
1477,8.336708,8.456707
1478,9.088315,8.328535
1479,11.089564,10.943873
1480,11.403330,11.224722
1481,12.698103,10.850928
1482,12.679748,11.341852
1483,12.775922,11.223052
1484,11.197270,10.908633
1485,7.292881,7.374681
1486,8.291229,8.531656
1487,8.682054,8.445089
1488,11.045928,11.074671
1489,10.640330,10.380937
1490,12.198967,10.029658
1491,11.760927,11.061391
1492,11.947029,10.546104
1493,9.870102,9.914306
1494,7.512508,7.344841
1495,8.162888,8.221917
1496,9.162099,8.391482
1497,10.923690,11.149983
1498,11.195829,10.709410
1499,12.772536,10.577979
1500,12.587968,11.428078
1501,12.660820,11.292827
1502,11.217498,10.697330
1503,6.934377,7.393792
1504,8.089916,8.325260
1505,8.627439,8.257181
1506,10.492229,10.828922
1507,10.419221,10.467310
1508,12.193185,9.923805
1509,12.039615,11.327880
1510,12.072506,11.406006
1511,9.817867,9.727036
1512,6.781853,6.882922
1513,8.280281,8.423328
1514,9.059952,8.294333
1515,10.992742,10.875648
1516,11.333566,11.358021
1517,12.617688,10.666296
1518,12.342633,11.546968
1519,12.554691,11.269217
1520,11.065821,11.187116
1521,6.678617,7.386510
1522,8.058202,8.619921
1523,8.549527,8.375578
1524,10.269777,10.712822
1525,10.508203,11.070948
1526,12.097187,11.065324
1527,11.594829,11.556942
1528,11.920581,10.953721
1529,9.774771,10.140658
1530,6.872504,7.299886
1531,8.247564,8.185520
1532,8.895059,7.998052
1533,10.903866,10.890929
1534,11.364178,11.118889
1535,12.504454,10.418491
1536,12.262894,11.435010
1537,12.531689,10.956718
1538,11.109684,10.810591
1539,7.400429,7.174132
1540,8.229413,8.278056
1541,8.549435,8.291597
1542,10.793818,10.942902
1543,10.227456,10.583321
1544,12.091169,9.938939
1545,11.578438,11.218212
1546,11.901904,10.490852
1547,9.810403,9.865599
1548,6.828327,7.015122
1549,8.335591,7.864451
1550,9.064454,8.467420
1551,10.689991,10.109528
1552,11.225424,10.508657
1553,12.655041,10.645141
1554,11.418887,10.815279
1555,12.750293,10.895624
1556,10.963856,10.647549
1557,7.092055,6.817891
1558,8.366344,8.190931
1559,8.606981,8.611442
1560,10.293062,10.325565
1561,10.329643,10.541282
1562,12.173978,10.013975
1563,10.981577,10.788544
1564,11.280471,10.151503
1565,9.747967,9.967028
1566,7.057005,6.549940
1567,8.369288,7.645967
1568,9.072968,7.911005
1569,10.707302,9.953377
1570,11.054714,10.394489
1571,12.658671,10.025624
1572,11.431350,10.821160
1573,12.181500,10.343466
1574,11.093383,10.122874
1575,6.937397,6.286635
1576,8.154327,7.775243
1577,8.641773,8.069412
1578,9.944507,10.176757
1579,10.030020,9.893264
1580,12.119540,9.586936
1581,11.020765,10.563912
1582,11.681366,9.733870
1583,9.690989,9.545530
1584,6.873281,6.846932
1585,8.273456,7.929411
1586,9.029974,8.582201
1587,10.183170,10.175612
1588,10.824126,10.695084
1589,12.379189,10.448185
1590,11.350769,10.728754
1591,12.061255,10.564561
1592,10.799002,10.551150
1593,6.796674,6.783413
1594,7.838264,7.937760
1595,8.508024,8.484587
1596,10.126795,10.063165
1597,10.139284,10.289744
1598,12.057681,9.962918
1599,10.717846,10.765771
1600,11.746116,10.258743
1601,9.704717,9.594970
1602,7.065703,6.720406
1603,8.466733,7.682582
1604,8.966616,7.997007
1605,10.382732,10.029847
1606,11.026558,10.143884
1607,12.343053,10.169662
1608,11.252668,10.763829
1609,11.984236,10.321581
1610,10.881280,10.121009
1611,7.156815,6.601587
1612,8.042506,7.811190
1613,8.573498,8.108080
1614,9.941364,10.080124
1615,10.178537,10.060517
1616,12.037402,9.704705
1617,10.884178,10.317310
1618,11.789857,9.948571
1619,9.689101,9.468518
1620,7.964730,8.491982
1621,8.951179,9.153028
1622,9.217794,9.289107
1623,11.237888,11.771813
1624,10.934487,11.090298
1625,11.459633,10.833692
1626,11.772813,11.898261
1627,11.977037,11.273460
1628,9.814466,10.608082
1629,7.813100,8.101822
1630,8.539740,9.267904
1631,8.721632,9.255863
1632,10.630110,11.798554
1633,10.320965,11.005344
1634,10.974829,10.374979
1635,11.574058,11.628769
1636,11.166594,10.901271
1637,8.941724,10.091346
1638,7.801031,8.133570
1639,8.867183,8.785876
1640,9.139759,9.163081
1641,11.284214,11.674927
1642,11.205606,11.136509
1643,11.465789,10.854349
1644,11.986981,12.069757
1645,12.221087,11.135427
1646,9.927301,10.658537
1647,7.517047,8.246785
1648,8.680932,9.013152
1649,8.594558,9.084317
1650,10.517759,11.597296
1651,10.380642,10.604089
1652,11.116020,10.161845
1653,11.454645,11.603618
1654,11.317099,10.604834
1655,8.944802,9.654764
1656,9.506353,8.363874
1657,9.680321,9.046631
1658,10.029756,9.457445
1659,13.194718,11.814010
1660,11.996636,11.394855
1661,12.817020,11.032408
1662,13.299921,12.288949
1663,13.089451,11.166424
1664,11.030559,11.004630
1665,9.430223,8.333630
1666,9.562931,9.399662
1667,9.391843,9.271791
1668,12.176677,11.834212
1669,11.148907,11.192863
1670,12.019239,10.363030
1671,12.901654,11.727881
1672,12.291751,11.025303
1673,9.809248,9.834298
1674,9.535080,8.481028
1675,9.934792,9.338638
1676,9.955729,9.484373
1677,12.951635,11.842400
1678,12.140163,11.347154
1679,12.612195,10.903858
1680,13.547235,12.378146
1681,13.403732,11.267502
1682,11.037936,10.671904
1683,9.485609,8.210870
1684,9.720611,9.091436
1685,9.436914,9.276836
1686,12.301708,12.098598
1687,11.403620,11.248378
1688,12.003575,10.444442
1689,12.868090,12.014941
1690,12.354294,10.917199
1691,9.809832,10.040564
1692,9.121907,8.663020
1693,9.496404,9.159494
1694,10.268661,9.528048
1695,12.299606,11.967938
1696,11.753056,11.372633
1697,12.548760,11.320115
1698,13.427584,12.265875
1699,12.755651,11.463344
1700,10.870503,10.899682
1701,8.758147,8.421540
1702,9.357458,9.319996
1703,9.268232,9.383762
1704,12.353492,11.826427
1705,10.977795,11.213424
1706,11.940985,10.728835
1707,12.892275,12.066113
1708,12.188262,10.782726
1709,9.684240,10.077644
1710,9.158567,8.731788
1711,9.583447,8.998040
1712,9.847564,9.175700
1713,12.562756,11.952474
1714,11.712800,11.128030
1715,12.695165,10.880506
1716,13.279376,12.281839
1717,12.793667,11.356760
1718,10.808857,10.653941
1719,8.768057,8.087660
1720,9.433876,9.040826
1721,9.326749,9.347703
1722,11.880866,11.911633
1723,11.112662,10.823279
1724,11.978899,10.454950
1725,12.611785,11.832478
1726,12.069078,10.912638
1727,9.766964,9.703939
1728,8.610124,7.976458
1729,9.295674,8.842699
1730,9.814720,9.541438
1731,11.299191,11.343136
1732,11.523331,11.635282
1733,12.219679,11.377825
1734,11.864280,12.060899
1735,12.487066,11.078319
1736,10.735590,11.082214
1737,8.705736,7.992066
1738,9.079432,9.219110
1739,9.331985,9.573034
1740,11.054391,11.722145
1741,10.821109,11.328288
1742,11.948269,10.938703
1743,11.585688,11.745481
1744,11.773928,11.250084
1745,9.753412,10.422837
1746,8.567288,7.761668
1747,9.523046,8.508775
1748,9.808207,9.394532
1749,11.457073,11.128207
1750,11.274183,11.133713
1751,12.211115,11.121509
1752,11.718790,11.830888
1753,12.272617,11.187058
1754,10.718856,10.855234
1755,8.637547,7.678817
1756,9.098577,8.925011
1757,9.357158,9.252003
1758,11.377273,11.509670
1759,10.972450,10.874755
1760,11.942906,10.836435
1761,11.515712,11.750896
1762,11.971979,10.944990
1763,9.747246,10.306576
1764,8.530394,7.777190
1765,9.369802,8.606032
1766,9.699819,9.654678
1767,11.258210,11.021111
1768,11.473738,11.338892
1769,12.142294,11.158136
1770,12.030970,11.602227
1771,11.906034,11.017773
1772,10.573367,11.056780
1773,8.397587,7.822528
1774,9.298375,9.022067
1775,9.255138,9.554558
1776,11.202204,11.208151
1777,10.734161,11.213017
1778,11.770087,10.823118
1779,11.547585,11.519795
1780,11.511191,10.998044
1781,9.659629,10.277944
1782,8.693763,7.407304
1783,9.080360,8.727741
1784,9.863654,9.032419
1785,11.451913,11.229150
1786,11.545323,11.125308
1787,12.206137,10.926355
1788,11.876646,11.606172
1789,12.053234,11.245178
1790,10.671036,10.784225
1791,8.304043,7.364784
1792,9.212629,8.810925
1793,9.310181,9.231406
1794,11.417767,11.272697
1795,10.799251,10.974610
1796,11.841420,10.630806
1797,11.505294,11.713431
1798,11.654507,10.936142
1799,9.711315,9.969578
1800,8.030964,8.344815
1801,8.708712,9.033107
1802,9.102767,9.352444
1803,11.167295,11.641484
1804,10.788618,11.250878
1805,11.473961,10.965249
1806,11.962662,12.096293
1807,11.781239,11.429676
1808,9.794582,10.237591
1809,7.850008,8.141020
1810,8.698700,8.900629
1811,8.738386,9.264878
1812,10.491982,11.780152
1813,10.325197,10.939235
1814,11.011909,10.435858
1815,11.352998,11.813422
1816,11.178200,10.977489
1817,8.913782,9.837267
1818,7.791567,8.013231
1819,8.642179,8.771896
1820,9.092937,9.206325
1821,11.235748,11.818834
1822,10.997902,11.368432
1823,11.551708,10.688910
1824,11.998486,11.905257
1825,11.948647,10.950054
1826,9.900275,10.597436
1827,7.739467,7.923293
1828,8.524000,8.861975
1829,8.608961,9.257554
1830,10.772184,11.863668
1831,10.380619,11.178111
1832,11.119833,10.287325
1833,11.535849,11.852142
1834,11.275099,10.828983
1835,8.883711,9.664028
1836,9.369555,8.419874
1837,9.624200,9.256298
1838,10.000148,9.583742
1839,12.570256,11.825763
1840,12.171969,11.676637
1841,12.620672,11.000471
1842,13.459539,12.170108
1843,12.977334,10.990806
1844,11.053276,10.906198
1845,9.110559,8.299572
1846,9.610416,9.385107
1847,9.362795,9.359308
1848,12.385964,11.814326
1849,11.161383,10.921728
1850,12.038328,10.352318
1851,13.120150,12.622755
1852,12.140211,11.045482
1853,9.809086,10.070221
1854,9.550449,8.538015
1855,9.917571,8.936628
1856,10.003079,9.517833
1857,12.942571,12.013973
1858,12.203298,11.420192
1859,12.994317,10.902668
1860,13.677830,12.229792
1861,13.282758,11.254059
1862,11.043234,10.652308
1863,9.476988,8.847464
1864,9.595017,9.170359
1865,9.447638,9.297712
1866,12.680707,11.799604
1867,11.259755,10.895403
1868,11.945274,10.222108
1869,12.661531,12.242073
1870,12.107298,11.530183
1871,9.836331,9.752392
1872,9.030902,8.480136
1873,9.546880,9.249107
1874,9.791647,9.671971
1875,12.231033,11.733167
1876,11.847449,11.275100
1877,12.699364,11.195553
1878,12.913085,12.277990
1879,12.803457,11.532600
1880,10.745316,11.241252
1881,8.682119,8.428617
1882,9.462188,9.113337
1883,9.270433,9.517643
1884,11.866759,11.901255
1885,11.189037,11.305976
1886,11.873250,10.645380
1887,12.846398,11.870020
1888,12.085105,10.842794
1889,9.740385,9.967155
1890,9.270994,8.118653
1891,9.551383,8.811160
1892,9.864890,9.273470
1893,12.625689,11.791208
1894,11.830822,11.081999
1895,12.587761,11.512510
1896,12.998090,12.419553
1897,12.914196,11.251022
1898,10.797617,10.815710
1899,9.101511,8.201818
1900,9.563870,8.803369
1901,9.333425,9.255519
1902,11.848177,11.941964
1903,11.214344,11.023707
1904,11.902174,10.445298
1905,12.802405,12.238135
1906,12.032415,11.041558
1907,9.775647,9.630143
1908,8.541955,7.954451
1909,9.550715,9.101108
1910,9.817149,9.621691
1911,11.362752,11.591179
1912,11.505470,11.416541
1913,12.171976,11.331761
1914,11.713167,11.967882
1915,12.229148,11.333832
1916,10.730227,10.788655
1917,8.602798,7.845774
1918,9.112515,9.097068
1919,9.323014,9.459844
1920,11.026610,11.563622
1921,10.774990,11.080746
1922,11.844191,10.979150
1923,11.557024,11.825328
1924,11.641129,10.911276
1925,9.807774,10.607049
1926,8.332203,7.680375
1927,9.296611,8.481965
1928,9.896606,9.275232
1929,11.400387,11.345156
1930,11.438253,11.222042
1931,12.199258,11.032345
1932,11.824518,12.089111
1933,12.130490,11.093282
1934,10.740652,10.741826
1935,8.601019,7.459162
1936,9.207788,8.767292
1937,9.383895,9.411226
1938,11.151642,11.509081
1939,10.747793,10.922363
1940,11.897421,10.803093
1941,11.513233,11.872216
1942,12.022095,10.982579
1943,9.756762,10.172826
1944,8.390524,7.672523
1945,9.391128,8.949070
1946,9.787006,9.722648
1947,11.254091,11.049746
1948,11.496721,11.285077
1949,12.111493,11.316744
1950,12.001658,11.841619
1951,12.200180,11.109913
1952,10.596237,10.750429
1953,8.221344,7.574862
1954,9.154900,8.821284
1955,9.229532,9.655525
1956,11.126985,11.264750
1957,10.734658,11.254639
1958,11.741028,10.922038
1959,11.462328,11.365873
1960,11.632309,11.254828
1961,9.709174,10.459438
1962,8.466456,7.899931
1963,9.514593,8.623930
1964,9.833735,9.137911
1965,11.441474,10.904909
1966,11.531691,11.283072
1967,12.129745,11.131420
1968,12.027443,11.623526
1969,12.137147,11.118721
1970,10.636641,10.935505
1971,8.712350,8.003277
1972,9.488639,8.522021
1973,9.388600,9.261081
1974,11.089620,11.385297
1975,10.664845,10.793221
1976,11.840408,10.638787
1977,11.489109,11.671327
1978,11.879391,10.878110
1979,9.708608,9.996631
1980,8.009438,8.390569
1981,8.564638,9.033234
1982,9.115515,9.178222
1983,11.040381,11.658615
1984,10.999732,11.620512
1985,11.513813,10.926936
1986,11.921258,12.219257
1987,11.932245,11.475170
1988,9.829841,10.709200
1989,8.010239,8.420712
1990,8.577632,9.254662
1991,8.724787,9.577164
1992,10.648841,11.578129
1993,10.178590,11.100264
1994,10.974683,10.531145
1995,11.543615,11.896567
1996,11.295053,11.126880
1997,8.907894,9.907875
1998,7.922337,7.867031
1999,8.616091,8.639929
2000,9.076303,9.242647
2001,11.281844,11.705269
2002,11.170797,10.957710
2003,11.526978,10.824830
2004,12.015091,12.234751
2005,12.124452,11.268256
2006,9.952467,10.485504
2007,8.021163,8.109016
2008,8.601566,8.881657
2009,8.540043,9.403247
2010,10.606929,11.791842
2011,10.345211,11.091629
2012,11.119948,10.245274
2013,11.557581,11.817552
2014,11.335962,11.098104
2015,8.965273,9.676628
2016,9.090041,8.579620
2017,9.587332,9.276758
2018,9.998785,9.459072
2019,12.751621,12.252734
2020,12.048902,11.411572
2021,12.609071,10.913446
2022,13.334340,12.265650
2023,13.116165,11.171575
2024,10.966073,10.929586
2025,9.205042,8.409494
2026,9.368025,9.354612
2027,9.435055,9.392621
2028,12.519472,11.960814
2029,11.180622,11.069126
2030,11.965773,10.377314
2031,13.041654,12.065071
2032,12.386799,10.953548
2033,9.873664,10.140978
2034,9.400109,8.201201
2035,10.016893,9.163300
2036,10.048370,9.426824
2037,12.966151,12.209263
2038,12.069269,11.610185
2039,12.819947,11.081352
2040,13.394069,12.486412
2041,13.083768,11.325005
2042,11.042467,10.901268
2043,9.274653,8.404056
2044,9.415344,9.010020
2045,9.480262,9.278825
2046,12.336454,12.183906
2047,11.383556,11.473747
2048,12.063967,10.467097
2049,12.864724,12.197570
2050,12.395267,10.823812
2051,9.853502,9.811055
2052,8.584790,8.275386
2053,9.648187,9.107079
2054,9.759268,9.528919
2055,12.428225,11.647840
2056,11.829338,11.284435
2057,12.512584,11.262878
2058,13.497376,12.318752
2059,12.836550,11.564255
2060,10.771989,10.907540
2061,8.559002,8.290652
2062,9.262864,9.413021
2063,9.303905,9.650850
2064,11.728199,12.006613
2065,11.012673,11.385024
2066,11.964355,10.719510
2067,12.801079,11.913495
2068,12.103652,11.036558
2069,9.759397,10.401745
2070,8.954982,8.232589
2071,9.571513,9.018030
2072,9.859964,9.447300
2073,12.176546,11.950989
2074,11.826826,11.097239
2075,12.728264,10.910885
2076,13.442591,12.149727
2077,12.912512,11.921051
2078,10.818899,10.630676
2079,8.587194,8.148627
2080,9.481401,8.947092
2081,9.337730,9.306226
2082,11.892977,12.093597
2083,11.079726,11.116632
2084,12.015697,10.488147
2085,12.573845,12.219800
2086,12.086702,10.973975
2087,9.851362,9.991887
2088,8.743953,8.160162
2089,9.340492,9.120939
2090,9.833525,9.702381
2091,11.327526,11.313696
2092,11.616613,11.575598
2093,12.244833,11.485585
2094,12.099379,11.922379
2095,12.125286,11.475498
2096,10.835932,11.271850
2097,8.632391,8.250580
2098,9.167650,9.248198
2099,9.396128,9.522245
2100,10.968343,11.743471
2101,11.043102,11.431100
2102,11.956711,11.057436
2103,11.275271,11.717500
2104,11.809579,11.212624
2105,9.742390,10.590602
2106,8.337024,7.956045
2107,9.584253,8.789299
2108,9.796278,9.247334
2109,11.416374,11.350645
2110,11.659889,11.466512
2111,12.217015,11.272187
2112,11.870935,11.953934
2113,12.297268,11.287807
2114,10.799448,10.668618
2115,8.310615,7.654216
2116,9.276051,8.896651
2117,9.331381,9.500422
2118,11.001515,11.553639
2119,11.038992,10.874023
2120,11.811169,10.776494
2121,11.354346,11.712181
2122,11.875092,11.312396
2123,9.685650,10.155731
2124,8.574719,8.008531
2125,9.433986,9.105687
2126,9.786673,9.458637
2127,11.498747,11.138763
2128,11.493072,11.183092
2129,12.176009,11.685434
2130,11.780234,11.727284
2131,12.141701,11.329969
2132,10.636021,11.083779
2133,8.454811,7.895488
2134,9.041258,8.996215
2135,9.306871,9.484950
2136,11.279301,11.282629
2137,10.780812,11.306495
2138,11.982022,10.897511
2139,11.546534,11.675518
2140,11.700232,11.361469
2141,9.736250,10.418732
2142,8.466745,7.962670
2143,9.293951,8.520750
2144,9.801015,9.110488
2145,11.304420,11.264619
2146,11.508781,11.540345
2147,12.266689,11.064118
2148,11.804741,11.838362
2149,12.147451,11.137798
2150,10.699617,10.783157
2151,8.684927,7.362167
2152,9.169292,8.591688
2153,9.345421,9.243199
2154,11.026412,11.381449
2155,10.916708,11.113652
2156,11.852962,10.808772
2157,11.472586,11.538004
2158,11.700891,11.317209
2159,9.744842,10.299048
2160,6.338497,7.267492
2161,7.301965,8.113096
2162,8.068850,8.343446
2163,9.848876,10.309004
2164,10.240953,10.476259
2165,11.270913,10.514922
2166,10.939158,11.543003
2167,11.184640,10.671487
2168,9.701591,10.681429
2169,6.401759,7.395719
2170,7.286251,8.076177
2171,7.667984,8.224831
2172,9.593380,10.826574
2173,9.346910,9.989161
2174,10.733793,10.192101
2175,9.973391,11.342959
2176,10.607940,10.664633
2177,8.541167,9.117834
2178,6.478622,6.776201
2179,7.560480,7.464968
2180,7.935098,8.142380
2181,9.860906,10.805688
2182,10.299045,10.276169
2183,11.239767,10.352936
2184,10.800180,11.376620
2185,11.192673,10.553410
2186,9.716710,10.073476
2187,6.197935,7.101777
2188,7.446779,7.917627
2189,7.619298,7.941925
2190,9.423567,10.942077
2191,9.362795,10.544646
2192,10.704037,9.513016
2193,10.249737,11.230848
2194,10.545515,10.222420
2195,8.660527,9.281550
2196,7.232487,7.522850
2197,8.363835,8.494019
2198,9.105171,8.444139
2199,11.037155,11.024276
2200,11.597773,11.330047
2201,12.715434,10.930490
2202,12.444700,11.977337
2203,12.558437,11.542179
2204,11.092926,11.146488
2205,7.063515,7.539474
2206,8.162821,8.538387
2207,8.523740,8.471802
2208,10.580792,11.433354
2209,10.570618,10.849914
2210,12.186481,10.127418
2211,11.762094,11.447199
2212,11.651726,10.754673
2213,9.847382,10.012469
2214,7.154716,7.447903
2215,8.447153,8.340992
2216,9.181734,8.364515
2217,11.066797,11.131660
2218,11.190617,11.274301
2219,12.637792,10.716611
2220,12.246432,11.917446
2221,12.551769,11.033271
2222,11.266687,11.020274
2223,6.896066,7.181890
2224,8.195084,8.595939
2225,8.655621,8.511956
2226,10.607264,11.347963
2227,10.160380,11.272488
2228,12.262957,9.956292
2229,11.438299,11.665244
2230,11.823701,10.861107
2231,9.817353,9.470871
2232,7.032418,7.516994
2233,8.429018,8.716531
2234,9.004813,8.661093
2235,10.842505,10.974028
2236,11.227703,11.110439
2237,12.561686,11.617081
2238,12.182148,11.853530
2239,12.520977,11.780668
2240,11.018366,11.258631
2241,6.926335,7.250863
2242,8.109383,8.433311
2243,8.572012,8.465020
2244,10.443955,11.220052
2245,10.490991,11.095439
2246,12.185349,10.325824
2247,11.010619,11.388574
2248,11.607862,11.295944
2249,9.695196,10.197213
2250,7.055802,7.315125
2251,8.126985,8.283632
2252,8.953451,8.534776
2253,10.867132,11.150806
2254,11.074019,11.052908
2255,12.658315,10.682299
2256,11.961773,11.945312
2257,12.416769,11.169681
2258,11.001605,10.868834
2259,7.170851,7.488129
2260,8.134701,8.857232
2261,8.502060,8.229114
2262,10.370025,11.411719
2263,10.026361,10.575997
2264,12.091890,9.893182
2265,11.030190,11.299028
2266,11.615400,10.629872
2267,9.744757,9.676204
2268,7.140073,7.144257
2269,8.422371,8.458948
2270,9.051783,8.276928
2271,10.325361,10.739949
2272,11.259668,10.709127
2273,12.417975,10.445746
2274,11.344856,11.218693
2275,11.914068,10.886343
2276,10.956011,10.629749
2277,7.265788,7.257422
2278,8.037741,8.466156
2279,8.640386,8.269812
2280,10.297170,10.473227
2281,10.338373,10.615715
2282,12.105059,9.779732
2283,10.865547,10.953897
2284,11.384731,10.550586
2285,9.698307,9.776611
2286,7.300177,6.837920
2287,8.121135,7.940831
2288,9.052702,7.750801
2289,10.346354,10.317734
2290,11.034332,10.771682
2291,12.509655,10.051070
2292,11.283961,11.192906
2293,12.089473,10.663203
2294,10.998984,10.283063
2295,6.978064,6.590736
2296,8.083565,8.063306
2297,8.614765,7.968746
2298,10.177693,10.462202
2299,10.066658,10.383915
2300,12.080580,9.526696
2301,10.687652,11.018469
2302,11.391945,10.005772
2303,9.700154,9.322856
2304,7.171996,6.922935
2305,8.168138,8.078708
2306,8.936535,8.192556
2307,10.009008,10.276409
2308,10.690943,10.631131
2309,12.363185,10.348727
2310,11.128711,11.564502
2311,12.142201,10.626603
2312,10.904263,10.680749
2313,7.260375,6.808213
2314,8.165483,8.377653
2315,8.534485,8.287089
2316,10.142951,10.571804
2317,10.042080,10.436760
2318,11.885110,10.704456
2319,10.499066,10.845431
2320,11.322436,10.273306
2321,9.599747,9.688035
2322,6.799123,6.674256
2323,7.992699,7.985518
2324,8.954845,7.875960
2325,10.448518,10.280972
2326,10.914907,10.545497
2327,12.444016,10.092144
2328,11.378255,10.775456
2329,12.014338,10.583648
2330,10.740288,10.343393
2331,6.863215,6.710371
2332,8.204506,7.969758
2333,8.602036,7.982339
2334,10.054819,10.176408
2335,10.126844,10.345371
2336,11.917329,9.603907
2337,10.692591,11.045978
2338,11.145925,10.576430
2339,9.634484,9.329931
2340,7.878242,8.540286
2341,8.568130,9.257524
2342,9.144910,9.543797
2343,10.997847,11.787849
2344,10.752687,11.397982
2345,11.387572,11.274211
2346,11.829933,12.284293
2347,11.966153,11.558043
2348,9.864036,11.156459
2349,7.940272,8.406693
2350,8.640681,9.394764
2351,8.656515,9.613866
2352,10.576870,12.000248
2353,10.215893,11.474640
2354,10.986091,10.802034
2355,11.252990,11.569855
2356,11.145548,11.317519
2357,8.928367,9.902489
2358,7.647297,8.151589
2359,8.885077,9.102087
2360,9.034353,9.586279
2361,10.909738,11.887320
2362,11.067904,11.808587
2363,11.477723,11.235166
2364,11.880078,12.309536
2365,11.821484,11.469926
2366,9.982286,10.841067
2367,7.459673,8.327778
2368,8.603414,9.394352
2369,8.541757,9.577440
2370,10.504436,12.083493
2371,10.296827,11.307941
2372,11.043184,10.540875
2373,11.506667,12.138325
2374,11.356769,11.032743
2375,8.930599,9.679497
2376,9.360157,8.672381
2377,9.991354,9.656555
2378,9.993630,9.713149
2379,12.721201,11.702052
2380,12.100725,11.747110
2381,12.527636,11.531296
2382,13.478020,12.916293
2383,13.006264,11.655631
2384,10.990046,11.382156
2385,9.418220,8.497781
2386,9.608858,9.418983
2387,9.374928,9.741916
2388,12.102241,12.234263
2389,11.284641,11.596095
2390,11.946630,10.813208
2391,13.169484,12.314406
2392,12.214622,11.399715
2393,9.834546,10.702620
2394,9.357024,8.524924
2395,9.894388,9.460532
2396,10.019570,9.906086
2397,12.882006,12.180844
2398,12.226530,11.731797
2399,12.752516,11.411952
2400,13.584965,12.498133
2401,13.035249,11.533689
2402,10.971160,11.196143
2403,9.117709,8.575793
2404,9.851698,9.509479
2405,9.366973,9.832161
2406,12.290133,12.426032
2407,11.236177,11.626863
2408,11.867937,10.874149
2409,12.712687,12.521930
2410,12.236568,11.404818
2411,9.833089,10.239698
2412,8.928872,8.567008
2413,9.387313,9.434092
2414,9.851962,9.873487
2415,12.100817,11.770398
2416,11.830997,11.976616
2417,12.723730,11.652005
2418,13.018651,12.317666
2419,13.159468,12.148933
2420,10.787844,11.788828
2421,8.740899,8.575739
2422,9.404761,9.497277
2423,9.169399,9.913870
2424,12.245489,11.884723
2425,11.243958,11.518798
2426,11.785587,11.180286
2427,12.478218,11.943512
2428,12.134830,11.232005
2429,9.741860,10.101742
2430,8.891095,8.349372
2431,9.293180,9.341933
2432,9.812576,9.694996
2433,12.476156,12.102098
2434,11.941568,11.600577
2435,12.814194,11.866241
2436,13.384106,12.446134
2437,12.730841,11.513878
2438,10.873523,11.100632
2439,8.685654,8.422511
2440,9.398094,9.561636
2441,9.291069,9.872608
2442,12.092062,11.951740
2443,10.950855,11.382509
2444,11.960880,10.878894
2445,12.774533,11.956902
2446,12.009670,11.190233
2447,9.748911,9.917938
2448,8.630531,8.068988
2449,9.358184,9.336922
2450,9.740315,9.908155
2451,11.527296,11.441695
2452,11.679846,11.759899
2453,12.191916,11.696122
2454,11.823182,12.021409
2455,12.214800,11.659817
2456,10.846077,11.210567
2457,8.442976,8.040569
2458,9.440232,9.275380
2459,9.263441,10.043364
2460,10.893953,11.791780
2461,10.782667,11.466745
2462,11.873510,11.338295
2463,11.253404,11.845570
2464,11.622849,11.730249
2465,9.720412,10.764196
2466,8.786593,7.940207
2467,9.456706,9.075729
2468,9.856528,9.821971
2469,11.557085,11.503041
2470,11.450252,11.746488
2471,12.170223,11.461618
2472,11.620363,12.465441
2473,12.386613,11.844924
2474,10.793348,11.023682
2475,8.820984,8.227006
2476,9.357198,9.143474
2477,9.265584,9.878103
2478,11.638436,11.841850
2479,10.914158,11.570169
2480,11.867919,11.005688
2481,11.670023,12.210800
2482,11.646137,11.261570
2483,9.844490,10.318384
2484,8.481005,7.796219
2485,9.125114,9.139917
2486,9.798439,9.806560
2487,11.365309,11.160614
2488,11.247143,11.350606
2489,12.189697,11.550101
2490,11.982641,11.902141
2491,12.154566,11.626840
2492,10.715626,11.392247
2493,8.720732,7.877068
2494,9.238996,9.230365
2495,9.276832,9.831370
2496,10.997580,11.332206
2497,10.789259,11.227639
2498,11.773472,11.176817
2499,11.477151,11.575458
2500,11.730958,11.206369
2501,9.703558,10.717263
2502,8.748199,7.588969
2503,9.447343,8.926790
2504,9.760750,9.617495
2505,11.635668,11.331985
2506,11.427338,11.467866
2507,12.217220,11.456962
2508,11.876956,11.713118
2509,12.189863,11.488729
2510,10.647001,11.219815
2511,8.572412,7.784334
2512,9.100136,9.112858
2513,9.294809,9.794148
2514,11.281149,11.502605
2515,10.531231,11.203962
2516,11.835482,10.894013
2517,11.494613,11.692563
2518,11.931729,11.540794
2519,9.752702,10.749857
2520,7.908350,8.591253
2521,8.731717,9.496629
2522,9.168778,9.825214
2523,11.107665,11.892088
2524,10.735383,11.445667
2525,11.417069,11.298171
2526,12.207908,12.203962
2527,11.729792,11.370840
2528,9.851768,11.221826
2529,7.945765,8.424671
2530,8.738765,9.384369
2531,8.713841,9.239989
2532,10.588028,11.893460
2533,10.268541,11.279011
2534,11.000257,10.853493
2535,11.293251,12.121220
2536,11.232662,11.402299
2537,8.959876,10.551827
2538,8.072142,8.255595
2539,8.693452,9.089602
2540,9.111364,9.598044
2541,11.304320,11.942906
2542,11.160049,11.497342
2543,11.489324,11.269937
2544,11.521567,12.317863
2545,11.913099,11.335658
2546,9.990554,10.554086
2547,8.070565,8.181060
2548,8.381065,9.370171
2549,8.508174,9.656235
2550,10.726160,11.616649
2551,10.277805,11.258769
2552,10.958101,10.586089
2553,11.332565,12.045696
2554,11.497244,10.863243
2555,8.856374,9.929964
2556,9.071107,8.642817
2557,9.755021,9.571566
2558,9.966291,9.778728
2559,13.221973,11.914463
2560,12.037934,11.584491
2561,12.399893,11.577155
2562,13.117190,12.279137
2563,13.136531,11.351300
2564,10.981626,11.487038
2565,9.419488,8.924406
2566,9.581557,9.377277
2567,9.366737,9.836410
2568,12.433542,12.129142
2569,11.241736,11.256711
2570,11.929030,10.822983
2571,12.457103,12.168407
2572,12.303227,11.256848
2573,9.794046,10.198043
2574,9.104248,8.550143
2575,9.768288,9.626184
2576,10.019871,9.868608
2577,12.726006,12.371964
2578,12.242218,11.821351
2579,12.707339,11.365691
2580,13.594358,12.487020
2581,13.182136,11.326785
2582,10.983730,11.303773
2583,9.113781,8.521778
2584,9.714383,9.379852
2585,9.411495,9.656801
2586,12.514592,12.572241
2587,11.317877,11.771954
2588,11.831103,10.842026
2589,12.792020,12.711481
2590,12.112595,10.942476
2591,9.798084,10.161299
2592,8.973225,8.385117
2593,9.633571,9.647429
2594,9.790331,9.913358
2595,12.405958,12.024291
2596,11.792398,11.773163
2597,12.481526,11.624704
2598,12.845901,12.491577
2599,12.855391,12.077613
2600,10.791331,11.598284
2601,9.128557,8.613961
2602,9.335584,9.721972
2603,9.233797,9.994199
2604,11.706240,11.870601
2605,10.969628,11.273986
2606,11.851866,11.054169
2607,12.448509,12.272593
2608,12.118057,11.390004
2609,9.802641,10.157049
2610,9.029058,8.364090
2611,9.537763,9.518815
2612,9.815456,9.758539
2613,12.336208,12.170235
2614,11.884478,11.707628
2615,12.640598,11.377272
2616,13.058515,12.537555
2617,12.853824,11.384020
2618,10.820782,10.960272
2619,8.849583,8.373551
2620,9.527765,9.572953
2621,9.302608,9.781916
2622,12.149836,11.996868
2623,11.200539,11.629077
2624,11.897546,10.807679
2625,12.400990,12.167289
2626,12.002394,11.252695
2627,9.807815,10.226941
2628,8.526673,8.238111
2629,9.344221,9.287783
2630,9.789187,9.995074
2631,11.433733,11.432018
2632,11.556017,11.640574
2633,12.150799,11.634365
2634,11.994818,11.819909
2635,12.325497,11.481753
2636,10.714980,11.409239
2637,8.601276,8.237925
2638,9.083622,9.287111
2639,9.280823,9.934585
2640,11.177176,11.736292
2641,10.698286,11.529080
2642,11.844049,11.332058
2643,11.381606,11.755556
2644,11.762699,11.418600
2645,9.688681,10.391749
2646,8.585690,7.901866
2647,9.362334,8.990600
2648,9.852160,9.755541
2649,11.423435,11.751201
2650,11.457906,11.464722
2651,12.265936,11.409733
2652,12.020546,12.203609
2653,12.190709,11.271000
2654,10.715656,11.195476
2655,8.732473,7.715561
2656,9.295225,8.967135
2657,9.293798,9.713491
2658,11.343884,11.800337
2659,10.760227,11.520276
2660,11.909004,11.019323
2661,11.590731,11.812672
2662,11.795956,11.171510
2663,9.728971,10.312697
2664,8.528214,8.090034
2665,9.348780,9.111072
2666,9.696881,9.889095
2667,11.373983,11.310650
2668,11.359598,11.746024
2669,12.171278,11.562216
2670,11.958080,11.876122
2671,12.180372,11.564392
2672,10.662917,11.140395
2673,8.532332,7.874809
2674,9.268733,9.354302
2675,9.277345,9.829159
2676,11.019126,11.348561
2677,10.528531,11.298231
2678,11.752672,11.233556
2679,11.317984,11.703554
2680,11.780329,11.465927
2681,9.642547,10.784003
2682,8.577014,7.595664
2683,9.483545,9.099911
2684,9.765483,9.644300
2685,11.492391,11.265529
2686,11.460229,11.428795
2687,12.232600,11.265002
2688,11.908879,11.854837
2689,12.186033,11.669539
2690,10.683651,10.784472
2691,8.303563,7.657816
2692,9.274548,9.122577
2693,9.266311,9.900455
2694,11.067830,11.472615
2695,10.892496,11.277801
2696,11.711676,11.019621
2697,11.334945,11.672440
2698,11.717701,11.438740
2699,9.661205,10.514997
2700,7.918131,8.498356
2701,8.925434,9.532396
2702,9.107866,9.908855
2703,10.937968,11.795670
2704,10.884728,11.341922
2705,11.457458,11.339994
2706,11.805668,12.237616
2707,11.777925,11.163002
2708,9.842102,11.040920
2709,7.975102,8.413260
2710,8.673960,9.649870
2711,8.665777,9.827084
2712,10.367781,12.027866
2713,10.206008,11.188135
2714,11.000022,10.698266
2715,11.151877,11.834585
2716,11.199855,10.991952
2717,8.865046,10.092701
2718,7.843405,8.237685
2719,8.752540,9.290482
2720,9.080849,9.721439
2721,11.023459,11.769445
2722,11.090685,11.341232
2723,11.501719,11.386665
2724,12.028728,12.353917
2725,11.910325,11.560264
2726,9.947120,10.959341
2727,7.743973,8.394135
2728,8.496773,9.547562
2729,8.542968,9.772638
2730,10.556375,12.205957
2731,10.239863,11.027827
2732,10.851965,10.623539
2733,11.437227,12.014668
2734,11.178798,11.016828
2735,8.964143,10.053850
2736,9.221949,8.482798
2737,9.611145,9.318436
2738,9.984207,9.640424
2739,12.606302,11.974009
2740,12.218067,11.454812
2741,12.778157,11.868104
2742,13.234973,12.154645
2743,13.061945,11.619411
2744,11.034412,11.412264
2745,9.416506,8.471690
2746,9.774395,9.474776
2747,9.380654,9.493571
2748,12.392615,12.041578
2749,11.126839,11.082317
2750,11.990206,10.847634
2751,12.915286,12.053485
2752,12.323261,11.250626
2753,9.808908,10.307762
2754,9.121640,8.563853
2755,9.662987,9.369499
2756,9.956644,9.752468
2757,12.612179,12.521459
2758,11.862635,11.871567
2759,12.597890,11.494714
2760,13.171348,12.702932
2761,13.280214,11.416975
2762,11.036886,11.217818
2763,8.850224,8.509681
2764,9.545847,9.621529
2765,9.434062,10.133134
2766,11.986533,12.619871
2767,11.259522,11.397455
2768,11.918950,10.975811
2769,12.647846,12.642043
2770,12.035288,11.377254
2771,9.794250,10.228520
2772,8.605584,8.539497
2773,9.575001,9.659526
2774,9.837270,10.115167
2775,12.118307,11.936480
2776,11.695539,11.789151
2777,12.369256,11.727896
2778,13.014654,12.192444
2779,12.811889,11.573236
2780,10.884629,11.314485
2781,8.996786,8.664701
2782,9.317918,9.748376
2783,9.271811,10.150754
2784,12.220406,12.094411
2785,11.022061,11.512369
2786,11.951969,11.206964
2787,12.264042,12.179182
2788,12.012525,11.421745
2789,9.791222,10.215569
2790,8.966716,8.331263
2791,9.246098,9.422376
2792,9.850668,9.792000
2793,12.578606,12.198353
2794,11.937588,11.601934
2795,12.532321,11.359020
2796,12.706375,12.612366
2797,12.800720,12.109878
2798,10.766094,10.881728
2799,8.876612,8.627320
2800,9.426871,9.401129
2801,9.267620,9.704789
2802,11.874405,12.235808
2803,11.102936,11.593366
2804,11.861921,10.676517
2805,12.555455,12.239032
2806,12.190589,11.463968
2807,9.793421,10.285661
2808,8.725740,8.043309
2809,9.225338,9.397002
2810,9.813171,10.002708
2811,11.251284,11.461954
2812,11.347818,11.698965
2813,12.286128,11.709391
2814,11.825640,12.462688
2815,12.125486,11.513702
2816,10.703918,11.432462
2817,8.374704,8.205387
2818,9.322716,9.437394
2819,9.272476,9.704756
2820,11.334487,11.618214
2821,10.716223,11.420712
2822,11.762914,11.234074
2823,11.541242,11.538189
2824,11.797197,11.458468
2825,9.700450,10.960255
2826,8.427917,7.899308
2827,9.336897,8.977866
2828,9.839180,9.847184
2829,11.660311,11.908778
2830,11.431799,11.782801
2831,12.190319,11.497835
2832,11.719531,12.238195
2833,12.123585,11.649412
2834,10.632724,11.084005
2835,8.871251,7.671276
2836,9.399006,9.040952
2837,9.359607,9.828091
2838,10.811243,11.882228
2839,10.789660,11.408958
2840,11.944048,11.009329
2841,11.621105,11.817180
2842,11.684661,11.031019
2843,9.772895,10.461238
2844,8.638373,8.030888
2845,9.290443,9.276022
2846,9.761169,9.944558
2847,11.086809,11.264707
2848,11.415318,11.617494
2849,12.139156,11.537743
2850,11.605377,11.880604
2851,12.135111,11.430094
2852,10.596256,11.341864
2853,8.360551,8.008537
2854,9.142746,9.242944
2855,9.261890,9.772652
2856,10.864244,11.471383
2857,10.562940,11.196366
2858,11.749873,11.502306
2859,11.647519,11.412163
2860,11.779236,11.211247
2861,9.652186,10.448361
2862,8.497263,7.520754
2863,9.343186,8.849094
2864,9.801725,9.656590
2865,11.386294,11.414446
2866,11.441198,11.562209
2867,12.115260,11.380269
2868,11.682423,11.668196
2869,12.266855,11.505230
2870,10.679603,11.199162
2871,8.470574,7.754128
2872,9.146813,8.891820
2873,9.261047,9.787743
2874,11.431121,11.533905
2875,10.785400,11.312868
2876,11.920271,11.083710
2877,11.376995,11.546738
2878,11.627842,11.152610
2879,9.696627,10.361500
0,6.548884,8.215790
1,7.642613,8.825478
2,8.100480,9.112886
3,9.595444,11.423468
4,10.259557,11.659408
5,11.299852,11.220502
6,11.328315,12.158013
7,11.508778,11.767218
8,9.801307,10.807929
9,6.649521,8.188082
10,7.274198,8.710733
11,7.631399,8.950687
12,9.439336,11.755042
13,9.338513,10.821405
14,10.672793,10.255644
15,10.521166,11.867645
16,10.798777,10.263844
17,8.660966,9.643934
18,6.637428,7.516353
19,7.437243,8.171637
20,8.092285,8.421067
21,9.749872,10.510236
22,10.473785,11.429381
23,11.269661,10.739503
24,11.130439,11.580787
25,11.297537,10.958672
26,9.790415,10.643253
27,6.625197,7.755739
28,7.059750,8.230237
29,7.693800,8.569092
30,9.618723,10.985208
31,9.491176,10.030360
32,10.777071,9.857725
33,10.689093,11.067803
34,10.755680,10.053974
35,8.634730,9.389664
36,7.014446,8.199747
37,8.421896,9.376230
38,9.080783,8.965052
39,11.158369,11.337324
40,11.447895,11.949502
41,12.668978,11.460534
42,12.588353,12.426883
43,12.768017,11.911596
44,11.314333,10.995470
45,7.224778,7.979611
46,8.274187,8.744986
47,8.561307,9.265366
48,10.335980,11.618361
49,10.685638,11.086287
50,12.163777,10.498042
51,11.888550,11.898041
52,12.247290,10.907990
53,9.839072,10.163902
54,7.393827,7.895650
55,8.109274,8.792638
56,9.100076,8.955171
57,11.103928,11.116673
58,11.247478,11.559288
59,12.690639,11.325605
60,12.207135,11.531274
61,12.590771,11.804116
62,11.275767,11.549303
63,6.893900,7.795878
64,8.087925,8.632403
65,8.596801,8.963247
66,10.627584,11.241645
67,10.706057,10.771838
68,12.147187,10.555776
69,11.760056,11.707479
70,11.978800,10.908676
71,9.862255,9.886204
72,7.001044,8.057322
73,8.264133,8.753790
74,8.908717,9.114161
75,11.106312,11.301449
76,11.065703,11.399121
77,12.682910,11.626714
78,11.757112,12.109367
79,12.287697,11.888163
80,11.072758,11.041099
81,6.846085,8.006169
82,8.153981,8.579350
83,8.534811,9.437895
84,10.455290,11.547280
85,10.072798,11.593077
86,12.182386,11.438136
87,11.739291,12.019503
88,11.491102,10.615426
89,9.750259,9.931674
90,7.138999,7.711761
91,8.246609,8.475247
92,9.024246,8.995002
93,10.772993,11.280532
94,11.193208,11.467270
95,12.567859,11.237194
96,12.156335,11.724509
97,12.577447,11.474239
98,11.078874,11.456943
99,6.874943,8.160563
100,7.891176,8.671062
101,8.660874,8.990907
102,10.621510,11.265113
103,10.311663,10.890951
104,12.196898,10.327915
105,11.364392,11.849064
106,11.753377,10.661895
107,9.747460,10.125873
108,7.006950,8.208611
109,8.329243,8.816556
110,9.057058,9.627447
111,10.538099,11.523667
112,11.044018,11.613732
113,12.575619,11.965991
114,11.358120,11.930717
115,11.979896,11.725338
116,10.980420,11.418849
117,7.125152,7.994361
118,8.248548,8.944544
119,8.575079,9.706517
120,10.194901,11.523415
121,10.238242,11.564654
122,11.953594,11.482718
123,10.954619,11.676542
124,11.495880,10.641077
125,9.740376,10.146786
126,7.444455,7.842465
127,8.515429,8.535490
128,9.073457,9.588386
129,10.502365,11.109908
130,11.331626,11.240100
131,12.584059,11.509092
132,11.472045,11.698553
133,12.205663,11.724407
134,11.028890,11.302176
135,7.234855,7.659142
136,8.105181,8.450070
137,8.688663,9.139846
138,10.264769,11.361598
139,10.122548,11.148028
140,12.181885,10.682530
141,10.943509,11.670863
142,11.904325,11.020575
143,9.752028,10.137704
144,6.962493,7.852926
145,8.197591,8.700950
146,8.970505,9.630553
147,10.502197,11.388005
148,11.019188,11.983580
149,12.386556,11.917017
150,11.386113,12.069888
151,12.312416,11.920944
152,10.825782,11.437322
153,7.356561,7.898589
154,7.857472,9.091689
155,8.570696,9.732999
156,10.186155,11.526155
157,10.174493,11.868811
158,11.942318,11.540046
159,10.930167,11.591412
160,11.792961,11.374369
161,9.697885,10.484517
162,7.018335,7.977116
163,8.385637,8.738649
164,9.055296,9.477416
165,10.471325,11.082781
166,11.072759,11.619040
167,12.592629,11.542451
168,11.370822,12.114202
169,12.067286,11.410727
170,10.818329,11.353469
171,7.146695,7.702744
172,8.124960,8.469039
173,8.625776,9.421397
174,10.051507,11.233527
175,10.171932,10.935385
176,12.022122,11.142668
177,10.874642,11.228236
178,11.431265,10.077103
179,9.647223,10.325290
180,8.110620,8.850110
181,8.658734,9.300180
182,9.170711,9.833818
183,11.185555,11.946114
184,10.806206,11.915701
185,11.435768,11.721356
186,12.138362,12.611976
187,11.957806,11.603150
188,9.926633,11.384538
189,7.792051,9.106396
190,8.572338,9.013167
191,8.760229,10.063511
192,10.682684,11.953678
193,10.034138,11.352479
194,11.038511,11.523614
195,11.404192,11.961523
196,11.317799,11.738174
197,8.994864,10.536294
198,7.814119,8.478835
199,8.604819,9.066014
200,9.138153,9.674150
201,10.984947,11.710289
202,11.254128,11.424688
203,11.686789,11.558238
204,12.055316,12.096512
205,12.156510,11.467225
206,9.912196,11.402649
207,7.997458,8.576402
208,8.481897,8.892424
209,8.572048,9.815187
210,10.710794,11.756128
211,10.367814,11.013419
212,11.087451,11.623975
213,11.313566,11.949448
214,11.318816,11.392282
215,8.874644,9.910988
216,9.354453,9.096613
217,9.922846,9.217014
218,10.004582,9.925357
219,12.787715,11.922209
220,12.055155,11.990051
221,12.734110,11.823568
222,13.712121,12.719154
223,12.960906,11.348953
224,11.034971,11.395498
225,9.325264,8.803879
226,9.823966,9.501600
227,9.428654,10.080482
228,12.410146,12.001119
229,11.221918,11.570890
230,12.112471,11.441718
231,12.928691,12.651866
232,12.352411,12.104004
233,9.852610,10.859523
234,9.409646,8.677000
235,9.723991,9.148320
236,10.053873,10.143092
237,12.719637,11.755232
238,11.972578,11.636822
239,12.708697,11.684187
240,13.536496,13.278191
241,13.358487,11.245196
242,11.060542,11.310621
243,8.772810,8.389540
244,9.563102,9.064148
245,9.445535,9.783772
246,12.497025,12.341958
247,11.437784,11.421521
248,12.106420,11.020941
249,12.915890,12.356100
250,12.236517,11.260648
251,9.832008,10.890391
252,8.665318,8.757686
253,9.559754,9.367316
254,9.860737,9.833110
255,12.556700,12.321484
256,11.994629,11.827754
257,12.403000,12.070461
258,13.077191,12.767008
259,12.922345,11.469563
260,10.879003,11.951202
261,9.092963,8.761520
262,9.604512,9.539199
263,9.234612,10.059565
264,12.042612,11.884430
265,11.195396,11.901988
266,11.956440,11.196469
267,12.606424,12.502395
268,12.132807,11.410244
269,9.801883,11.014621
270,8.567828,8.310080
271,9.591242,8.976947
272,9.822720,9.802486
273,12.601116,12.257493
274,11.953535,12.137217
275,12.531660,11.898701
276,13.197035,12.211835
277,12.881403,11.621373
278,10.847052,11.482071
279,8.645522,8.448625
280,9.674115,8.905942
281,9.332320,10.039500
282,12.227468,11.918040
283,11.242453,11.254981
284,11.953808,11.162573
285,12.643834,12.266627
286,12.108089,11.958577
287,9.842684,10.670083
288,8.813301,8.948809
289,9.434677,9.430425
290,10.169701,10.040346
291,11.455560,11.886076
292,11.472587,11.933357
293,12.292157,11.831422
294,11.715698,12.447562
295,12.291677,12.226018
296,10.780085,11.812973
297,8.570959,8.777120
298,9.401371,9.304159
299,9.319165,10.076542
300,10.916542,12.159660
301,11.072323,11.293585
302,11.937553,11.292214
303,11.508696,12.145333
304,11.740183,11.739265
305,9.785257,10.762599
306,8.719980,8.533024
307,9.408566,9.162258
308,9.811819,9.846863
309,11.328142,11.689240
310,11.680061,11.566631
311,12.448242,11.602612
312,12.152333,12.041061
313,12.460064,11.502839
314,10.866539,11.697879
315,8.763801,8.264278
316,9.449257,9.027376
317,9.394650,9.994429
318,11.259069,12.106196
319,10.909129,11.205522
320,11.997724,11.339767
321,11.403542,12.263236
322,11.803440,10.622538
323,9.723243,10.399425
324,8.676794,8.770267
325,9.632952,9.262579
326,10.023536,10.088029
327,11.306977,11.659217
328,11.292568,11.749055
329,12.254576,11.813839
330,11.811732,12.298291
331,12.436262,11.331719
332,10.684687,11.791592
333,8.325366,8.521883
334,9.257062,9.491529
335,9.369461,9.876414
336,11.276466,11.890040
337,10.681635,11.501107
338,12.009655,11.760635
339,11.715626,12.182638
340,12.020927,11.163137
341,9.830571,10.448408
342,8.633712,8.611280
343,9.370991,8.985080
344,9.899996,9.823326
345,11.460933,11.702788
346,11.536320,11.708634
347,12.326446,11.598254
348,11.982146,12.581243
349,12.199314,11.158231
350,10.794250,11.608874
351,8.282047,8.556435
352,9.066921,9.066484
353,9.303609,9.897909
354,11.159410,11.963983
355,10.864199,11.316444
356,12.008863,11.589965
357,11.638872,12.450981
358,11.827785,10.827728
359,9.802807,10.753204
360,8.053144,8.841528
361,8.827997,9.274591
362,9.164596,9.884229
363,11.178102,11.833310
364,11.022750,11.442038
365,11.576949,11.586452
366,11.844488,12.504272
367,12.036152,11.833197
368,9.903243,11.779243
369,7.848021,8.567460
370,8.528527,9.394699
371,8.680371,9.809078
372,10.293178,12.197316
373,10.409680,11.259097
374,11.050463,10.996513
375,11.714725,12.168015
376,11.269947,11.435591
377,8.932243,10.478937
378,7.973531,8.832062
379,8.683819,8.716093
380,9.117709,9.517821
381,11.141992,11.611676
382,11.054782,11.671260
383,11.549249,11.824113
384,12.050305,12.098078
385,12.048681,11.251715
386,10.030605,11.343825
387,7.895318,8.713797
388,8.751514,8.839321
389,8.612194,9.943464
390,10.713967,11.711720
391,10.196447,10.971737
392,11.085339,10.974902
393,11.333689,11.728086
394,11.347870,10.800427
395,8.950270,10.290248
396,9.082030,8.962873
397,10.071869,9.272069
398,9.930230,10.040183
399,13.442032,11.857615
400,12.191316,12.019144
401,12.766781,11.885337
402,13.656122,12.440362
403,13.130603,11.774204
404,11.022853,11.910611
405,8.957234,8.646037
406,9.622988,9.422466
407,9.353086,10.082108
408,12.290221,12.224183
409,11.122738,11.456100
410,12.165837,11.811171
411,12.966599,12.338166
412,12.243454,11.184601
413,9.876424,10.807755
414,9.550046,8.755248
415,9.677638,9.159616
416,10.058529,10.033603
417,13.004578,12.450386
418,12.294268,11.686920
419,12.773458,11.489385
420,13.453753,12.295122
421,13.312488,11.390654
422,11.032938,11.839111
423,9.295485,8.556357
424,9.634791,9.021142
425,9.452973,9.865023
426,12.375583,11.978592
427,11.434074,11.459769
428,12.190870,11.088317
429,12.954583,12.659034
430,12.170792,10.919146
431,9.841954,10.763681
432,8.630716,8.860762
433,9.707204,9.389477
434,9.809906,10.256063
435,12.183990,11.889033
436,12.043583,11.894368
437,12.536406,12.082008
438,13.349131,12.468445
439,13.036008,11.976970
440,10.835249,11.703110
441,9.112337,8.887663
442,9.372470,9.424107
443,9.299245,9.941381
444,11.810361,11.808026
445,11.132518,11.412557
446,12.013217,11.517049
447,12.825266,12.121453
448,12.048025,11.110664
449,9.734394,11.033880
450,8.781528,8.399601
451,9.406039,9.279203
452,9.814715,10.021873
453,12.633286,11.988460
454,11.862354,11.563437
455,12.603848,11.807173
456,12.973951,12.333387
457,13.004274,11.714788
458,10.873637,11.347501
459,8.882846,8.439661
460,9.214341,9.060864
461,9.342177,10.098465
462,11.820507,11.911386
463,11.278944,11.190785
464,11.955299,10.928247
465,12.537056,12.165125
466,11.960629,10.890490
467,9.805880,10.532778
468,8.684576,8.793491
469,9.456800,9.280833
470,9.820204,10.188935
471,11.462584,11.970469
472,11.634551,11.874946
473,12.273186,11.781782
474,11.981209,12.442498
475,12.421985,11.917077
476,10.703251,11.421262
477,8.428543,8.761293
478,9.270199,9.582705
479,9.372181,10.139358
480,11.062480,11.980137
481,10.691778,11.224041
482,11.989213,10.857860
483,11.485128,12.326490
484,11.736464,10.845484
485,9.749879,10.727899
486,8.959576,8.627068
487,9.469427,8.869354
488,10.013330,10.120554
489,11.622515,11.973509
490,11.510292,11.736820
491,12.363805,11.546438
492,11.986240,12.495010
493,12.354764,11.368482
494,10.824355,11.291497
495,8.720101,8.680299
496,9.326790,9.074784
497,9.380804,10.105913
498,11.092253,11.792794
499,10.767621,10.990580
500,12.065327,11.093692
501,11.414383,12.191424
502,11.823696,11.788819
503,9.744283,10.392974
504,8.394026,8.905155
505,9.528717,9.440467
506,9.814001,10.074456
507,11.682235,12.259759
508,11.512262,11.755479
509,12.171013,11.782354
510,11.647346,12.298855
511,12.115965,11.321550
512,10.626384,11.582022
513,8.754123,8.886889
514,9.400615,9.538306
515,9.343575,10.147087
516,10.996904,12.008090
517,11.040573,11.453020
518,11.908756,11.780477
519,11.260978,12.801306
520,11.921555,12.106959
521,9.728873,10.983619
522,8.552970,8.614466
523,9.638898,9.054064
524,9.891503,9.743086
525,11.466813,11.951627
526,11.484218,11.845057
527,12.199713,11.580110
528,11.722294,12.585321
529,12.204445,11.365023
530,10.717295,11.709332
531,8.572931,8.756046
532,9.286077,9.109408
533,9.303674,9.951065
534,11.116611,11.815125
535,10.793881,11.377566
536,11.957668,11.164526
537,11.544563,11.937218
538,11.655674,11.507271
539,9.734655,11.366329
540,8.034879,8.667248
541,8.918580,9.144909
542,9.215468,9.862492
543,11.248212,11.637527
544,11.033295,11.975571
545,11.463654,11.559516
546,12.158488,12.252623
547,11.914996,11.731736
548,9.856694,11.151785
549,7.956213,8.772988
550,8.591050,9.514286
551,8.712081,10.170577
552,10.550556,12.104479
553,10.351205,11.116725
554,11.089679,11.716884
555,11.196555,12.240540
556,11.137567,11.305304
557,8.915861,10.463863
558,7.934835,8.290119
559,8.828480,8.871522
560,9.130676,9.576407
561,11.340035,11.797301
562,11.107351,11.928144
563,11.672473,11.544257
564,12.221127,11.988873
565,12.082220,11.399614
566,9.950896,11.173542
567,8.014700,7.939088
568,8.620358,8.964887
569,8.491414,9.822391
570,10.493470,11.893791
571,10.211125,11.377178
572,11.112963,11.192927
573,11.484280,11.923386
574,11.482277,11.554413
575,8.950048,10.021959
576,9.184370,9.176906
577,9.588312,9.338233
578,10.073833,10.028646
579,12.557107,11.995084
580,12.164959,11.900786
581,12.769641,11.933352
582,13.587786,12.710217
583,13.327899,11.483854
584,11.038674,11.217709
585,8.876496,8.672069
586,9.719471,9.336534
587,9.453124,10.120467
588,12.274727,12.054423
589,11.218344,11.470974
590,12.155370,11.489986
591,12.938919,12.305350
592,12.430948,12.126230
593,9.877315,10.343687
594,9.171918,8.663740
595,9.874640,8.975199
596,10.003761,9.869875
597,12.872633,11.693910
598,12.182869,12.098182
599,12.751774,11.729505
600,13.670453,12.514525
601,13.095726,11.715976
602,11.062169,11.257036
603,9.163177,8.794234
604,9.496252,9.167832
605,9.396307,10.082531
606,12.493540,12.152330
607,11.432382,11.483182
608,12.048989,11.758255
609,12.981148,12.416169
610,12.560929,10.918861
611,9.871565,10.834518
612,8.840228,8.826051
613,9.686765,9.330115
614,9.765123,10.025377
615,12.379217,11.747800
616,11.993019,11.812371
617,12.703720,12.005122
618,12.983155,12.596142
619,13.148867,11.563511
620,10.867429,11.982781
621,8.835056,8.509856
622,9.272749,9.439777
623,9.274297,10.175627
624,11.670569,11.977233
625,11.045298,11.347155
626,11.977319,12.141398
627,12.641221,12.257435
628,12.143401,11.182658
629,9.835961,11.558768
630,8.811792,8.747471
631,9.849517,9.410054
632,9.856289,10.024359
633,12.522583,11.906157
634,11.776875,11.965527
635,12.752814,11.693761
636,13.080080,12.727548
637,12.811283,11.678021
638,10.927408,11.711811
639,8.845558,8.678514
640,9.416703,9.514015
641,9.314888,9.815149
642,11.946348,12.086462
643,11.290577,11.214927
644,12.032427,11.380163
645,12.972502,12.370830
646,12.064178,11.963589
647,9.849517,10.471998
648,8.702250,8.782341
649,9.582230,9.578717
650,9.848047,10.146292
651,11.376287,11.947227
652,11.611677,11.912516
653,12.345481,11.836346
654,11.986131,12.615894
655,12.235062,11.587212
656,10.861908,11.873034
657,8.724984,8.788115
658,9.490800,9.333410
659,9.327681,10.417536
660,11.160347,11.804208
661,10.950870,11.598992
662,12.088621,11.126589
663,11.679000,12.356138
664,11.789117,11.362237
665,9.809019,11.578260
666,8.733512,8.615598
667,9.479078,9.032788
668,9.987061,9.667267
669,11.346635,11.744033
670,11.620533,11.659808
671,12.277246,11.603118
672,12.106733,12.701583
673,12.232805,11.437120
674,10.826577,11.505424
675,8.913270,8.260029
676,9.117292,9.008931
677,9.344603,9.906436
678,11.220015,11.755874
679,10.940495,11.301101
680,12.000089,11.460049
681,11.325541,12.187531
682,12.106955,11.307630
683,9.807193,10.434508
684,8.455984,8.776139
685,9.301771,9.311473
686,10.063796,10.043264
687,11.390728,12.198256
688,11.423369,11.967795
689,12.232051,11.844615
690,11.770850,12.254005
691,12.307936,12.178979
692,10.658246,11.550038
693,8.432071,8.436849
694,9.407420,9.427749
695,9.262894,10.188390
696,11.149993,11.687217
697,10.714037,11.471988
698,11.926154,11.795303
699,11.507998,11.995716
700,11.816046,11.393423
701,9.801291,11.269647
702,8.505497,8.386459
703,9.395551,9.102409
704,9.882765,9.807581
705,11.218403,11.624593
706,11.532354,11.596657
707,12.271360,11.642442
708,11.798634,12.305280
709,12.098013,11.286597
710,10.658654,11.287629
711,8.440370,8.500080
712,9.304255,9.046953
713,9.349584,9.966050
714,10.983278,11.622066
715,10.814659,11.494634
716,11.924609,11.652107
717,11.467466,12.040687
718,11.791029,11.772913
719,9.739984,10.344691
720,6.267504,8.075263
721,7.303736,8.752076
722,8.083975,9.253836
723,9.531668,11.709163
724,10.126576,10.774041
725,11.258417,11.022614
726,10.799771,12.280009
727,11.508226,11.437653
728,9.776349,11.303384
729,6.541996,7.997406
730,7.092253,8.836515
731,7.580440,8.435357
732,9.365614,11.251325
733,9.632894,10.280330
734,10.569593,10.059032
735,10.313563,11.700138
736,10.672037,9.990806
737,8.640080,9.604239
738,6.406305,7.788696
739,7.334944,8.158657
740,8.072247,8.466782
741,9.677872,11.189744
742,10.192971,10.564624
743,11.337347,10.510414
744,11.119622,11.432157
745,11.340273,10.688513
746,9.897694,10.635827
747,6.375340,7.344483
748,7.530702,8.479377
749,7.573466,8.575385
750,9.531919,11.283338
751,9.450859,9.994771
752,10.629979,9.525764
753,10.687551,11.192123
754,10.477868,9.876801
755,8.642063,8.956203
756,7.389827,7.961194
757,8.408841,8.836841
758,9.083947,9.090852
759,11.039511,11.490980
760,11.566498,11.920957
761,12.735972,11.365898
762,12.294087,12.530635
763,12.519325,11.531106
764,11.266437,11.313332
765,7.204834,7.961185
766,8.077560,9.077690
767,8.643581,8.989686
768,10.561419,11.695201
769,10.270992,11.142030
770,12.125187,10.179424
771,11.745635,12.072413
772,11.814898,11.078260
773,9.797963,9.729638
774,7.051836,7.935603
775,8.406984,8.601525
776,8.932634,8.820754
777,11.205144,11.294891
778,11.575178,11.341188
779,12.804489,10.970713
780,12.374021,12.141006
781,12.483912,11.506123
782,11.100931,11.515909
783,7.467188,7.724934
784,8.375101,8.706120
785,8.689214,8.831874
786,10.726568,11.674526
787,10.513577,10.736938
788,12.205286,10.568998
789,11.500751,11.894121
790,12.232403,10.665293
791,9.829781,9.898420
792,6.880388,8.076080
793,8.096302,9.093880
794,8.992563,8.917089
795,10.814161,11.646773
796,11.004408,11.714802
797,12.605442,11.315695
798,11.786138,12.443888
799,12.564212,11.899450
800,11.058112,11.665448
801,7.097160,7.897828
802,8.044896,9.129519
803,8.568811,9.100644
804,10.193710,11.899376
805,10.454465,11.086514
806,12.138423,10.405903
807,11.431909,11.827668
808,11.949005,10.354371
809,9.757723,9.757589
810,7.230453,7.908780
811,8.140612,8.818336
812,9.085648,8.875165
813,11.268853,11.359994
814,11.307419,11.514580
815,12.731506,11.029925
816,12.367974,12.544157
817,12.639221,11.459569
818,11.081538,11.104577
819,7.033988,7.733952
820,8.214933,8.642467
821,8.437593,8.652414
822,10.376328,11.620414
823,10.317478,10.729522
824,12.139229,9.834532
825,11.530405,11.770617
826,11.954583,10.415604
827,9.754291,9.412420
828,6.848372,8.128396
829,8.224257,9.215354
830,9.032521,9.443839
831,10.452829,11.514722
832,11.027178,11.605618
833,12.588095,11.616047
834,11.408876,12.176373
835,12.267934,11.542733
836,10.965672,11.616321
837,7.279489,7.860839
838,8.104712,9.120345
839,8.595256,9.539177
840,10.195148,11.476614
841,10.170300,11.302583
842,12.028140,10.899829
843,11.039257,11.818544
844,11.778708,10.757442
845,9.744733,10.037250
846,7.117838,7.673212
847,8.182959,8.736917
848,9.127380,8.989036
849,10.489625,11.287056
850,11.138526,11.383625
851,12.492321,11.269032
852,11.310820,12.122956
853,12.262684,11.848070
854,10.966257,11.539783
855,7.269875,7.675961
856,8.176178,9.120067
857,8.619774,9.073259
858,10.149982,11.587453
859,10.397013,10.576279
860,12.168003,10.423135
861,10.883918,12.074966
862,11.322517,10.125751
863,9.672955,9.607880
864,6.913519,8.127859
865,8.158803,9.349783
866,8.979815,9.488181
867,10.408932,11.479257
868,10.986270,11.836750
869,12.330112,11.609889
870,11.289629,12.580778
871,12.020487,11.368149
872,10.868822,11.775387
873,7.036528,7.976748
874,8.080202,8.962749
875,8.506664,9.492672
876,9.948164,11.504451
877,10.186915,10.979369
878,12.043323,11.012993
879,10.635077,11.783473
880,11.580296,10.688025
881,9.759993,10.204933
882,7.383121,7.629982
883,8.201304,8.825321
884,9.001789,9.057610
885,10.215670,11.399506
886,10.963839,11.481300
887,12.403470,11.277563
888,11.063329,12.193918
889,11.874785,11.386737
890,10.774406,11.279673
891,7.166852,7.728923
892,8.143486,8.742883
893,8.501912,9.258816
894,10.086803,11.599638
895,10.246922,11.146842
896,11.985935,10.534246
897,10.835285,11.792994
898,11.367383,10.384741
899,9.676227,9.802605
900,8.087892,8.501900
901,8.843619,9.496619
902,9.072576,10.023307
903,11.048278,11.809677
904,10.946765,12.043048
905,11.411494,11.810355
906,11.916292,12.449071
907,11.747398,11.378490
908,9.853831,11.718100
909,8.118471,8.366226
910,8.597268,9.342000
911,8.725742,10.033622
912,10.645071,11.865196
913,10.348490,11.712513
914,10.984375,11.622619
915,11.277509,11.998779
916,11.230660,11.579097
917,8.889861,10.480089
918,7.683962,8.106447
919,8.663795,8.840812
920,9.153320,9.847454
921,10.996048,11.579110
922,10.903080,11.917739
923,11.559500,11.906897
924,11.967848,12.295085
925,11.986317,11.198346
926,10.001482,11.623743
927,7.605725,8.435669
928,8.673068,9.113785
929,8.455656,10.040545
930,10.578709,11.894006
931,10.320858,10.993403
932,11.027878,10.774431
933,11.531228,11.824358
934,11.283447,10.726838
935,8.875587,9.852634
936,9.262650,8.588111
937,9.953389,9.547405
938,10.014915,10.245827
939,13.204526,11.861971
940,12.207140,11.880903
941,12.614951,12.096682
942,13.171042,12.699182
943,13.175248,12.241252
944,11.039839,12.293994
945,8.927742,8.505325
946,9.628897,9.345783
947,9.458315,10.344444
948,12.545631,12.143045
949,11.368003,11.954299
950,12.032701,10.945224
951,13.092227,12.407445
952,12.200209,11.669540
953,9.854697,11.544612
954,9.141167,8.247761
955,9.757381,9.603597
956,10.057758,10.108277
957,12.609461,11.848669
958,12.364102,11.829036
959,12.865542,11.878833
960,13.590426,12.877356
961,13.193018,11.850840
962,11.029726,12.154757
963,9.139870,8.199615
964,9.828034,9.334667
965,9.492451,10.339208
966,12.444654,12.233533
967,10.912712,11.338089
968,12.113195,11.636078
969,13.013021,12.140546
970,12.246737,11.418948
971,9.890532,11.053785
972,8.833419,8.439699
973,9.599108,9.512523
974,9.833310,10.190879
975,12.313167,12.048468
976,11.861430,12.135631
977,12.574636,12.062863
978,13.119525,12.662394
979,13.055273,11.815751
980,10.854000,12.382214
981,8.794638,8.439472
982,9.371022,9.491005
983,9.269850,10.410012
984,11.965541,12.095634
985,10.891352,12.070561
986,11.976596,11.812926
987,12.413116,12.096149
988,11.963890,11.648691
989,9.775972,10.891814
990,8.750010,8.193035
991,9.281809,9.356359
992,9.900679,10.040771
993,12.125443,11.859669
994,12.108778,12.030125
995,12.754965,11.827789
996,12.901765,12.434787
997,13.155590,11.946236
998,10.913792,11.899717
999,9.017241,8.314692
1000,9.341493,9.348271
1001,9.330842,10.227850
1002,12.061280,11.962121
1003,11.053160,11.980268
1004,11.951795,11.622000
1005,12.535591,12.367332
1006,12.257444,11.806929
1007,9.838930,10.405149
1008,8.509468,8.492608
1009,9.609591,9.696459
1010,9.876136,10.263508
1011,11.382053,11.797509
1012,11.560769,12.096213
1013,12.182386,12.036577
1014,12.146726,12.202615
1015,12.287082,11.391548
1016,10.774032,12.240891
1017,8.520291,8.427603
1018,9.247121,9.552765
1019,9.356167,10.335606
1020,11.284197,11.978389
1021,10.654068,11.315364
1022,11.886656,11.565772
1023,11.573649,12.097218
1024,11.997123,11.853748
1025,9.724306,10.745355
1026,8.549389,8.158828
1027,9.547748,9.317819
1028,9.844081,10.273653
1029,11.353540,11.674906
1030,11.708187,11.762609
1031,12.296478,11.697800
1032,12.018026,12.268840
1033,12.223618,11.419647
1034,10.703401,11.660622
1035,8.932400,8.223093
1036,9.272459,9.074488
1037,9.445845,10.049059
1038,11.187941,11.758564
1039,10.830599,11.469544
1040,11.933395,10.878385
1041,11.365835,11.942307
1042,11.748493,10.901598
1043,9.702516,10.984551
1044,8.512520,8.148746
1045,9.389868,9.608930
1046,10.227968,10.302607
1047,11.416974,11.785153
1048,11.410884,12.185095
1049,12.246897,11.756351
1050,11.668978,12.197012
1051,12.307149,11.895364
1052,10.630237,12.146963
1053,8.725111,8.409843
1054,9.424109,9.401052
1055,9.276726,10.526395
1056,10.975878,11.847050
1057,10.833872,11.219885
1058,11.955434,11.358871
1059,11.600960,12.042375
1060,11.618567,10.675550
1061,9.806766,10.680529
1062,8.493660,8.152585
1063,9.372340,9.089903
1064,9.884383,10.299334
1065,11.360408,11.595128
1066,11.727410,11.565342
1067,12.310326,11.604001
1068,11.902723,12.310055
1069,12.230522,11.350303
1070,10.724718,12.020920
1071,8.543468,8.357098
1072,9.214391,9.140957
1073,9.284681,10.074760
1074,11.003805,11.839142
1075,10.676899,11.448289
1076,11.985265,11.023007
1077,11.373472,11.908494
1078,11.900092,10.894361
1079,9.743902,10.799365
1080,7.838201,8.613262
1081,8.616611,9.162169
1082,9.234672,10.074122
1083,11.152946,11.693384
1084,10.964952,11.801873
1085,11.570614,11.643025
1086,11.831664,12.094545
1087,11.877404,11.294198
1088,9.825115,11.876873
1089,7.758923,8.471276
1090,8.744074,9.338909
1091,8.737430,10.037867
1092,10.644238,11.992228
1093,10.367118,11.300351
1094,10.996323,11.616955
1095,11.431331,11.986012
1096,11.139137,11.478779
1097,8.934736,11.105269
1098,7.952336,8.141835
1099,8.859194,8.885107
1100,9.067022,9.834763
1101,11.105593,11.753093
1102,11.049383,11.946871
1103,11.623114,11.757423
1104,12.226387,12.604074
1105,12.193041,11.569798
1106,9.994101,11.689669
1107,7.831797,8.358754
1108,8.492864,9.300915
1109,8.586735,9.991154
1110,10.643864,11.675294
1111,10.567442,10.655259
1112,11.065512,10.739274
1113,11.790136,12.089021
1114,11.291157,10.180984
1115,8.914228,10.221410
1116,9.371057,8.392442
1117,9.929033,9.399079
1118,10.054600,10.057252
1119,13.011646,12.069077
1120,12.116930,12.116525
1121,12.784434,11.982628
1122,13.384461,12.746529
1123,13.189228,11.685404
1124,11.034365,11.790424
1125,9.399847,8.750074
1126,9.805048,9.573221
1127,9.436894,10.280663
1128,12.077120,12.106877
1129,11.289610,12.242202
1130,12.013237,11.704865
1131,12.874137,12.099328
1132,12.219401,11.100245
1133,9.839476,10.259564
1134,9.595881,8.538552
1135,9.859817,9.560050
1136,10.002760,10.389627
1137,13.207768,12.008827
1138,12.234360,11.968444
1139,12.558968,11.843509
1140,13.628019,12.557573
1141,13.187811,11.759846
1142,11.076121,11.613566
1143,9.235533,8.770254
1144,9.317666,9.418087
1145,9.392785,10.220377
1146,12.186628,12.259180
1147,11.229027,11.371971
1148,12.044793,11.096761
1149,13.114706,12.457832
1150,12.366394,11.390135
1151,9.848639,10.352286
1152,8.987805,8.592795
1153,9.504599,9.529003
1154,9.808238,10.500996
1155,12.553467,11.729222
1156,11.994358,11.922399
1157,12.598703,12.081344
1158,13.083714,12.629238
1159,12.971520,11.969224
1160,10.925660,12.174512
1161,8.839996,8.583326
1162,9.369010,9.478980
1163,9.280487,10.312075
1164,12.136756,12.102339
1165,11.108820,11.883768
1166,11.898347,11.776695
1167,12.765718,11.959451
1168,12.115099,12.094755
1169,9.684515,10.779562
1170,9.268404,8.271360
1171,9.492541,9.571527
1172,9.864867,10.074240
1173,12.575516,11.837301
1174,11.992674,11.624149
1175,12.765951,12.023308
1176,12.909198,12.807985
1177,12.998322,11.477697
1178,10.746389,11.921272
1179,8.637010,8.499535
1180,9.301522,9.399355
1181,9.275616,10.436316
1182,12.264086,12.160126
1183,11.189196,11.460883
1184,11.904907,10.910353
1185,12.581846,11.799516
1186,12.007665,11.772769
1187,9.830974,10.290644
1188,8.624186,8.521700
1189,9.544906,9.708591
1190,10.000937,10.551201
1191,11.488256,11.816709
1192,11.519251,12.186983
1193,12.245797,12.073091
1194,11.846579,12.486300
1195,12.406479,11.247595
1196,10.721582,12.163692
1197,8.358945,8.716406
1198,9.314348,9.652170
1199,9.304238,10.225874
1200,11.185952,11.996393
1201,10.820918,12.235281
1202,12.006865,11.695609
1203,11.548892,11.906549
1204,11.736588,11.259242
1205,9.769317,10.673962
1206,8.555876,8.169367
1207,9.365868,9.408331
1208,9.857019,10.149417
1209,11.314198,11.797043
1210,11.708591,11.683910
1211,12.303459,11.801285
1212,12.114304,12.286797
1213,12.316902,11.458663
1214,10.802508,11.776271
1215,8.708537,8.315347
1216,9.168413,9.130917
1217,9.374832,10.098323
1218,11.439854,11.785127
1219,11.091953,11.224784
1220,11.975183,11.538278
1221,11.492887,11.926474
1222,12.055717,10.532970
1223,9.815502,11.119827
1224,8.476022,8.314804
1225,9.507257,9.543859
1226,10.198841,10.347817
1227,11.410286,12.057638
1228,11.595572,11.862873
1229,12.280250,11.856741
1230,11.766428,12.237107
1231,12.141314,11.542062
1232,10.638758,12.088424
1233,8.532873,8.595415
1234,9.273430,9.379062
1235,9.281677,10.267812
1236,11.308851,11.999639
1237,10.718738,11.551847
1238,11.900129,11.501748
1239,11.240896,11.928668
1240,11.730995,11.298610
1241,9.751297,10.802816
1242,8.338219,8.072529
1243,9.268026,9.232752
1244,9.759562,10.212376
1245,11.349512,11.794453
1246,11.665056,11.516665
1247,12.223420,11.631720
1248,11.933175,12.219368
1249,12.229186,11.960953
1250,10.750164,11.950262
1251,8.552815,7.976554
1252,9.223699,9.177678
1253,9.312344,9.977435
1254,11.088487,11.770823
1255,10.799747,12.086800
1256,11.929578,11.514859
1257,11.756783,11.737434
1258,11.751123,11.027047
1259,9.760843,10.680815
1260,7.989932,8.463999
1261,8.747630,9.232568
1262,9.164170,9.995098
1263,11.199594,11.645195
1264,10.940629,11.911325
1265,11.380322,12.029749
1266,12.023066,12.402230
1267,12.054611,11.858887
1268,9.787029,12.202003
1269,7.977561,8.315182
1270,8.322993,9.125888
1271,8.686422,10.199320
1272,10.448962,11.838081
1273,10.372797,11.109854
1274,11.019044,10.946723
1275,11.429708,11.709361
1276,11.310337,11.047468
1277,8.893259,10.714227
1278,7.961531,8.101288
1279,8.684895,8.922697
1280,9.145939,9.650496
1281,11.226538,11.627036
1282,11.174827,11.835649
1283,11.564487,11.600846
1284,12.091835,12.370658
1285,12.160231,11.825821
1286,9.986619,11.637936
1287,7.948703,8.088651
1288,8.346073,9.141675
1289,8.592505,9.738297
1290,10.491583,11.953522
1291,10.440282,11.083361
1292,11.113257,10.702250
1293,11.783819,11.904048
1294,11.221430,10.743248
1295,8.915627,10.336104
1296,9.072074,8.356205
1297,10.103001,9.561753
1298,10.035743,10.005646
1299,12.728463,11.745654
1300,12.084588,12.004426
1301,12.967150,11.914124
1302,13.347426,12.656295
1303,13.328609,12.151258
1304,11.031093,12.066728
1305,9.389669,8.475011
1306,9.673010,9.248737
1307,9.369452,10.150039
1308,12.447956,11.923120
1309,11.149597,11.677066
1310,12.035757,11.963680
1311,13.031360,12.279388
1312,12.133740,11.445272
1313,9.863327,10.026040
1314,9.555367,8.213369
1315,9.994899,9.450951
1316,9.968287,10.045764
1317,12.934781,11.757832
1318,12.086569,11.873802
1319,12.747283,11.614486
1320,13.626885,12.425324
1321,13.206468,11.380241
1322,11.038692,12.111320
1323,9.181667,8.602154
1324,9.759138,9.426010
1325,9.431821,9.950851
1326,12.347288,12.103077
1327,11.208802,11.583231
1328,12.040960,11.514791
1329,13.090927,12.416019
1330,12.435689,11.436840
1331,9.868830,10.354342
1332,9.011467,8.241867
1333,9.485756,9.390663
1334,9.805274,10.049471
1335,12.500457,11.727529
1336,12.074850,11.875346
1337,12.602458,12.226868
1338,13.104504,12.542585
1339,12.834989,11.828299
1340,10.879456,12.232788
1341,8.807839,8.402279
1342,9.520074,9.258896
1343,9.259731,10.005837
1344,11.905281,11.883484
1345,11.157640,11.129246
1346,11.994863,11.727052
1347,12.284783,12.062608
1348,12.059042,11.740794
1349,9.724987,10.579490
1350,8.819068,8.012002
1351,9.429307,9.263069
1352,9.818724,9.892521
1353,12.298144,11.818419
1354,11.947508,11.854398
1355,12.683941,11.759686
1356,13.316425,12.789679
1357,13.009071,11.427232
1358,10.850705,12.026698
1359,8.795905,8.241968
1360,9.524324,9.038586
1361,9.313020,10.127863
1362,12.203968,11.793284
1363,11.169369,11.225249
1364,11.958422,11.617920
1365,12.751400,12.214776
1366,12.124820,10.865780
1367,9.793896,10.306599
1368,8.486198,8.344077
1369,9.315135,9.351597
1370,9.857582,10.321910
1371,11.279703,11.613410
1372,11.672278,12.101108
1373,12.309534,11.866726
1374,12.047859,12.289860
1375,12.367846,11.267714
1376,10.799276,11.578067
1377,8.653248,8.502123
1378,9.162009,9.399616
1379,9.371469,10.111042
1380,11.309482,11.739243
1381,10.843836,11.261539
1382,11.984303,11.532848
1383,11.546822,11.911278
1384,11.844345,11.163640
1385,9.746135,10.964714
1386,8.778056,8.146986
1387,9.314127,9.089186
1388,9.920532,10.059373
1389,11.387721,11.583552
1390,11.732345,11.705990
1391,12.272814,11.946762
1392,12.094745,12.034173
1393,12.349695,11.528146
1394,10.753136,11.798798
1395,8.697470,8.016619
1396,9.239870,8.992252
1397,9.362124,9.836065
1398,11.111736,11.925140
1399,10.914288,11.340642
1400,11.996970,11.111395
1401,11.796237,11.795818
1402,11.821352,10.901705
1403,9.758290,10.109387
1404,8.595416,8.129202
1405,9.407449,9.245170
1406,9.818237,10.089164
1407,11.318796,11.726514
1408,11.379984,11.650889
1409,12.269912,11.884515
1410,11.974005,11.891024
1411,11.937620,11.474230
1412,10.721622,12.260065
1413,8.571561,8.215126
1414,9.099421,9.242258
1415,9.367889,10.060980
1416,11.298560,11.661331
1417,10.702456,11.637491
1418,11.968769,11.769229
1419,11.231080,11.747962
1420,11.803669,11.086434
1421,9.707450,10.397897
1422,8.505971,8.137039
1423,9.276132,9.036475
1424,9.839251,9.972116
1425,11.307636,11.532912
1426,11.532848,11.789639
1427,12.234255,11.544676
1428,11.894101,12.405312
1429,12.135320,11.158707
1430,10.626427,11.353004
1431,8.704172,7.948091
1432,9.161951,8.987000
1433,9.302374,10.021214
1434,11.141853,11.689576
1435,11.014612,11.702696
1436,11.936368,11.421781
1437,11.773731,11.926750
1438,11.779637,11.728523
1439,9.668757,10.476343
1440,6.380093,7.928274
1441,7.542078,8.575556
1442,8.103491,8.951919
1443,9.576582,11.065748
1444,10.357468,11.803723
1445,11.252624,11.151178
1446,10.589663,12.065682
1447,11.340868,11.402606
1448,9.770824,10.863155
1449,5.989294,8.134163
1450,7.387515,8.586142
1451,7.637198,8.626059
1452,9.315680,11.638805
1453,9.305720,10.166265
1454,10.820286,9.719871
1455,10.620278,11.598926
1456,10.607065,10.035292
1457,8.605964,9.541116
1458,6.483868,7.402023
1459,7.596113,7.820030
1460,7.942338,8.714559
1461,9.882668,10.851277
1462,10.214859,10.879072
1463,11.229592,10.575701
1464,11.027242,10.985531
1465,11.490499,11.052847
1466,9.733782,10.497978
1467,6.267460,7.487846
1468,7.537098,8.257287
1469,7.635903,8.356550
1470,9.156839,11.111778
1471,9.272484,9.617409
1472,10.734680,9.993233
1473,10.341290,11.137808
1474,10.729321,9.663071
1475,8.668858,9.339947
1476,7.117301,7.796185
1477,8.336708,8.797649
1478,9.088315,8.824931
1479,11.089564,11.488361
1480,11.403330,11.709551
1481,12.698103,11.640798
1482,12.679748,11.975286
1483,12.775922,12.138945
1484,11.197270,11.067943
1485,7.292881,7.846278
1486,8.291229,8.870942
1487,8.682054,9.003735
1488,11.045928,11.594214
1489,10.640330,10.546237
1490,12.198967,10.181441
1491,11.760927,11.626263
1492,11.947029,10.324016
1493,9.870102,10.122450
1494,7.512508,7.981824
1495,8.162888,8.647734
1496,9.162099,8.881522
1497,10.923690,11.540424
1498,11.195829,10.893183
1499,12.772536,11.030637
1500,12.587968,11.838560
1501,12.660820,11.814376
1502,11.217498,10.657727
1503,6.934377,7.974072
1504,8.089916,8.456584
1505,8.627439,8.749375
1506,10.492229,11.195119
1507,10.419221,10.522800
1508,12.193185,10.470685
1509,12.039615,11.723399
1510,12.072506,10.912710
1511,9.817867,9.745460
1512,6.781853,7.544642
1513,8.280281,8.731009
1514,9.059952,8.727898
1515,10.992742,11.537581
1516,11.333566,11.596907
1517,12.617688,10.875944
1518,12.342633,11.931557
1519,12.554691,11.863627
1520,11.065821,11.430445
1521,6.678617,8.011621
1522,8.058202,8.905927
1523,8.549527,8.927593
1524,10.269777,11.406892
1525,10.508203,11.663444
1526,12.097187,10.631259
1527,11.594829,11.892419
1528,11.920581,11.119495
1529,9.774771,9.877032
1530,6.872504,7.985705
1531,8.247564,8.432107
1532,8.895059,8.453846
1533,10.903866,11.400938
1534,11.364178,11.366551
1535,12.504454,10.696573
1536,12.262894,11.956543
1537,12.531689,11.447172
1538,11.109684,10.912832
1539,7.400429,7.979562
1540,8.229413,8.469263
1541,8.549435,8.859618
1542,10.793818,11.283764
1543,10.227456,10.686810
1544,12.091169,10.456594
1545,11.578438,11.517009
1546,11.901904,10.471000
1547,9.810403,9.529016
1548,6.828327,7.920714
1549,8.335591,8.229086
1550,9.064454,9.035474
1551,10.689991,10.658538
1552,11.225424,10.934359
1553,12.655041,10.793924
1554,11.418887,11.253403
1555,12.750293,11.336305
1556,10.963856,10.834205
1557,7.092055,7.558149
1558,8.366344,8.436565
1559,8.606981,9.214621
1560,10.293062,10.802705
1561,10.329643,10.997665
1562,12.173978,10.439431
1563,10.981577,11.184291
1564,11.280471,10.030053
1565,9.747967,10.627048
1566,7.057005,7.330460
1567,8.369288,8.207176
1568,9.072968,8.425207
1569,10.707302,10.659839
1570,11.054714,10.737780
1571,12.658671,10.480289
1572,11.431350,11.539907
1573,12.181500,10.953121
1574,11.093383,10.737341
1575,6.937397,7.057186
1576,8.154327,8.143170
1577,8.641773,8.940012
1578,9.944507,10.997106
1579,10.030020,10.374910
1580,12.119540,10.310023
1581,11.020765,11.095163
1582,11.681366,9.577733
1583,9.690989,10.077568
1584,6.873281,7.607966
1585,8.273456,8.248874
1586,9.029974,9.178604
1587,10.183170,10.717743
1588,10.824126,11.291005
1589,12.379189,10.876089
1590,11.350769,11.289054
1591,12.061255,11.050261
1592,10.799002,10.805626
1593,6.796674,7.443875
1594,7.838264,8.369964
1595,8.508024,9.182147
1596,10.126795,10.698524
1597,10.139284,10.715981
1598,12.057681,10.267476
1599,10.717846,11.215869
1600,11.746116,9.944002
1601,9.704717,9.485076
1602,7.065703,7.258144
1603,8.466733,8.146674
1604,8.966616,8.592746
1605,10.382732,10.603735
1606,11.026558,10.655447
1607,12.343053,10.718508
1608,11.252668,11.254141
1609,11.984236,10.838003
1610,10.881280,10.514672
1611,7.156815,7.327308
1612,8.042506,8.310669
1613,8.573498,8.789660
1614,9.941364,10.815515
1615,10.178537,10.143339
1616,12.037402,10.359319
1617,10.884178,10.774530
1618,11.789857,10.061666
1619,9.689101,9.615306
1620,7.964730,8.523649
1621,8.951179,9.146221
1622,9.217794,9.471474
1623,11.237888,11.579185
1624,10.934487,11.679055
1625,11.459633,11.372295
1626,11.772813,12.005033
1627,11.977037,11.390608
1628,9.814466,11.056456
1629,7.813100,8.223601
1630,8.539740,9.278898
1631,8.721632,9.364175
1632,10.630110,12.035360
1633,10.320965,11.179623
1634,10.974829,10.873928
1635,11.574058,11.839807
1636,11.166594,11.715149
1637,8.941724,10.957824
1638,7.801031,8.124141
1639,8.867183,8.783492
1640,9.139759,9.396734
1641,11.284214,11.621136
1642,11.205606,11.556570
1643,11.465789,11.569628
1644,11.986981,12.208810
1645,12.221087,11.513208
1646,9.927301,11.174510
1647,7.517047,8.419550
1648,8.680932,8.794487
1649,8.594558,9.368759
1650,10.517759,11.608853
1651,10.380642,10.677495
1652,11.116020,10.999637
1653,11.454645,11.684873
1654,11.317099,10.802888
1655,8.944802,10.236670
1656,9.506353,8.580207
1657,9.680321,9.134624
1658,10.029756,9.732178
1659,13.194718,11.711308
1660,11.996636,11.655370
1661,12.817020,11.397077
1662,13.299921,12.400403
1663,13.089451,11.178556
1664,11.030559,11.696545
1665,9.430223,8.444475
1666,9.562931,9.279757
1667,9.391843,9.695580
1668,12.176677,11.897511
1669,11.148907,11.197712
1670,12.019239,11.082728
1671,12.901654,11.711958
1672,12.291751,11.515633
1673,9.809248,9.821124
1674,9.535080,8.677591
1675,9.934792,9.452253
1676,9.955729,9.843335
1677,12.951635,11.785392
1678,12.140163,11.472757
1679,12.612195,11.359107
1680,13.547235,12.746964
1681,13.403732,11.458980
1682,11.037936,10.924990
1683,9.485609,8.333353
1684,9.720611,8.995143
1685,9.436914,9.596727
1686,12.301708,12.032947
1687,11.403620,11.396386
1688,12.003575,10.681703
1689,12.868090,12.211446
1690,12.354294,11.519349
1691,9.809832,10.886049
1692,9.121907,8.868281
1693,9.496404,8.985928
1694,10.268661,9.663246
1695,12.299606,11.998456
1696,11.753056,11.518871
1697,12.548760,11.537247
1698,13.427584,12.345572
1699,12.755651,11.649590
1700,10.870503,10.905139
1701,8.758147,8.511144
1702,9.357458,9.124278
1703,9.268232,9.729156
1704,12.353492,11.768582
1705,10.977795,11.611220
1706,11.940985,10.758105
1707,12.892275,12.162595
1708,12.188262,10.477292
1709,9.684240,10.227146
1710,9.158567,8.619183
1711,9.583447,8.995996
1712,9.847564,9.514583
1713,12.562756,11.881975
1714,11.712800,11.300879
1715,12.695165,11.365350
1716,13.279376,12.403130
1717,12.793667,11.608809
1718,10.808857,11.032759
1719,8.768057,8.341423
1720,9.433876,9.015890
1721,9.326749,9.673369
1722,11.880866,11.952024
1723,11.112662,10.810123
1724,11.978899,10.677258
1725,12.611785,11.805365
1726,12.069078,11.232313
1727,9.766964,10.109426
1728,8.610124,8.312294
1729,9.295674,8.673237
1730,9.814720,9.550505
1731,11.299191,11.493608
1732,11.523331,11.824323
1733,12.219679,11.489532
1734,11.864280,12.255949
1735,12.487066,10.831463
1736,10.735590,11.207644
1737,8.705736,8.195502
1738,9.079432,9.149078
1739,9.331985,9.793412
1740,11.054391,11.737589
1741,10.821109,11.282297
1742,11.948269,11.168383
1743,11.585688,11.904348
1744,11.773928,11.166176
1745,9.753412,10.480158
1746,8.567288,7.975357
1747,9.523046,8.491190
1748,9.808207,9.600729
1749,11.457073,11.207385
1750,11.274183,11.120938
1751,12.211115,11.425420
1752,11.718790,11.844625
1753,12.272617,11.276021
1754,10.718856,11.103597
1755,8.637547,7.935250
1756,9.098577,8.851796
1757,9.357158,9.514006
1758,11.377273,11.670809
1759,10.972450,10.700884
1760,11.942906,11.406199
1761,11.515712,12.263767
1762,11.971979,11.021780
1763,9.747246,10.662911
1764,8.530394,7.918275
1765,9.369802,8.692884
1766,9.699819,9.763303
1767,11.258210,11.294323
1768,11.473738,11.133234
1769,12.142294,11.594627
1770,12.030970,12.001140
1771,11.906034,11.107052
1772,10.573367,11.149417
1773,8.397587,8.163743
1774,9.298375,8.971919
1775,9.255138,9.807945
1776,11.202204,11.243969
1777,10.734161,11.185101
1778,11.770087,10.930355
1779,11.547585,11.831854
1780,11.511191,10.814587
1781,9.659629,10.203701
1782,8.693763,7.584343
1783,9.080360,8.607686
1784,9.863654,9.333322
1785,11.451913,11.276051
1786,11.545323,11.259521
1787,12.206137,11.072532
1788,11.876646,11.769371
1789,12.053234,11.191918
1790,10.671036,11.004278
1791,8.304043,7.719988
1792,9.212629,8.604150
1793,9.310181,9.605124
1794,11.417767,11.288579
1795,10.799251,11.011330
1796,11.841420,10.775614
1797,11.505294,12.141011
1798,11.654507,10.888844
1799,9.711315,10.526653
1800,8.030964,8.629334
1801,8.708712,8.959682
1802,9.102767,9.613181
1803,11.167295,11.780252
1804,10.788618,11.390872
1805,11.473961,11.421056
1806,11.962662,12.255692
1807,11.781239,11.566344
1808,9.794582,11.067042
1809,7.850008,8.396272
1810,8.698700,8.855747
1811,8.738386,9.607085
1812,10.491982,11.737406
1813,10.325197,11.026671
1814,11.011909,11.428569
1815,11.352998,11.915864
1816,11.178200,11.044819
1817,8.913782,10.629754
1818,7.791567,8.099749
1819,8.642179,8.634386
1820,9.092937,9.463687
1821,11.235748,11.762633
1822,10.997902,11.401035
1823,11.551708,11.214614
1824,11.998486,11.796075
1825,11.948647,11.360762
1826,9.900275,11.294545
1827,7.739467,7.919251
1828,8.524000,8.844428
1829,8.608961,9.692487
1830,10.772184,11.571611
1831,10.380619,11.610625
1832,11.119833,10.909626
1833,11.535849,11.423259
1834,11.275099,11.127835
1835,8.883711,9.518991
1836,9.369555,8.715817
1837,9.624200,8.936154
1838,10.000148,9.886435
1839,12.570256,11.738769
1840,12.171969,11.503738
1841,12.620672,11.705197
1842,13.459539,12.246057
1843,12.977334,11.032685
1844,11.053276,11.501618
1845,9.110559,8.322371
1846,9.610416,9.331092
1847,9.362795,9.673656
1848,12.385964,11.786910
1849,11.161383,10.928152
1850,12.038328,11.020829
1851,13.120150,12.403773
1852,12.140211,11.200364
1853,9.809086,10.833250
1854,9.550449,8.516400
1855,9.917571,9.105465
1856,10.003079,9.887631
1857,12.942571,11.861773
1858,12.203298,11.348086
1859,12.994317,11.303683
1860,13.677830,12.398262
1861,13.282758,11.450985
1862,11.043234,10.940320
1863,9.476988,8.764913
1864,9.595017,9.082733
1865,9.447638,9.657037
1866,12.680707,11.922016
1867,11.259755,10.840602
1868,11.945274,10.467412
1869,12.661531,12.124643
1870,12.107298,10.992314
1871,9.836331,9.868001
1872,9.030902,8.847126
1873,9.546880,9.108768
1874,9.791647,9.876694
1875,12.231033,11.780898
1876,11.847449,11.406730
1877,12.699364,11.464873
1878,12.913085,12.314684
1879,12.803457,11.494108
1880,10.745316,11.693530
1881,8.682119,8.461341
1882,9.462188,8.919616
1883,9.270433,9.707449
1884,11.866759,11.851563
1885,11.189037,11.319625
1886,11.873250,10.832269
1887,12.846398,11.905518
1888,12.085105,10.452828
1889,9.740385,10.650820
1890,9.270994,8.524331
1891,9.551383,8.773485
1892,9.864890,9.658912
1893,12.625689,11.899186
1894,11.830822,11.372551
1895,12.587761,11.342325
1896,12.998090,12.574676
1897,12.914196,11.583030
1898,10.797617,11.423923
1899,9.101511,8.443748
1900,9.563870,8.705672
1901,9.333425,9.579469
1902,11.848177,11.955511
1903,11.214344,10.862504
1904,11.902174,10.744289
1905,12.802405,12.225963
1906,12.032415,11.124113
1907,9.775647,9.891535
1908,8.541955,8.046337
1909,9.550715,9.011973
1910,9.817149,9.687671
1911,11.362752,11.583197
1912,11.505470,11.427300
1913,12.171976,11.392613
1914,11.713167,12.040222
1915,12.229148,11.352018
1916,10.730227,11.326797
1917,8.602798,7.964708
1918,9.112515,9.032901
1919,9.323014,9.687890
1920,11.026610,11.614643
1921,10.774990,10.983644
1922,11.844191,11.452414
1923,11.557024,11.950553
1924,11.641129,10.939556
1925,9.807774,10.703386
1926,8.332203,8.217247
1927,9.296611,8.416439
1928,9.896606,9.592539
1929,11.400387,11.476714
1930,11.438253,11.235003
1931,12.199258,11.304334
1932,11.824518,12.093591
1933,12.130490,11.198769
1934,10.740652,11.414292
1935,8.601019,7.887628
1936,9.207788,8.800286
1937,9.383895,9.670051
1938,11.151642,11.723584
1939,10.747793,10.769306
1940,11.897421,11.211160
1941,11.513233,12.065550
1942,12.022095,11.373870
1943,9.756762,10.436733
1944,8.390524,7.819139
1945,9.391128,8.867240
1946,9.787006,9.957847
1947,11.254091,11.075582
1948,11.496721,11.424083
1949,12.111493,11.473072
1950,12.001658,12.186586
1951,12.200180,11.093425
1952,10.596237,10.828441
1953,8.221344,7.883543
1954,9.154900,8.806990
1955,9.229532,9.935904
1956,11.126985,11.258168
1957,10.734658,10.981701
1958,11.741028,10.946270
1959,11.462328,11.462735
1960,11.632309,11.747922
1961,9.709174,10.672684
1962,8.466456,8.046000
1963,9.514593,8.695603
1964,9.833735,9.440945
1965,11.441474,10.899171
1966,11.531691,11.504082
1967,12.129745,11.397602
1968,12.027443,11.860167
1969,12.137147,11.116364
1970,10.636641,11.359287
1971,8.712350,8.048382
1972,9.488639,8.547039
1973,9.388600,9.544294
1974,11.089620,11.539020
1975,10.664845,10.697152
1976,11.840408,10.711492
1977,11.489109,11.925194
1978,11.879391,11.012988
1979,9.708608,10.517879
1980,8.009438,8.287225
1981,8.564638,8.990598
1982,9.115515,9.591146
1983,11.040381,11.822821
1984,10.999732,11.954692
1985,11.513813,11.350690
1986,11.921258,12.305559
1987,11.932245,11.486562
1988,9.829841,11.189187
1989,8.010239,8.400871
1990,8.577632,9.329693
1991,8.724787,10.022801
1992,10.648841,11.577235
1993,10.178590,11.148518
1994,10.974683,11.363034
1995,11.543615,11.984849
1996,11.295053,11.760702
1997,8.907894,10.240639
1998,7.922337,7.946883
1999,8.616091,8.600709
2000,9.076303,9.533525
2001,11.281844,11.539848
2002,11.170797,10.973249
2003,11.526978,11.335260
2004,12.015091,11.914026
2005,12.124452,11.402794
2006,9.952467,11.122698
2007,8.021163,7.910128
2008,8.601566,8.704651
2009,8.540043,9.792015
2010,10.606929,11.640819
2011,10.345211,11.117260
2012,11.119948,10.604925
2013,11.557581,11.727824
2014,11.335962,11.115999
2015,8.965273,10.061410
2016,9.090041,8.847448
2017,9.587332,9.084396
2018,9.998785,9.658987
2019,12.751621,12.037176
2020,12.048902,11.517086
2021,12.609071,11.474538
2022,13.334340,12.556259
2023,13.116165,11.680858
2024,10.966073,11.581184
2025,9.205042,8.445216
2026,9.368025,9.142130
2027,9.435055,9.836571
2028,12.519472,11.971115
2029,11.180622,11.108536
2030,11.965773,10.700477
2031,13.041654,12.277190
2032,12.386799,10.728340
2033,9.873664,10.326272
2034,9.400109,8.605988
2035,10.016893,9.131726
2036,10.048370,9.660999
2037,12.966151,12.354557
2038,12.069269,11.743279
2039,12.819947,11.399998
2040,13.394069,12.359385
2041,13.083768,11.568118
2042,11.042467,11.198899
2043,9.274653,8.431203
2044,9.415344,8.845651
2045,9.480262,9.512833
2046,12.336454,12.159600
2047,11.383556,11.528749
2048,12.063967,11.068211
2049,12.864724,12.203355
2050,12.395267,10.443274
2051,9.853502,9.932918
2052,8.584790,8.348363
2053,9.648187,8.907858
2054,9.759268,9.690707
2055,12.428225,11.662498
2056,11.829338,11.423486
2057,12.512584,11.730041
2058,13.497376,12.407582
2059,12.836550,11.529737
2060,10.771989,11.403361
2061,8.559002,8.363470
2062,9.262864,9.223313
2063,9.303905,9.892847
2064,11.728199,12.009869
2065,11.012673,11.280376
2066,11.964355,10.873872
2067,12.801079,11.996748
2068,12.103652,10.829864
2069,9.759397,10.767925
2070,8.954982,8.446980
2071,9.571513,9.062515
2072,9.859964,9.770641
2073,12.176546,11.857533
2074,11.826826,11.192936
2075,12.728264,11.314967
2076,13.442591,12.423794
2077,12.912512,11.476049
2078,10.818899,11.044484
2079,8.587194,8.368398
2080,9.481401,8.844252
2081,9.337730,9.680452
2082,11.892977,12.081663
2083,11.079726,11.114806
2084,12.015697,11.279254
2085,12.573845,12.636105
2086,12.086702,11.035346
2087,9.851362,10.390996
2088,8.743953,8.267585
2089,9.340492,9.010202
2090,9.833525,9.746667
2091,11.327526,11.226336
2092,11.616613,11.593557
2093,12.244833,11.630186
2094,12.099379,11.980132
2095,12.125286,11.553474
2096,10.835932,11.346930
2097,8.632391,8.256138
2098,9.167650,9.113696
2099,9.396128,9.553349
2100,10.968343,11.610748
2101,11.043102,11.457016
2102,11.956711,11.364410
2103,11.275271,11.757673
2104,11.809579,11.481970
2105,9.742390,10.215078
2106,8.337024,8.088142
2107,9.584253,9.059272
2108,9.796278,9.513044
2109,11.416374,11.234230
2110,11.659889,11.257681
2111,12.217015,11.457799
2112,11.870935,12.035061
2113,12.297268,11.422617
2114,10.799448,10.876116
2115,8.310615,7.989004
2116,9.276051,8.835997
2117,9.331381,9.769069
2118,11.001515,11.583356
2119,11.038992,10.440470
2120,11.811169,11.268375
2121,11.354346,11.815453
2122,11.875092,10.442621
2123,9.685650,10.145135
2124,8.574719,8.412743
2125,9.433986,9.019536
2126,9.786673,9.701346
2127,11.498747,11.269219
2128,11.493072,11.317875
2129,12.176009,11.399132
2130,11.780234,12.127090
2131,12.141701,11.136084
2132,10.636021,11.198125
2133,8.454811,8.045653
2134,9.041258,8.911326
2135,9.306871,9.671275
2136,11.279301,11.536465
2137,10.780812,11.836544
2138,11.982022,10.856277
2139,11.546534,11.912867
2140,11.700232,10.710526
2141,9.736250,10.070947
2142,8.466745,8.201117
2143,9.293951,8.378269
2144,9.801015,9.508846
2145,11.304420,11.404543
2146,11.508781,11.845551
2147,12.266689,11.269281
2148,11.804741,11.945193
2149,12.147451,10.873220
2150,10.699617,11.049132
2151,8.684927,7.882756
2152,9.169292,8.525648
2153,9.345421,9.547190
2154,11.026412,11.552851
2155,10.916708,10.923618
2156,11.852962,11.339320
2157,11.472586,11.567109
2158,11.700891,10.846464
2159,9.744842,10.229195
2160,6.338497,7.345640
2161,7.301965,8.449801
2162,8.068850,8.519117
2163,9.848876,11.424964
2164,10.240953,10.877933
2165,11.270913,10.767087
2166,10.939158,12.283635
2167,11.184640,10.796484
2168,9.701591,10.946918
2169,6.401759,7.745284
2170,7.286251,8.237696
2171,7.667984,8.613396
2172,9.593380,11.293210
2173,9.346910,10.095143
2174,10.733793,9.936698
2175,9.973391,11.787095
2176,10.607940,10.427679
2177,8.541167,9.380921
2178,6.478622,7.200199
2179,7.560480,7.705438
2180,7.935098,8.119930
2181,9.860906,10.860333
2182,10.299045,10.363351
2183,11.239767,10.321734
2184,10.800180,11.412274
2185,11.192673,10.763906
2186,9.716710,10.348725
2187,6.197935,7.196967
2188,7.446779,7.779416
2189,7.619298,7.978029
2190,9.423567,10.952827
2191,9.362795,10.134396
2192,10.704037,9.404796
2193,10.249737,11.134122
2194,10.545515,9.596590
2195,8.660527,9.113382
2196,7.232487,7.833792
2197,8.363835,8.963593
2198,9.105171,8.683943
2199,11.037155,11.458489
2200,11.597773,11.485999
2201,12.715434,11.202525
2202,12.444700,12.559109
2203,12.558437,11.923101
2204,11.092926,10.944910
2205,7.063515,7.883245
2206,8.162821,8.552326
2207,8.523740,8.615161
2208,10.580792,11.397655
2209,10.570618,10.547507
2210,12.186481,9.915772
2211,11.762094,11.746534
2212,11.651726,10.290586
2213,9.847382,9.624093
2214,7.154716,7.876595
2215,8.447153,8.509903
2216,9.181734,8.440389
2217,11.066797,11.192110
2218,11.190617,11.362272
2219,12.637792,10.815465
2220,12.246432,12.624393
2221,12.551769,11.065690
2222,11.266687,11.297472
2223,6.896066,7.512952
2224,8.195084,8.766451
2225,8.655621,8.737197
2226,10.607264,11.435793
2227,10.160380,11.055330
2228,12.262957,9.825317
2229,11.438299,12.173809
2230,11.823701,10.564000
2231,9.817353,9.360971
2232,7.032418,7.850742
2233,8.429018,8.851677
2234,9.004813,8.766150
2235,10.842505,11.278397
2236,11.227703,11.174877
2237,12.561686,11.023236
2238,12.182148,12.168751
2239,12.520977,11.796655
2240,11.018366,11.345986
2241,6.926335,7.907492
2242,8.109383,8.352215
2243,8.572012,8.776726
2244,10.443955,11.470001
2245,10.490991,10.944844
2246,12.185349,10.138927
2247,11.010619,11.518982
2248,11.607862,10.380644
2249,9.695196,10.039718
2250,7.055802,7.645267
2251,8.126985,8.379189
2252,8.953451,8.573895
2253,10.867132,11.282298
2254,11.074019,11.263931
2255,12.658315,11.326929
2256,11.961773,12.091843
2257,12.416769,11.035879
2258,11.001605,11.064709
2259,7.170851,7.694116
2260,8.134701,8.748694
2261,8.502060,8.314483
2262,10.370025,11.551751
2263,10.026361,10.299856
2264,12.091890,9.664737
2265,11.030190,11.517887
2266,11.615400,9.913474
2267,9.744757,9.283440
2268,7.140073,7.654227
2269,8.422371,8.593130
2270,9.051783,8.559134
2271,10.325361,11.256374
2272,11.259668,11.042361
2273,12.417975,11.085814
2274,11.344856,11.718227
2275,11.914068,10.861892
2276,10.956011,10.559174
2277,7.265788,7.657928
2278,8.037741,8.607616
2279,8.640386,8.583014
2280,10.297170,11.117243
2281,10.338373,10.440955
2282,12.105059,9.655045
2283,10.865547,11.505226
2284,11.384731,10.279471
2285,9.698307,9.506343
2286,7.300177,7.465510
2287,8.121135,8.136946
2288,9.052702,8.138981
2289,10.346354,10.596195
2290,11.034332,10.920998
2291,12.509655,10.957005
2292,11.283961,11.423928
2293,12.089473,10.753170
2294,10.998984,10.889860
2295,6.978064,7.099338
2296,8.083565,8.293981
2297,8.614765,8.485620
2298,10.177693,11.079533
2299,10.066658,10.229462
2300,12.080580,9.537066
2301,10.687652,11.222682
2302,11.391945,9.518582
2303,9.700154,8.998199
2304,7.171996,7.461945
2305,8.168138,8.461305
2306,8.936535,8.768672
2307,10.009008,10.675319
2308,10.690943,10.866338
2309,12.363185,10.641413
2310,11.128711,11.709390
2311,12.142201,10.596331
2312,10.904263,10.771954
2313,7.260375,7.315009
2314,8.165483,8.447119
2315,8.534485,8.683035
2316,10.142951,11.104359
2317,10.042080,10.387738
2318,11.885110,10.047777
2319,10.499066,11.335756
2320,11.322436,9.949897
2321,9.599747,9.511288
2322,6.799123,7.278860
2323,7.992699,8.206806
2324,8.954845,8.355700
2325,10.448518,10.589537
2326,10.914907,10.969797
2327,12.444016,10.516386
2328,11.378255,11.305134
2329,12.014338,10.615682
2330,10.740288,10.342602
2331,6.863215,7.062636
2332,8.204506,8.172760
2333,8.602036,8.422577
2334,10.054819,10.820400
2335,10.126844,10.357565
2336,11.917329,9.519962
2337,10.692591,11.121859
2338,11.145925,10.069556
2339,9.634484,9.055485
2340,7.878242,8.304711
2341,8.568130,8.943532
2342,9.144910,9.834660
2343,10.997847,11.462445
2344,10.752687,11.425335
2345,11.387572,11.447855
2346,11.829933,12.256505
2347,11.966153,11.834070
2348,9.864036,11.812277
2349,7.940272,8.137652
2350,8.640681,9.069057
2351,8.656515,9.940930
2352,10.576870,11.428577
2353,10.215893,11.433684
2354,10.986091,11.285007
2355,11.252990,11.707386
2356,11.145548,11.700359
2357,8.928367,10.607554
2358,7.647297,8.208573
2359,8.885077,8.673113
2360,9.034353,9.609414
2361,10.909738,11.546257
2362,11.067904,11.677893
2363,11.477723,11.586504
2364,11.880078,12.111284
2365,11.821484,11.727765
2366,9.982286,10.587204
2367,7.459673,8.061140
2368,8.603414,8.958284
2369,8.541757,9.968238
2370,10.504436,11.849045
2371,10.296827,11.050574
2372,11.043184,10.637644
2373,11.506667,12.090679
2374,11.356769,10.629505
2375,8.930599,9.826668
2376,9.360157,8.517260
2377,9.991354,9.435208
2378,9.993630,9.703403
2379,12.721201,11.683602
2380,12.100725,11.654832
2381,12.527636,11.699560
2382,13.478020,12.780154
2383,13.006264,11.728306
2384,10.990046,11.849165
2385,9.418220,8.305241
2386,9.608858,9.062198
2387,9.374928,9.854568
2388,12.102241,11.862621
2389,11.284641,11.893840
2390,11.946630,11.154594
2391,13.169484,12.190145
2392,12.214622,11.768843
2393,9.834546,11.452452
2394,9.357024,8.386097
2395,9.894388,9.398050
2396,10.019570,9.984302
2397,12.882006,11.770826
2398,12.226530,11.704763
2399,12.752516,11.573480
2400,13.584965,12.274140
2401,13.035249,11.683433
2402,10.971160,11.697472
2403,9.117709,8.442833
2404,9.851698,9.158536
2405,9.366973,9.900705
2406,12.290133,12.017468
2407,11.236177,11.784675
2408,11.867937,11.308123
2409,12.712687,12.252256
2410,12.236568,11.538445
2411,9.833089,10.261159
2412,8.928872,8.358479
2413,9.387313,9.105464
2414,9.851962,10.014167
2415,12.100817,11.602456
2416,11.830997,11.890943
2417,12.723730,11.677964
2418,13.018651,12.287048
2419,13.159468,11.594260
2420,10.787844,12.016865
2421,8.740899,8.351823
2422,9.404761,9.148794
2423,9.169399,9.938107
2424,12.245489,11.718515
2425,11.243958,11.280124
2426,11.785587,11.618048
2427,12.478218,11.915875
2428,12.134830,11.021912
2429,9.741860,10.409468
2430,8.891095,8.157561
2431,9.293180,9.090832
2432,9.812576,9.803455
2433,12.476156,11.806786
2434,11.941568,11.612028
2435,12.814194,11.502776
2436,13.384106,12.431786
2437,12.730841,11.606153
2438,10.873523,11.418550
2439,8.685654,8.103444
2440,9.398094,9.124826
2441,9.291069,10.050199
2442,12.092062,11.740490
2443,10.950855,11.838581
2444,11.960880,11.403265
2445,12.774533,11.880628
2446,12.009670,10.777790
2447,9.748911,10.006492
2448,8.630531,8.047008
2449,9.358184,9.095520
2450,9.740315,9.831151
2451,11.527296,11.325877
2452,11.679846,11.604903
2453,12.191916,11.679583
2454,11.823182,11.952074
2455,12.214800,11.659748
2456,10.846077,11.631950
2457,8.442976,7.882541
2458,9.440232,8.946192
2459,9.263441,10.046995
2460,10.893953,11.638833
2461,10.782667,11.452815
2462,11.873510,11.269561
2463,11.253404,11.681149
2464,11.622849,11.563880
2465,9.720412,10.767452
2466,8.786593,7.996805
2467,9.456706,8.952789
2468,9.856528,9.864017
2469,11.557085,11.228874
2470,11.450252,11.471979
2471,12.170223,11.491197
2472,11.620363,12.187456
2473,12.386613,10.998651
2474,10.793348,11.218134
2475,8.820984,7.838556
2476,9.357198,8.784915
2477,9.265584,9.924955
2478,11.638436,11.449514
2479,10.914158,11.774947
2480,11.867919,11.037526
2481,11.670023,11.871394
2482,11.646137,11.467018
2483,9.844490,10.019222
2484,8.481005,7.932204
2485,9.125114,8.999295
2486,9.798439,9.724723
2487,11.365309,11.064675
2488,11.247143,11.226705
2489,12.189697,11.635322
2490,11.982641,11.886209
2491,12.154566,11.453126
2492,10.715626,11.820407
2493,8.720732,7.905297
2494,9.238996,8.941808
2495,9.276832,10.014622
2496,10.997580,11.260074
2497,10.789259,11.111864
2498,11.773472,11.419770
2499,11.477151,11.537403
2500,11.730958,10.989202
2501,9.703558,10.639791
2502,8.748199,7.634228
2503,9.447343,8.858712
2504,9.760750,9.709358
2505,11.635668,11.217784
2506,11.427338,11.320472
2507,12.217220,11.522539
2508,11.876956,11.857905
2509,12.189863,11.164911
2510,10.647001,11.717453
2511,8.572412,7.818430
2512,9.100136,8.889050
2513,9.294809,10.015148
2514,11.281149,11.415140
2515,10.531231,10.912767
2516,11.835482,10.871511
2517,11.494613,11.769076
2518,11.931729,11.913428
2519,9.752702,11.280790
2520,7.908350,8.406394
2521,8.731717,9.390923
2522,9.168778,9.643106
2523,11.107665,11.549382
2524,10.735383,11.396266
2525,11.417069,11.482528
2526,12.207908,12.186039
2527,11.729792,11.217615
2528,9.851768,11.810757
2529,7.945765,8.345770
2530,8.738765,9.153132
2531,8.713841,10.127865
2532,10.588028,11.786323
2533,10.268541,11.277591
2534,11.000257,11.467457
2535,11.293251,11.991241
2536,11.232662,12.153111
2537,8.959876,11.527264
2538,8.072142,8.075988
2539,8.693452,8.671401
2540,9.111364,9.658472
2541,11.304320,11.525871
2542,11.160049,11.473159
2543,11.489324,11.636430
2544,11.521567,12.140000
2545,11.913099,11.572394
2546,9.990554,11.626769
2547,8.070565,7.940126
2548,8.381065,8.920257
2549,8.508174,9.825436
2550,10.726160,11.808772
2551,10.277805,10.885261
2552,10.958101,10.637103
2553,11.332565,11.813993
2554,11.497244,10.305671
2555,8.856374,9.487751
2556,9.071107,8.410164
2557,9.755021,9.279933
2558,9.966291,9.836197
2559,13.221973,11.656507
2560,12.037934,11.587904
2561,12.399893,12.136005
2562,13.117190,12.305657
2563,13.136531,11.361945
2564,10.981626,12.134823
2565,9.419488,8.320577
2566,9.581557,9.029928
2567,9.366737,9.974787
2568,12.433542,11.846348
2569,11.241736,11.224821
2570,11.929030,11.406007
2571,12.457103,12.015297
2572,12.303227,11.044586
2573,9.794046,10.648462
2574,9.104248,8.357933
2575,9.768288,9.062906
2576,10.019871,9.918550
2577,12.726006,11.931611
2578,12.242218,11.678418
2579,12.707339,11.311756
2580,13.594358,12.388634
2581,13.182136,11.000079
2582,10.983730,11.849744
2583,9.113781,8.531855
2584,9.714383,9.012586
2585,9.411495,10.140225
2586,12.514592,12.265536
2587,11.317877,11.504066
2588,11.831103,11.239627
2589,12.792020,12.492607
2590,12.112595,10.378496
2591,9.798084,10.396328
2592,8.973225,8.191751
2593,9.633571,9.372224
2594,9.790331,10.047266
2595,12.405958,11.774524
2596,11.792398,11.759387
2597,12.481526,11.606733
2598,12.845901,12.555983
2599,12.855391,12.047743
2600,10.791331,12.091351
2601,9.128557,8.383984
2602,9.335584,9.357899
2603,9.233797,10.076114
2604,11.706240,11.754491
2605,10.969628,11.295548
2606,11.851866,11.012218
2607,12.448509,12.383289
2608,12.118057,11.059733
2609,9.802641,10.353066
2610,9.029058,8.301586
2611,9.537763,9.329395
2612,9.815456,9.843319
2613,12.336208,11.928255
2614,11.884478,11.512632
2615,12.640598,11.647739
2616,13.058515,12.331729
2617,12.853824,11.218007
2618,10.820782,11.843735
2619,8.849583,8.255880
2620,9.527765,9.076683
2621,9.302608,9.849179
2622,12.149836,11.964633
2623,11.200539,11.710730
2624,11.897546,11.286864
2625,12.400990,11.977752
2626,12.002394,10.890717
2627,9.807815,10.822395
2628,8.526673,8.104541
2629,9.344221,9.081185
2630,9.789187,9.897370
2631,11.433733,11.232689
2632,11.556017,11.486802
2633,12.150799,11.550399
2634,11.994818,11.778218
2635,12.325497,11.525311
2636,10.714980,11.706224
2637,8.601276,8.154693
2638,9.083622,8.917153
2639,9.280823,9.910148
2640,11.177176,11.473838
2641,10.698286,11.536184
2642,11.844049,11.578957
2643,11.381606,11.702125
2644,11.762699,11.324032
2645,9.688681,10.854484
2646,8.585690,7.944417
2647,9.362334,8.852052
2648,9.852160,9.746508
2649,11.423435,11.643721
2650,11.457906,11.444950
2651,12.265936,11.305328
2652,12.020546,12.133899
2653,12.190709,11.329735
2654,10.715656,11.717649
2655,8.732473,7.856895
2656,9.295225,8.761997
2657,9.293798,9.830057
2658,11.343884,11.420589
2659,10.760227,10.967015
2660,11.909004,11.183008
2661,11.590731,11.639325
2662,11.795956,11.352796
2663,9.728971,10.549598
2664,8.528214,8.003069
2665,9.348780,8.942425
2666,9.696881,9.735678
2667,11.373983,11.219728
2668,11.359598,11.417992
2669,12.171278,11.612260
2670,11.958080,11.932384
2671,12.180372,11.349498
2672,10.662917,11.366756
2673,8.532332,8.041160
2674,9.268733,9.023838
2675,9.277345,9.832814
2676,11.019126,11.225215
2677,10.528531,11.081916
2678,11.752672,11.455423
2679,11.317984,11.637786
2680,11.780329,11.647793
2681,9.642547,10.538597
2682,8.577014,7.710801
2683,9.483545,8.955935
2684,9.765483,9.658587
2685,11.492391,11.281453
2686,11.460229,11.345563
2687,12.232600,11.272440
2688,11.908879,11.619170
2689,12.186033,11.764776
2690,10.683651,11.267605
2691,8.303563,7.769916
2692,9.274548,8.742828
2693,9.266311,10.125314
2694,11.067830,11.285298
2695,10.892496,11.010897
2696,11.711676,11.162266
2697,11.334945,11.513753
2698,11.717701,11.483540
2699,9.661205,10.595916
2700,7.918131,8.210881
2701,8.925434,9.295056
2702,9.107866,10.229268
2703,10.937968,11.558825
2704,10.884728,11.433098
2705,11.457458,11.669497
2706,11.805668,12.272896
2707,11.777925,11.070003
2708,9.842102,11.415281
2709,7.975102,8.385032
2710,8.673960,9.151213
2711,8.665777,10.180521
2712,10.367781,11.769543
2713,10.206008,11.244008
2714,11.000022,10.872027
2715,11.151877,11.911244
2716,11.199855,10.649710
2717,8.865046,10.362608
2718,7.843405,8.070874
2719,8.752540,8.983675
2720,9.080849,9.877216
2721,11.023459,11.300606
2722,11.090685,11.344746
2723,11.501719,11.487104
2724,12.028728,12.334084
2725,11.910325,11.790631
2726,9.947120,11.202287
2727,7.743973,8.133339
2728,8.496773,9.213492
2729,8.542968,10.014327
2730,10.556375,11.860492
2731,10.239863,10.830070
2732,10.851965,10.776217
2733,11.437227,11.967923
2734,11.178798,10.648287
2735,8.964143,10.310907
2736,9.221949,8.242026
2737,9.611145,9.036154
2738,9.984207,9.723654
2739,12.606302,11.839264
2740,12.218067,11.508384
2741,12.778157,11.987000
2742,13.234973,12.185537
2743,13.061945,11.730989
2744,11.034412,12.106786
2745,9.416506,8.283509
2746,9.774395,9.178686
2747,9.380654,9.879389
2748,12.392615,11.848955
2749,11.126839,10.916562
2750,11.990206,11.456559
2751,12.915286,11.917888
2752,12.323261,11.733819
2753,9.808908,11.384825
2754,9.121640,8.349676
2755,9.662987,9.175150
2756,9.956644,9.748091
2757,12.612179,12.169230
2758,11.862635,11.847066
2759,12.597890,11.812391
2760,13.171348,12.434256
2761,13.280214,11.420259
2762,11.036886,11.684622
2763,8.850224,8.445677
2764,9.545847,9.255303
2765,9.434062,10.196487
2766,11.986533,12.266180
2767,11.259522,11.144483
2768,11.918950,11.414330
2769,12.647846,12.145512
2770,12.035288,11.062682
2771,9.794250,10.456049
2772,8.605584,8.430451
2773,9.575001,9.318546
2774,9.837270,10.103472
2775,12.118307,11.779346
2776,11.695539,11.819469
2777,12.369256,11.704378
2778,13.014654,12.390236
2779,12.811889,11.206338
2780,10.884629,12.236533
2781,8.996786,8.563135
2782,9.317918,9.542730
2783,9.271811,10.309526
2784,12.220406,11.838439
2785,11.022061,11.214234
2786,11.951969,11.612703
2787,12.264042,12.017829
2788,12.012525,11.892159
2789,9.791222,10.699884
2790,8.966716,8.263433
2791,9.246098,9.272429
2792,9.850668,9.875920
2793,12.578606,11.967464
2794,11.937588,11.687070
2795,12.532321,11.593975
2796,12.706375,12.645961
2797,12.800720,11.635562
2798,10.766094,11.595284
2799,8.876612,8.316993
2800,9.426871,8.921844
2801,9.267620,9.870377
2802,11.874405,12.022425
2803,11.102936,11.439343
2804,11.861921,10.668517
2805,12.555455,12.109536
2806,12.190589,11.518851
2807,9.793421,10.872780
2808,8.725740,7.993704
2809,9.225338,9.052245
2810,9.813171,9.988159
2811,11.251284,11.405560
2812,11.347818,11.635469
2813,12.286128,11.610996
2814,11.825640,12.459534
2815,12.125486,11.167626
2816,10.703918,11.548347
2817,8.374704,8.115403
2818,9.322716,9.162602
2819,9.272476,10.030260
2820,11.334487,11.419652
2821,10.716223,11.107700
2822,11.762914,11.107939
2823,11.541242,11.627966
2824,11.797197,11.536418
2825,9.700450,11.502618
2826,8.427917,7.888201
2827,9.336897,9.131495
2828,9.839180,9.907493
2829,11.660311,11.712448
2830,11.431799,11.680921
2831,12.190319,11.696323
2832,11.719531,12.106176
2833,12.123585,11.454887
2834,10.632724,11.664964
2835,8.871251,7.733083
2836,9.399006,8.765503
2837,9.359607,9.952217
2838,10.811243,11.611821
2839,10.789660,11.009178
2840,11.944048,10.906116
2841,11.621105,11.635003
2842,11.684661,10.307839
2843,9.772895,10.621646
2844,8.638373,8.114303
2845,9.290443,9.102233
2846,9.761169,9.949992
2847,11.086809,11.207365
2848,11.415318,11.524636
2849,12.139156,11.475887
2850,11.605377,11.897358
2851,12.135111,11.084723
2852,10.596256,11.677114
2853,8.360551,8.017088
2854,9.142746,9.142791
2855,9.261890,9.824244
2856,10.864244,11.332890
2857,10.562940,10.879830
2858,11.749873,11.639269
2859,11.647519,11.501892
2860,11.779236,10.762781
2861,9.652186,10.307592
2862,8.497263,7.611629
2863,9.343186,8.712954
2864,9.801725,9.778605
2865,11.386294,11.410813
2866,11.441198,11.640711
2867,12.115260,11.528993
2868,11.682423,11.753243
2869,12.266855,11.576702
2870,10.679603,11.805938
2871,8.470574,7.919963
2872,9.146813,8.721919
2873,9.261047,9.719532
2874,11.431121,11.508256
2875,10.785400,11.206272
2876,11.920271,11.294096
2877,11.376995,11.725101
2878,11.627842,10.795563
2879,9.696627,10.694750
0,6.548884,7.658192
1,7.642613,8.410706
2,8.100480,8.312750
3,9.595444,10.492944
4,10.259557,11.353112
5,11.299852,10.804786
6,11.328315,11.843640
7,11.508778,11.473418
8,9.801307,11.371510
9,6.649521,7.537498
10,7.274198,8.055972
11,7.631399,7.723928
12,9.439336,10.490976
13,9.338513,10.835558
14,10.672793,10.184534
15,10.521166,11.556284
16,10.798777,11.340678
17,8.660966,10.576237
18,6.637428,7.123500
19,7.437243,7.224906
20,8.092285,7.869215
21,9.749872,10.869831
22,10.473785,10.882919
23,11.269661,10.390584
24,11.130439,11.807083
25,11.297537,11.111683
26,9.790415,11.175196
27,6.625197,7.247275
28,7.059750,7.954706
29,7.693800,7.683936
30,9.618723,10.994399
31,9.491176,10.287082
32,10.777071,9.952774
33,10.689093,11.536374
34,10.755680,11.014404
35,8.634730,10.598775
36,7.014446,7.670549
37,8.421896,8.567388
38,9.080783,8.437849
39,11.158369,11.220732
40,11.447895,11.530007
41,12.668978,11.023772
42,12.588353,11.967018
43,12.768017,11.652272
44,11.314333,11.605744
45,7.224778,7.403897
46,8.274187,8.416842
47,8.561307,8.290704
48,10.335980,11.165310
49,10.685638,11.135844
50,12.163777,10.565135
51,11.888550,11.928137
52,12.247290,11.651151
53,9.839072,11.366146
54,7.393827,7.283478
55,8.109274,8.512589
56,9.100076,8.081570
57,11.103928,10.964084
58,11.247478,11.685660
59,12.690639,10.738624
60,12.207135,11.876411
61,12.590771,11.648283
62,11.275767,11.481550
63,6.893900,7.236845
64,8.087925,8.360925
65,8.596801,8.213888
66,10.627584,11.049776
67,10.706057,10.890362
68,12.147187,10.225492
69,11.760056,11.900977
70,11.978800,11.595126
71,9.862255,11.278210
72,7.001044,7.562613
73,8.264133,8.376824
74,8.908717,8.362328
75,11.106312,11.019236
76,11.065703,11.386989
77,12.682910,11.044581
78,11.757112,12.028083
79,12.287697,11.700394
80,11.072758,11.859906
81,6.846085,7.461202
82,8.153981,8.540274
83,8.534811,8.285227
84,10.455290,11.369555
85,10.072798,11.082861
86,12.182386,10.478026
87,11.739291,12.017038
88,11.491102,11.670717
89,9.750259,10.958714
90,7.138999,6.992356
91,8.246609,8.119834
92,9.024246,8.087675
93,10.772993,11.011253
94,11.193208,11.597239
95,12.567859,10.733015
96,12.156335,11.861738
97,12.577447,11.602242
98,11.078874,11.406783
99,6.874943,7.437245
100,7.891176,8.167578
101,8.660874,8.049208
102,10.621510,10.838168
103,10.311663,10.894443
104,12.196898,10.268184
105,11.364392,11.769663
106,11.753377,11.246185
107,9.747460,10.436008
108,7.006950,7.297997
109,8.329243,8.558336
110,9.057058,9.365388
111,10.538099,10.991340
112,11.044018,11.694458
113,12.575619,11.785946
114,11.358120,11.751208
115,11.979896,11.505877
116,10.980420,11.753416
117,7.125152,7.490349
118,8.248548,8.633684
119,8.575079,9.067359
120,10.194901,10.796899
121,10.238242,11.355640
122,11.953594,11.704065
123,10.954619,11.474370
124,11.495880,11.605268
125,9.740376,11.175554
126,7.444455,7.077078
127,8.515429,8.030112
128,9.073457,9.174095
129,10.502365,11.110370
130,11.331626,11.312075
131,12.584059,11.424536
132,11.472045,11.546540
133,12.205663,11.366495
134,11.028890,11.326281
135,7.234855,6.881420
136,8.105181,8.127323
137,8.688663,8.834600
138,10.264769,11.112608
139,10.122548,10.680416
140,12.181885,11.836640
141,10.943509,11.564788
142,11.904325,11.224074
143,9.752028,11.000860
144,6.962493,7.254659
145,8.197591,8.541091
146,8.970505,9.253324
147,10.502197,11.006253
148,11.019188,11.437834
149,12.386556,12.107215
150,11.386113,11.904192
151,12.312416,11.300428
152,10.825782,11.889592
153,7.356561,7.326642
154,7.857472,8.434336
155,8.570696,9.158871
156,10.186155,10.878227
157,10.174493,11.037007
158,11.942318,11.219899
159,10.930167,11.356102
160,11.792961,11.407660
161,9.697885,11.011868
162,7.018335,6.989272
163,8.385637,8.367817
164,9.055296,9.098825
165,10.471325,10.916154
166,11.072759,11.692060
167,12.592629,11.384567
168,11.370822,11.700631
169,12.067286,11.223323
170,10.818329,11.555131
171,7.146695,6.879580
172,8.124960,8.277111
173,8.625776,9.051693
174,10.051507,10.874129
175,10.171932,10.962387
176,12.022122,11.534237
177,10.874642,11.082489
178,11.431265,11.579921
179,9.647223,10.652527
180,8.110620,8.381258
181,8.658734,9.587511
182,9.170711,9.522678
183,11.185555,11.515079
184,10.806206,11.807253
185,11.435768,11.702132
186,12.138362,12.081330
187,11.957806,11.618760
188,9.926633,11.356576
189,7.792051,8.781768
190,8.572338,9.298444
191,8.760229,9.718867
192,10.682684,12.026917
193,10.034138,11.579630
194,11.038511,10.856853
195,11.404192,12.041298
196,11.317799,11.154312
197,8.994864,10.687155
198,7.814119,8.321200
199,8.604819,8.901630
200,9.138153,9.714038
201,10.984947,11.997175
202,11.254128,11.712217
203,11.686789,11.378647
204,12.055316,12.411278
205,12.156510,11.363996
206,9.912196,11.166835
207,7.997458,8.309467
208,8.481897,8.777791
209,8.572048,9.688705
210,10.710794,11.981926
211,10.367814,11.373568
212,11.087451,10.838990
213,11.313566,12.274809
214,11.318816,11.316952
215,8.874644,9.778698
216,9.354453,8.773234
217,9.922846,9.460018
218,10.004582,9.949800
219,12.787715,12.335994
220,12.055155,12.103934
221,12.734110,12.159885
222,13.712121,12.592913
223,12.960906,11.865827
224,11.034971,11.487381
225,9.325264,8.468519
226,9.823966,9.611094
227,9.428654,9.872705
228,12.410146,12.108388
229,11.221918,11.668330
230,12.112471,11.449902
231,12.928691,12.292029
232,12.352411,11.028610
233,9.852610,10.963731
234,9.409646,8.012464
235,9.723991,9.249089
236,10.053873,9.999896
237,12.719637,12.024566
238,11.972578,11.850347
239,12.708697,12.022921
240,13.536496,12.641657
241,13.358487,11.891649
242,11.060542,11.725084
243,8.772810,8.219651
244,9.563102,9.029408
245,9.445535,9.568411
246,12.497025,12.257312
247,11.437784,11.751185
248,12.106420,11.335013
249,12.915890,12.327926
250,12.236517,11.295466
251,9.832008,10.637384
252,8.665318,8.246997
253,9.559754,9.500029
254,9.860737,9.853867
255,12.556700,11.863832
256,11.994629,11.900990
257,12.403000,11.910524
258,13.077191,12.533911
259,12.922345,11.622936
260,10.879003,11.717873
261,9.092963,8.385835
262,9.604512,9.574704
263,9.234612,9.884508
264,12.042612,11.936683
265,11.195396,11.161201
266,11.956440,11.205766
267,12.606424,12.120995
268,12.132807,11.670292
269,9.801883,11.159636
270,8.567828,8.142204
271,9.591242,9.184442
272,9.822720,9.721531
273,12.601116,12.099619
274,11.953535,11.834645
275,12.531660,11.638073
276,13.197035,12.407983
277,12.881403,11.642196
278,10.847052,11.686753
279,8.645522,8.035666
280,9.674115,9.339756
281,9.332320,9.519401
282,12.227468,12.030816
283,11.242453,11.648951
284,11.953808,11.314247
285,12.643834,12.204928
286,12.108089,11.111612
287,9.842684,11.133968
288,8.813301,8.281379
289,9.434677,9.585909
290,10.169701,10.000568
291,11.455560,11.978559
292,11.472587,11.667870
293,12.292157,11.637902
294,11.715698,11.874774
295,12.291677,11.636783
296,10.780085,11.364191
297,8.570959,8.296612
298,9.401371,9.260730
299,9.319165,9.657695
300,10.916542,11.891915
301,11.072323,11.501577
302,11.937553,11.046324
303,11.508696,11.923235
304,11.740183,10.791646
305,9.785257,10.939671
306,8.719980,7.713761
307,9.408566,9.113446
308,9.811819,9.699953
309,11.328142,11.834825
310,11.680061,11.685030
311,12.448242,11.449499
312,12.152333,12.093206
313,12.460064,11.623310
314,10.866539,11.012909
315,8.763801,7.803586
316,9.449257,8.900135
317,9.394650,9.795131
318,11.259069,11.891232
319,10.909129,11.392932
320,11.997724,10.738340
321,11.403542,12.235224
322,11.803440,11.260585
323,9.723243,10.674493
324,8.676794,8.296219
325,9.632952,9.460203
326,10.023536,10.005104
327,11.306977,11.701353
328,11.292568,11.798837
329,12.254576,11.826184
330,11.811732,12.183170
331,12.436262,11.721687
332,10.684687,11.254867
333,8.325366,8.141383
334,9.257062,9.459018
335,9.369461,9.764574
336,11.276466,11.823182
337,10.681635,11.371357
338,12.009655,10.964995
339,11.715626,11.718208
340,12.020927,11.266167
341,9.830571,10.581882
342,8.633712,7.749603
343,9.370991,9.037008
344,9.899996,9.734789
345,11.460933,11.683523
346,11.536320,11.612376
347,12.326446,11.445273
348,11.982146,12.160789
349,12.199314,11.533417
350,10.794250,11.288273
351,8.282047,7.958130
352,9.066921,9.066905
353,9.303609,9.676809
354,11.159410,11.945037
355,10.864199,11.508595
356,12.008863,10.674313
357,11.638872,12.089026
358,11.827785,11.102932
359,9.802807,10.819391
360,8.053144,8.339254
361,8.827997,9.477607
362,9.164596,9.939906
363,11.178102,11.490380
364,11.022750,11.628194
365,11.576949,11.630957
366,11.844488,12.393003
367,12.036152,11.516921
368,9.903243,11.234703
369,7.848021,8.281973
370,8.528527,9.527387
371,8.680371,9.703939
372,10.293178,11.966232
373,10.409680,11.437099
374,11.050463,11.056606
375,11.714725,12.067259
376,11.269947,11.064194
377,8.932243,9.920504
378,7.973531,8.163810
379,8.683819,9.010530
380,9.117709,9.661836
381,11.141992,11.746150
382,11.054782,11.882620
383,11.549249,11.444720
384,12.050305,12.317707
385,12.048681,11.829059
386,10.030605,11.169226
387,7.895318,8.384087
388,8.751514,8.813758
389,8.612194,9.710449
390,10.713967,12.024674
391,10.196447,11.036067
392,11.085339,10.998752
393,11.333689,12.073124
394,11.347870,11.162137
395,8.950270,10.526973
396,9.082030,8.442640
397,10.071869,9.593607
398,9.930230,10.083286
399,13.442032,12.064280
400,12.191316,12.006638
401,12.766781,11.727995
402,13.656122,12.444381
403,13.130603,11.777043
404,11.022853,11.513230
405,8.957234,8.507283
406,9.622988,9.541256
407,9.353086,9.809521
408,12.290221,12.207723
409,11.122738,11.591298
410,12.165837,10.838471
411,12.966599,12.129781
412,12.243454,11.595587
413,9.876424,10.238348
414,9.550046,8.250535
415,9.677638,9.237326
416,10.058529,9.869342
417,13.004578,11.920650
418,12.294268,11.768589
419,12.773458,11.545943
420,13.453753,12.337753
421,13.312488,11.672267
422,11.032938,11.401570
423,9.295485,8.178175
424,9.634791,9.037064
425,9.452973,9.579248
426,12.375583,12.061452
427,11.434074,11.489827
428,12.190870,11.088762
429,12.954583,12.225504
430,12.170792,11.471270
431,9.841954,10.759917
432,8.630716,8.278404
433,9.707204,9.463719
434,9.809906,10.186634
435,12.183990,12.029530
436,12.043583,11.864982
437,12.536406,12.076012
438,13.349131,12.839023
439,13.036008,11.946773
440,10.835249,11.689697
441,9.112337,8.292853
442,9.372470,9.419477
443,9.299245,9.765499
444,11.810361,11.840237
445,11.132518,11.641573
446,12.013217,11.621797
447,12.825266,12.128491
448,12.048025,11.235885
449,9.734394,10.865870
450,8.781528,8.044353
451,9.406039,9.317782
452,9.814715,9.871285
453,12.633286,11.943660
454,11.862354,11.901070
455,12.603848,11.933927
456,12.973951,12.398332
457,13.004274,11.446955
458,10.873637,11.707603
459,8.882846,8.060658
460,9.214341,9.004181
461,9.342177,9.773604
462,11.820507,11.845933
463,11.278944,11.455135
464,11.955299,10.470439
465,12.537056,12.149658
466,11.960629,11.346301
467,9.805880,10.652617
468,8.684576,8.103316
469,9.456800,9.252012
470,9.820204,10.109460
471,11.462584,11.956652
472,11.634551,11.976085
473,12.273186,11.610561
474,11.981209,12.184408
475,12.421985,11.335530
476,10.703251,11.584037
477,8.428543,8.354588
478,9.270199,9.572424
479,9.372181,9.773006
480,11.062480,11.913906
481,10.691778,11.309397
482,11.989213,11.144294
483,11.485128,11.971437
484,11.736464,11.400244
485,9.749879,10.686871
486,8.959576,7.896412
487,9.469427,9.002037
488,10.013330,9.922832
489,11.622515,11.882445
490,11.510292,11.710116
491,12.363805,11.840388
492,11.986240,12.082191
493,12.354764,11.726437
494,10.824355,11.462570
495,8.720101,8.026806
496,9.326790,9.148872
497,9.380804,9.467122
498,11.092253,11.697506
499,10.767621,11.232063
500,12.065327,11.068575
501,11.414383,12.109397
502,11.823696,10.665219
503,9.744283,11.103786
504,8.394026,8.244935
505,9.528717,9.619655
506,9.814001,9.932703
507,11.682235,11.851075
508,11.512262,11.670984
509,12.171013,11.651251
510,11.647346,11.962862
511,12.115965,11.676609
512,10.626384,11.514190
513,8.754123,8.528397
514,9.400615,9.377811
515,9.343575,9.734644
516,10.996904,11.611554
517,11.040573,11.488268
518,11.908756,10.940624
519,11.260978,11.528605
520,11.921555,10.824762
521,9.728873,10.708766
522,8.552970,8.125553
523,9.638898,9.050278
524,9.891503,9.616731
525,11.466813,11.807116
526,11.484218,11.862671
527,12.199713,11.692999
528,11.722294,12.158862
529,12.204445,11.375799
530,10.717295,11.196905
531,8.572931,7.960184
532,9.286077,8.955945
533,9.303674,9.656400
534,11.116611,11.712418
535,10.793881,11.579187
536,11.957668,10.977314
537,11.544563,12.123567
538,11.655674,10.963725
539,9.734655,10.539641
540,8.034879,8.544621
541,8.918580,9.323768
542,9.215468,9.863235
543,11.248212,11.859365
544,11.033295,11.934505
545,11.463654,11.536827
546,12.158488,12.277256
547,11.914996,11.361389
548,9.856694,11.453497
549,7.956213,8.454434
550,8.591050,9.562014
551,8.712081,9.952254
552,10.550556,12.018543
553,10.351205,11.301785
554,11.089679,10.846076
555,11.196555,12.084454
556,11.137567,11.397295
557,8.915861,10.666167
558,7.934835,8.130463
559,8.828480,9.028221
560,9.130676,9.627350
561,11.340035,11.850700
562,11.107351,11.956618
563,11.672473,11.536255
564,12.221127,12.307928
565,12.082220,11.518116
566,9.950896,11.143012
567,8.014700,8.072124
568,8.620358,9.137648
569,8.491414,9.144492
570,10.493470,12.199015
571,10.211125,11.507636
572,11.112963,10.794419
573,11.484280,12.197615
574,11.482277,10.970987
575,8.950048,10.665677
576,9.184370,8.798436
577,9.588312,9.462654
578,10.073833,10.119696
579,12.557107,12.092187
580,12.164959,12.072216
581,12.769641,11.825034
582,13.587786,12.472775
583,13.327899,11.902656
584,11.038674,11.540293
585,8.876496,8.366983
586,9.719471,9.406742
587,9.453124,9.824962
588,12.274727,11.925231
589,11.218344,11.917870
590,12.155370,10.807539
591,12.938919,12.108378
592,12.430948,10.946706
593,9.877315,10.666810
594,9.171918,7.922283
595,9.874640,9.134244
596,10.003761,9.835143
597,12.872633,12.028476
598,12.182869,12.243179
599,12.751774,11.743221
600,13.670453,12.590459
601,13.095726,11.553836
602,11.062169,11.561126
603,9.163177,8.309332
604,9.496252,9.177678
605,9.396307,9.686790
606,12.493540,12.380161
607,11.432382,11.819074
608,12.048989,10.900506
609,12.981148,12.461364
610,12.560929,11.805770
611,9.871565,10.936325
612,8.840228,8.217296
613,9.686765,9.424998
614,9.765123,10.004976
615,12.379217,11.874741
616,11.993019,11.832418
617,12.703720,11.927813
618,12.983155,12.597976
619,13.148867,12.456764
620,10.867429,11.602568
621,8.835056,8.029886
622,9.272749,9.359165
623,9.274297,10.027785
624,11.670569,11.946381
625,11.045298,11.688398
626,11.977319,11.074122
627,12.641221,12.071851
628,12.143401,11.364360
629,9.835961,10.338661
630,8.811792,7.977340
631,9.849517,9.201603
632,9.856289,9.821372
633,12.522583,12.090101
634,11.776875,12.090049
635,12.752814,11.672416
636,13.080080,12.583447
637,12.811283,11.710823
638,10.927408,11.501470
639,8.845558,8.128521
640,9.416703,9.425809
641,9.314888,9.504375
642,11.946348,12.147626
643,11.290577,11.536728
644,12.032427,11.054312
645,12.972502,12.459678
646,12.064178,11.036127
647,9.849517,10.925741
648,8.702250,8.108745
649,9.582230,9.582507
650,9.848047,10.009125
651,11.376287,11.737881
652,11.611677,11.831304
653,12.345481,11.660668
654,11.986131,11.978050
655,12.235062,11.439885
656,10.861908,10.980625
657,8.724984,8.283358
658,9.490800,9.378428
659,9.327681,9.887729
660,11.160347,11.511418
661,10.950870,11.659688
662,12.088621,11.075980
663,11.679000,12.053376
664,11.789117,11.578382
665,9.809019,10.732162
666,8.733512,8.160294
667,9.479078,9.014631
668,9.987061,9.767609
669,11.346635,11.851299
670,11.620533,11.642088
671,12.277246,11.541259
672,12.106733,12.157163
673,12.232805,11.446626
674,10.826577,11.422636
675,8.913270,7.789059
676,9.117292,9.050155
677,9.344603,9.816477
678,11.220015,11.775650
679,10.940495,11.400723
680,12.000089,10.188392
681,11.325541,11.954155
682,12.106955,11.283092
683,9.807193,11.046052
684,8.455984,8.209272
685,9.301771,9.520809
686,10.063796,9.911278
687,11.390728,11.768094
688,11.423369,11.858371
689,12.232051,11.699331
690,11.770850,12.097043
691,12.307936,11.188654
692,10.658246,11.600155
693,8.432071,8.069737
694,9.407420,9.438771
695,9.262894,9.936133
696,11.149993,11.420061
697,10.714037,11.222246
698,11.926154,10.827723
699,11.507998,11.787501
700,11.816046,11.077049
701,9.801291,10.336427
702,8.505497,7.835432
703,9.395551,9.146863
704,9.882765,9.690702
705,11.218403,11.714902
706,11.532354,11.758597
707,12.271360,11.560679
708,11.798634,12.232127
709,12.098013,11.835777
710,10.658654,11.268434
711,8.440370,7.842437
712,9.304255,8.871441
713,9.349584,9.708280
714,10.983278,11.427253
715,10.814659,11.513844
716,11.924609,10.714853
717,11.467466,11.963046
718,11.791029,10.771834
719,9.739984,10.936631
720,6.267504,7.484671
721,7.303736,7.243555
722,8.083975,8.053924
723,9.531668,10.785770
724,10.126576,10.341206
725,11.258417,10.397849
726,10.799771,11.669081
727,11.508226,10.859275
728,9.776349,10.985431
729,6.541996,7.632103
730,7.092253,8.309650
731,7.580440,7.903999
732,9.365614,11.070323
733,9.632894,10.291528
734,10.569593,9.860008
735,10.313563,11.272189
736,10.672037,10.948166
737,8.640080,10.314167
738,6.406305,6.849910
739,7.334944,7.085553
740,8.072247,7.563115
741,9.677872,10.547710
742,10.192971,10.181244
743,11.337347,10.072025
744,11.119622,11.576180
745,11.340273,10.890039
746,9.897694,10.441529
747,6.375340,6.709120
748,7.530702,7.854115
749,7.573466,7.754126
750,9.531919,11.140865
751,9.450859,10.259679
752,10.629979,9.695815
753,10.687551,11.476574
754,10.477868,10.733073
755,8.642063,10.042464
756,7.389827,7.298324
757,8.408841,8.436981
758,9.083947,8.128899
759,11.039511,11.281797
760,11.566498,11.429318
761,12.735972,10.567949
762,12.294087,11.707159
763,12.519325,12.005955
764,11.266437,11.024451
765,7.204834,7.500065
766,8.077560,8.563107
767,8.643581,8.008877
768,10.561419,11.179053
769,10.270992,11.308633
770,12.125187,10.073133
771,11.745635,11.782983
772,11.814898,11.766577
773,9.797963,10.358801
774,7.051836,7.318358
775,8.406984,8.225487
776,8.932634,7.849783
777,11.205144,11.254032
778,11.575178,11.436958
779,12.804489,10.427724
780,12.374021,12.003378
781,12.483912,11.513348
782,11.100931,11.091473
783,7.467188,7.219932
784,8.375101,8.392715
785,8.689214,7.764937
786,10.726568,11.138045
787,10.513577,11.035301
788,12.205286,9.995344
789,11.500751,11.713325
790,12.232403,11.401949
791,9.829781,10.153419
792,6.880388,7.504556
793,8.096302,8.801120
794,8.992563,8.410132
795,10.814161,11.339339
796,11.004408,11.455847
797,12.605442,10.571626
798,11.786138,11.960806
799,12.564212,11.432851
800,11.058112,11.425633
801,7.097160,7.495532
802,8.044896,8.977897
803,8.568811,7.974389
804,10.193710,11.354264
805,10.454465,11.436879
806,12.138423,10.090178
807,11.431909,11.758621
808,11.949005,11.850707
809,9.757723,10.603103
810,7.230453,7.297453
811,8.140612,8.406018
812,9.085648,8.040071
813,11.268853,11.409952
814,11.307419,11.270615
815,12.731506,10.344911
816,12.367974,11.875043
817,12.639221,12.082285
818,11.081538,11.179568
819,7.033988,7.192903
820,8.214933,8.341856
821,8.437593,7.965096
822,10.376328,11.457744
823,10.317478,11.205452
824,12.139229,9.787214
825,11.530405,11.771607
826,11.954583,11.747842
827,9.754291,10.422847
828,6.848372,7.633698
829,8.224257,8.834550
830,9.032521,8.721708
831,10.452829,11.142331
832,11.027178,11.391829
833,12.588095,11.198309
834,11.408876,11.696907
835,12.267934,11.788260
836,10.965672,11.246966
837,7.279489,7.491401
838,8.104712,8.836164
839,8.595256,8.811040
840,10.195148,11.084954
841,10.170300,11.095603
842,12.028140,10.966142
843,11.039257,11.593547
844,11.778708,11.305635
845,9.744733,10.888137
846,7.117838,7.085795
847,8.182959,8.528890
848,9.127380,8.270643
849,10.489625,11.054632
850,11.138526,11.215118
851,12.492321,10.843709
852,11.310820,11.752936
853,12.262684,11.679049
854,10.966257,11.232985
855,7.269875,6.979845
856,8.176178,8.737679
857,8.619774,8.414806
858,10.149982,11.199641
859,10.397013,11.211702
860,12.168003,10.740066
861,10.883918,11.344277
862,11.322517,11.340466
863,9.672955,10.751420
864,6.913519,7.532631
865,8.158803,8.796130
866,8.979815,9.041927
867,10.408932,11.075579
868,10.986270,11.653057
869,12.330112,10.969863
870,11.289629,11.808953
871,12.020487,11.847626
872,10.868822,11.238385
873,7.036528,7.449267
874,8.080202,8.745703
875,8.506664,8.682245
876,9.948164,11.105510
877,10.186915,11.190330
878,12.043323,10.774416
879,10.635077,11.425411
880,11.580296,11.492398
881,9.759993,10.835514
882,7.383121,7.261572
883,8.201304,8.669256
884,9.001789,8.427139
885,10.215670,11.145582
886,10.963839,11.252196
887,12.403470,10.818949
888,11.063329,11.967448
889,11.874785,11.683967
890,10.774406,11.140604
891,7.166852,6.942871
892,8.143486,8.398350
893,8.501912,8.442843
894,10.086803,11.232045
895,10.246922,11.302400
896,11.985935,10.444825
897,10.835285,11.528334
898,11.367383,11.100899
899,9.676227,10.589191
900,8.087892,8.692093
901,8.843619,9.749577
902,9.072576,10.125071
903,11.048278,12.007217
904,10.946765,11.761103
905,11.411494,11.737169
906,11.916292,12.284840
907,11.747398,11.695481
908,9.853831,11.451204
909,8.118471,8.484569
910,8.597268,9.521189
911,8.725742,9.425585
912,10.645071,11.933916
913,10.348490,11.398664
914,10.984375,11.082585
915,11.277509,12.134341
916,11.230660,11.008615
917,8.889861,10.851665
918,7.683962,8.296990
919,8.663795,9.142753
920,9.153320,9.949242
921,10.996048,12.065647
922,10.903080,11.720007
923,11.559500,11.624656
924,11.967848,12.479586
925,11.986317,11.689921
926,10.001482,11.172600
927,7.605725,8.406922
928,8.673068,9.001060
929,8.455656,9.908836
930,10.578709,12.109932
931,10.320858,11.461799
932,11.027878,10.984010
933,11.531228,12.064625
934,11.283447,11.411757
935,8.875587,10.779768
936,9.262650,8.683443
937,9.953389,9.844359
938,10.014915,10.187507
939,13.204526,12.018847
940,12.207140,11.994009
941,12.614951,11.949116
942,13.171042,12.838981
943,13.175248,11.826270
944,11.039839,11.496469
945,8.927742,8.782678
946,9.628897,9.617301
947,9.458315,9.948581
948,12.545631,12.263461
949,11.368003,11.428128
950,12.032701,11.630593
951,13.092227,12.207860
952,12.200209,11.119961
953,9.854697,10.419553
954,9.141167,8.418448
955,9.757381,9.590483
956,10.057758,10.152495
957,12.609461,12.129639
958,12.364102,12.071829
959,12.865542,11.975756
960,13.590426,12.876045
961,13.193018,11.909726
962,11.029726,11.122639
963,9.139870,8.352510
964,9.828034,9.594921
965,9.492451,10.136312
966,12.444654,12.310212
967,10.912712,11.777105
968,12.113195,10.988321
969,13.013021,12.284490
970,12.246737,11.287233
971,9.890532,10.412673
972,8.833419,8.592910
973,9.599108,9.529347
974,9.833310,10.260422
975,12.313167,12.035950
976,11.861430,12.015297
977,12.574636,11.954941
978,13.119525,12.439815
979,13.055273,11.989151
980,10.854000,11.498680
981,8.794638,8.505243
982,9.371022,9.777987
983,9.269850,10.073840
984,11.965541,12.052276
985,10.891352,11.562879
986,11.976596,11.257324
987,12.413116,11.980336
988,11.963890,11.238617
989,9.775972,10.717392
990,8.750010,8.102554
991,9.281809,9.381196
992,9.900679,9.946032
993,12.125443,12.120725
994,12.108778,12.196565
995,12.754965,11.741957
996,12.901765,12.783430
997,13.155590,11.651298
998,10.913792,11.085334
999,9.017241,8.141443
1000,9.341493,9.511719
1001,9.330842,10.104285
1002,12.061280,12.150792
1003,11.053160,11.736740
1004,11.951795,11.024754
1005,12.535591,12.053153
1006,12.257444,11.649610
1007,9.838930,10.943049
1008,8.509468,8.497671
1009,9.609591,9.779225
1010,9.876136,10.307495
1011,11.382053,11.865820
1012,11.560769,12.059941
1013,12.182386,11.966061
1014,12.146726,12.054865
1015,12.287082,11.764823
1016,10.774032,11.272258
1017,8.520291,8.351929
1018,9.247121,9.666040
1019,9.356167,10.172333
1020,11.284197,11.910276
1021,10.654068,11.536584
1022,11.886656,11.189657
1023,11.573649,11.759562
1024,11.997123,10.865205
1025,9.724306,10.873300
1026,8.549389,8.164457
1027,9.547748,9.585793
1028,9.844081,10.245819
1029,11.353540,11.809742
1030,11.708187,11.878357
1031,12.296478,11.588625
1032,12.018026,12.201481
1033,12.223618,11.970675
1034,10.703401,10.924687
1035,8.932400,7.954987
1036,9.272459,9.175441
1037,9.445845,9.960427
1038,11.187941,11.865557
1039,10.830599,11.488461
1040,11.933395,11.044393
1041,11.365835,12.015450
1042,11.748493,11.301552
1043,9.702516,10.344761
1044,8.512520,8.426852
1045,9.389868,9.725406
1046,10.227968,10.337284
1047,11.416974,11.764793
1048,11.410884,11.797053
1049,12.246897,11.645240
1050,11.668978,12.368718
1051,12.307149,11.484304
1052,10.630237,11.321206
1053,8.725111,8.365395
1054,9.424109,9.617240
1055,9.276726,10.124449
1056,10.975878,11.882016
1057,10.833872,11.325672
1058,11.955434,11.248459
1059,11.600960,11.905363
1060,11.618567,11.354042
1061,9.806766,10.347205
1062,8.493660,8.125437
1063,9.372340,9.261526
1064,9.884383,10.202799
1065,11.360408,11.817105
1066,11.727410,11.780984
1067,12.310326,11.650053
1068,11.902723,12.294559
1069,12.230522,11.711720
1070,10.724718,11.121661
1071,8.543468,8.151033
1072,9.214391,9.332340
1073,9.284681,10.056459
1074,11.003805,11.818055
1075,10.676899,11.592377
1076,11.985265,11.135410
1077,11.373472,11.775478
1078,11.900092,11.258185
1079,9.743902,10.669677
1080,7.838201,8.801811
1081,8.616611,9.655310
1082,9.234672,10.360434
1083,11.152946,11.898097
1084,10.964952,11.459472
1085,11.570614,11.915992
1086,11.831664,12.165317
1087,11.877404,11.946074
1088,9.825115,10.471344
1089,7.758923,8.669531
1090,8.744074,9.248824
1091,8.737430,10.009029
1092,10.644238,12.082748
1093,10.367118,11.592472
1094,10.996323,10.996380
1095,11.431331,12.009465
1096,11.139137,11.241962
1097,8.934736,10.449801
1098,7.952336,8.236607
1099,8.859194,9.261595
1100,9.067022,10.000570
1101,11.105593,12.108712
1102,11.049383,11.724409
1103,11.623114,11.510707
1104,12.226387,12.519691
1105,12.193041,11.766390
1106,9.994101,11.213280
1107,7.831797,8.240130
1108,8.492864,9.018581
1109,8.586735,9.302257
1110,10.643864,12.082962
1111,10.567442,11.460148
1112,11.065512,11.090981
1113,11.790136,12.054498
1114,11.291157,11.246235
1115,8.914228,10.663943
1116,9.371057,8.491874
1117,9.929033,9.562237
1118,10.054600,10.216958
1119,13.011646,11.997204
1120,12.116930,12.259043
1121,12.784434,11.830820
1122,13.384461,12.484492
1123,13.189228,11.679688
1124,11.034365,11.375566
1125,9.399847,8.685538
1126,9.805048,9.807584
1127,9.436894,10.185933
1128,12.077120,12.018964
1129,11.289610,11.355003
1130,12.013237,11.213195
1131,12.874137,12.112479
1132,12.219401,11.234249
1133,9.839476,10.882866
1134,9.595881,8.388355
1135,9.859817,9.661547
1136,10.002760,10.157789
1137,13.207768,12.273088
1138,12.234360,12.196936
1139,12.558968,11.894072
1140,13.628019,12.699707
1141,13.187811,11.840602
1142,11.076121,11.478887
1143,9.235533,8.257726
1144,9.317666,9.485666
1145,9.392785,9.784468
1146,12.186628,12.441175
1147,11.229027,11.696611
1148,12.044793,11.602447
1149,13.114706,12.358351
1150,12.366394,11.428078
1151,9.848639,10.669787
1152,8.987805,8.558013
1153,9.504599,9.719084
1154,9.808238,10.025001
1155,12.553467,11.737590
1156,11.994358,11.939618
1157,12.598703,11.885548
1158,13.083714,12.649298
1159,12.971520,11.905170
1160,10.925660,11.404764
1161,8.839996,8.615283
1162,9.369010,9.550722
1163,9.280487,10.273088
1164,12.136756,11.944360
1165,11.108820,11.625284
1166,11.898347,11.353239
1167,12.765718,11.922324
1168,12.115099,11.035177
1169,9.684515,10.947419
1170,9.268404,8.317723
1171,9.492541,9.686886
1172,9.864867,10.070382
1173,12.575516,12.095016
1174,11.992674,11.890416
1175,12.765951,11.670074
1176,12.909198,12.362705
1177,12.998322,11.901579
1178,10.746389,11.436207
1179,8.637010,8.272902
1180,9.301522,9.551132
1181,9.275616,9.882984
1182,12.264086,12.297928
1183,11.189196,11.624761
1184,11.904907,11.134782
1185,12.581846,11.863437
1186,12.007665,10.951274
1187,9.830974,10.453741
1188,8.624186,8.521373
1189,9.544906,9.853341
1190,10.000937,10.368272
1191,11.488256,11.833222
1192,11.519251,12.044798
1193,12.245797,11.698548
1194,11.846579,12.035038
1195,12.406479,11.584829
1196,10.721582,11.268846
1197,8.358945,8.507673
1198,9.314348,9.735531
1199,9.304238,10.046448
1200,11.185952,11.742052
1201,10.820918,11.149287
1202,12.006865,10.878644
1203,11.548892,11.579036
1204,11.736588,11.186838
1205,9.769317,10.829632
1206,8.555876,8.240881
1207,9.365868,9.546348
1208,9.857019,9.957066
1209,11.314198,12.000160
1210,11.708591,11.916099
1211,12.303459,11.736373
1212,12.114304,12.130668
1213,12.316902,11.551672
1214,10.802508,10.677455
1215,8.708537,7.985309
1216,9.168413,9.432985
1217,9.374832,10.028474
1218,11.439854,11.909093
1219,11.091953,11.598948
1220,11.975183,10.858390
1221,11.492887,11.933389
1222,12.055717,11.321657
1223,9.815502,10.147091
1224,8.476022,8.435002
1225,9.507257,9.540025
1226,10.198841,10.404549
1227,11.410286,11.921862
1228,11.595572,11.844839
1229,12.280250,11.645664
1230,11.766428,12.017419
1231,12.141314,11.864899
1232,10.638758,11.215076
1233,8.532873,8.454916
1234,9.273430,9.497052
1235,9.281677,9.992264
1236,11.308851,11.940645
1237,10.718738,11.642006
1238,11.900129,11.042647
1239,11.240896,11.552012
1240,11.730995,11.086657
1241,9.751297,10.432058
1242,8.338219,8.113568
1243,9.268026,9.469721
1244,9.759562,10.144873
1245,11.349512,11.915255
1246,11.665056,11.703016
1247,12.223420,11.521255
1248,11.933175,11.896262
1249,12.229186,11.478157
1250,10.750164,11.196733
1251,8.552815,7.915110
1252,9.223699,9.284112
1253,9.312344,9.756046
1254,11.088487,11.873996
1255,10.799747,11.182611
1256,11.929578,10.828341
1257,11.756783,11.763022
1258,11.751123,11.058801
1259,9.760843,10.633744
1260,7.989932,8.794582
1261,8.747630,9.235464
1262,9.164170,10.062094
1263,11.199594,11.854465
1264,10.940629,11.527201
1265,11.380322,11.541359
1266,12.023066,12.251652
1267,12.054611,11.472780
1268,9.787029,11.378567
1269,7.977561,8.557072
1270,8.322993,9.020430
1271,8.686422,9.863539
1272,10.448962,11.978565
1273,10.372797,11.570345
1274,11.019044,11.124876
1275,11.429708,11.871716
1276,11.310337,11.122084
1277,8.893259,10.670336
1278,7.961531,8.145995
1279,8.684895,9.262423
1280,9.145939,9.842222
1281,11.226538,12.060231
1282,11.174827,11.922873
1283,11.564487,11.417874
1284,12.091835,12.432721
1285,12.160231,11.698205
1286,9.986619,11.071591
1287,7.948703,8.219138
1288,8.346073,9.343255
1289,8.592505,9.908192
1290,10.491583,11.982759
1291,10.440282,11.485575
1292,11.113257,10.943639
1293,11.783819,12.307096
1294,11.221430,11.327287
1295,8.915627,10.542169
1296,9.072074,8.615529
1297,10.103001,9.766467
1298,10.035743,10.127881
1299,12.728463,11.756119
1300,12.084588,12.000993
1301,12.967150,11.725681
1302,13.347426,12.423239
1303,13.328609,11.593379
1304,11.031093,11.278543
1305,9.389669,8.520506
1306,9.673010,9.431631
1307,9.369452,10.031799
1308,12.447956,12.002905
1309,11.149597,11.531813
1310,12.035757,11.075421
1311,13.031360,11.882043
1312,12.133740,10.988828
1313,9.863327,10.919339
1314,9.555367,8.167947
1315,9.994899,9.850812
1316,9.968287,10.122610
1317,12.934781,12.042338
1318,12.086569,12.017103
1319,12.747283,11.622948
1320,13.626885,12.983121
1321,13.206468,12.050277
1322,11.038692,11.585212
1323,9.181667,8.269595
1324,9.759138,9.586962
1325,9.431821,10.001021
1326,12.347288,12.307443
1327,11.208802,11.457837
1328,12.040960,11.088988
1329,13.090927,12.419477
1330,12.435689,11.451305
1331,9.868830,10.647367
1332,9.011467,8.466883
1333,9.485756,9.709335
1334,9.805274,10.091711
1335,12.500457,11.792987
1336,12.074850,11.955357
1337,12.602458,11.784392
1338,13.104504,12.418788
1339,12.834989,11.883800
1340,10.879456,11.557078
1341,8.807839,8.476354
1342,9.520074,9.556254
1343,9.259731,9.949389
1344,11.905281,11.736434
1345,11.157640,11.584849
1346,11.994863,11.087758
1347,12.284783,11.949868
1348,12.059042,11.196436
1349,9.724987,10.827837
1350,8.819068,8.041409
1351,9.429307,9.355293
1352,9.818724,9.996657
1353,12.298144,11.901541
1354,11.947508,12.070475
1355,12.683941,11.690036
1356,13.316425,12.451296
1357,13.009071,11.759111
1358,10.850705,11.027884
1359,8.795905,8.374668
1360,9.524324,9.281186
1361,9.313020,9.597555
1362,12.203968,11.908932
1363,11.169369,11.448950
1364,11.958422,10.934196
1365,12.751400,12.329746
1366,12.124820,11.633080
1367,9.793896,10.778817
1368,8.486198,8.481539
1369,9.315135,9.496407
1370,9.857582,10.292051
1371,11.279703,11.615621
1372,11.672278,11.882597
1373,12.309534,11.987326
1374,12.047859,11.906238
1375,12.367846,11.671980
1376,10.799276,11.482314
1377,8.653248,8.445712
1378,9.162009,9.195849
1379,9.371469,10.119211
1380,11.309482,11.751646
1381,10.843836,11.522336
1382,11.984303,10.937464
1383,11.546822,11.704861
1384,11.844345,11.193232
1385,9.746135,10.693001
1386,8.778056,8.437683
1387,9.314127,9.447420
1388,9.920532,10.040298
1389,11.387721,11.742188
1390,11.732345,11.869083
1391,12.272814,11.814322
1392,12.094745,12.187611
1393,12.349695,11.476542
1394,10.753136,11.027260
1395,8.697470,7.888953
1396,9.239870,9.171422
1397,9.362124,9.912427
1398,11.111736,11.671277
1399,10.914288,11.395912
1400,11.996970,11.114794
1401,11.796237,11.889790
1402,11.821352,11.198517
1403,9.758290,10.725953
1404,8.595416,8.309078
1405,9.407449,9.470121
1406,9.818237,10.111286
1407,11.318796,11.565096
1408,11.379984,11.720069
1409,12.269912,11.645731
1410,11.974005,11.943718
1411,11.937620,11.574837
1412,10.721622,10.991313
1413,8.571561,8.211922
1414,9.099421,9.444898
1415,9.367889,10.024864
1416,11.298560,11.581299
1417,10.702456,11.066866
1418,11.968769,10.881953
1419,11.231080,11.499568
1420,11.803669,11.057919
1421,9.707450,10.943667
1422,8.505971,8.043542
1423,9.276132,9.185145
1424,9.839251,9.915659
1425,11.307636,11.819798
1426,11.532848,11.981148
1427,12.234255,11.748938
1428,11.894101,12.149023
1429,12.135320,11.544910
1430,10.626427,11.191571
1431,8.704172,7.919807
1432,9.161951,9.181584
1433,9.302374,9.634525
1434,11.141853,11.845599
1435,11.014612,11.285643
1436,11.936368,10.869254
1437,11.773731,11.905180
1438,11.779637,10.757878
1439,9.668757,10.733539
1440,6.380093,7.206917
1441,7.542078,7.907606
1442,8.103491,7.983730
1443,9.576582,10.528349
1444,10.357468,11.341876
1445,11.252624,10.652740
1446,10.589663,11.537219
1447,11.340868,10.982083
1448,9.770824,11.323924
1449,5.989294,7.398911
1450,7.387515,8.055572
1451,7.637198,7.781440
1452,9.315680,10.255064
1453,9.305720,10.407585
1454,10.820286,10.137793
1455,10.620278,11.264061
1456,10.607065,10.829837
1457,8.605964,10.314601
1458,6.483868,7.053853
1459,7.596113,7.144127
1460,7.942338,7.542028
1461,9.882668,10.524308
1462,10.214859,10.748427
1463,11.229592,10.039428
1464,11.027242,11.438341
1465,11.490499,10.836119
1466,9.733782,10.840676
1467,6.267460,6.891851
1468,7.537098,7.930574
1469,7.635903,7.494895
1470,9.156839,10.734065
1471,9.272484,9.839905
1472,10.734680,9.823254
1473,10.341290,11.019211
1474,10.729321,10.804079
1475,8.668858,10.233595
1476,7.117301,7.247403
1477,8.336708,8.514036
1478,9.088315,8.026452
1479,11.089564,10.877614
1480,11.403330,11.376528
1481,12.698103,10.666218
1482,12.679748,11.492564
1483,12.775922,11.349137
1484,11.197270,11.384222
1485,7.292881,7.470122
1486,8.291229,8.473924
1487,8.682054,8.035142
1488,11.045928,11.182719
1489,10.640330,10.914071
1490,12.198967,10.147229
1491,11.760927,11.417501
1492,11.947029,11.258667
1493,9.870102,10.994562
1494,7.512508,7.175800
1495,8.162888,8.013352
1496,9.162099,7.996417
1497,10.923690,11.305542
1498,11.195829,11.029052
1499,12.772536,10.644260
1500,12.587968,11.839730
1501,12.660820,11.512308
1502,11.217498,11.512630
1503,6.934377,7.247790
1504,8.089916,7.977730
1505,8.627439,7.873023
1506,10.492229,10.894071
1507,10.419221,10.851137
1508,12.193185,9.788666
1509,12.039615,11.743206
1510,12.072506,11.338524
1511,9.817867,10.563859
1512,6.781853,6.808042
1513,8.280281,8.380963
1514,9.059952,7.968412
1515,10.992742,11.090688
1516,11.333566,11.627628
1517,12.617688,10.646131
1518,12.342633,11.775426
1519,12.554691,11.307693
1520,11.065821,11.231624
1521,6.678617,7.359497
1522,8.058202,8.258543
1523,8.549527,7.821891
1524,10.269777,10.925873
1525,10.508203,10.927126
1526,12.097187,10.969899
1527,11.594829,11.725412
1528,11.920581,11.037252
1529,9.774771,10.990114
1530,6.872504,7.244271
1531,8.247564,8.259093
1532,8.895059,7.681032
1533,10.903866,11.135986
1534,11.364178,11.217234
1535,12.504454,10.464256
1536,12.262894,11.868662
1537,12.531689,11.208928
1538,11.109684,11.436411
1539,7.400429,7.134425
1540,8.229413,8.002082
1541,8.549435,7.679284
1542,10.793818,11.053816
1543,10.227456,10.966260
1544,12.091169,9.745974
1545,11.578438,11.502546
1546,11.901904,10.817331
1547,9.810403,10.842542
1548,6.828327,7.096728
1549,8.335591,8.043762
1550,9.064454,8.531046
1551,10.689991,10.291808
1552,11.225424,10.827362
1553,12.655041,10.941415
1554,11.418887,11.057316
1555,12.750293,11.035019
1556,10.963856,10.987288
1557,7.092055,6.865539
1558,8.366344,8.081607
1559,8.606981,8.646451
1560,10.293062,10.375319
1561,10.329643,10.635668
1562,12.173978,10.189950
1563,10.981577,10.856771
1564,11.280471,10.714798
1565,9.747967,10.033567
1566,7.057005,6.567432
1567,8.369288,7.654718
1568,9.072968,8.142170
1569,10.707302,10.377049
1570,11.054714,10.690590
1571,12.658671,10.511999
1572,11.431350,11.221394
1573,12.181500,10.699448
1574,11.093383,10.567095
1575,6.937397,6.255986
1576,8.154327,7.801305
1577,8.641773,8.025146
1578,9.944507,10.389517
1579,10.030020,10.222374
1580,12.119540,9.778561
1581,11.020765,10.849459
1582,11.681366,11.019072
1583,9.690989,10.141346
1584,6.873281,6.922423
1585,8.273456,7.957691
1586,9.029974,8.644498
1587,10.183170,10.318691
1588,10.824126,10.731228
1589,12.379189,10.795493
1590,11.350769,10.946087
1591,12.061255,10.671451
1592,10.799002,10.884986
1593,6.796674,6.647162
1594,7.838264,7.808808
1595,8.508024,8.651390
1596,10.126795,10.165684
1597,10.139284,10.648891
1598,12.057681,10.213781
1599,10.717846,10.833820
1600,11.746116,10.791067
1601,9.704717,10.369947
1602,7.065703,6.450808
1603,8.466733,7.702700
1604,8.966616,8.132637
1605,10.382732,10.129091
1606,11.026558,10.681296
1607,12.343053,10.533487
1608,11.252668,11.014707
1609,11.984236,10.535403
1610,10.881280,10.768826
1611,7.156815,6.395695
1612,8.042506,7.441370
1613,8.573498,8.078279
1614,9.941364,10.402202
1615,10.178537,10.299658
1616,12.037402,9.857678
1617,10.884178,10.651601
1618,11.789857,10.296858
1619,9.689101,10.187730
1620,7.964730,8.593965
1621,8.951179,9.322432
1622,9.217794,9.410172
1623,11.237888,11.931360
1624,10.934487,11.552685
1625,11.459633,11.257755
1626,11.772813,12.209999
1627,11.977037,11.719652
1628,9.814466,11.403315
1629,7.813100,8.176096
1630,8.539740,9.258488
1631,8.721632,9.453726
1632,10.630110,11.816642
1633,10.320965,11.312346
1634,10.974829,10.842699
1635,11.574058,11.815195
1636,11.166594,10.624640
1637,8.941724,10.504026
1638,7.801031,8.227502
1639,8.867183,8.921953
1640,9.139759,9.476547
1641,11.284214,11.908959
1642,11.205606,11.478641
1643,11.465789,11.147872
1644,11.986981,12.488078
1645,12.221087,11.466764
1646,9.927301,11.075682
1647,7.517047,8.178732
1648,8.680932,8.878212
1649,8.594558,9.366815
1650,10.517759,11.805716
1651,10.380642,11.159933
1652,11.116020,10.590934
1653,11.454645,11.928738
1654,11.317099,10.947287
1655,8.944802,10.335166
1656,9.506353,8.317678
1657,9.680321,9.229645
1658,10.029756,9.781034
1659,13.194718,11.941828
1660,11.996636,11.764405
1661,12.817020,11.324106
1662,13.299921,12.401983
1663,13.089451,11.753204
1664,11.030559,11.089294
1665,9.430223,8.202974
1666,9.562931,9.506643
1667,9.391843,9.457506
1668,12.176677,11.874977
1669,11.148907,11.474162
1670,12.019239,10.790747
1671,12.901654,11.998137
1672,12.291751,10.992761
1673,9.809248,10.533877
1674,9.535080,8.345250
1675,9.934792,9.336009
1676,9.955729,9.714830
1677,12.951635,11.919901
1678,12.140163,11.542558
1679,12.612195,11.760786
1680,13.547235,12.434568
1681,13.403732,12.223938
1682,11.037936,11.417320
1683,9.485609,8.094915
1684,9.720611,8.978957
1685,9.436914,9.332835
1686,12.301708,12.077073
1687,11.403620,11.404262
1688,12.003575,10.890758
1689,12.868090,12.140809
1690,12.354294,10.757601
1691,9.809832,10.388697
1692,9.121907,8.392036
1693,9.496404,9.191131
1694,10.268661,9.746044
1695,12.299606,11.612131
1696,11.753056,11.538139
1697,12.548760,11.516508
1698,13.427584,12.259749
1699,12.755651,11.577451
1700,10.870503,11.389955
1701,8.758147,8.313083
1702,9.357458,9.306873
1703,9.268232,9.650328
1704,12.353492,11.800598
1705,10.977795,10.967724
1706,11.940985,11.119877
1707,12.892275,11.969468
1708,12.188262,11.284390
1709,9.684240,10.707119
1710,9.158567,8.344727
1711,9.583447,9.023302
1712,9.847564,9.436016
1713,12.562756,12.023892
1714,11.712800,11.440965
1715,12.695165,11.209062
1716,13.279376,12.156904
1717,12.793667,11.609477
1718,10.808857,11.217062
1719,8.768057,8.210908
1720,9.433876,8.914486
1721,9.326749,9.509172
1722,11.880866,11.896084
1723,11.112662,11.248171
1724,11.978899,10.860012
1725,12.611785,11.920926
1726,12.069078,10.944008
1727,9.766964,10.416246
1728,8.610124,7.731623
1729,9.295674,8.931518
1730,9.814720,9.697650
1731,11.299191,11.156723
1732,11.523331,11.532243
1733,12.219679,11.342747
1734,11.864280,11.911890
1735,12.487066,11.301319
1736,10.735590,11.279774
1737,8.705736,7.948215
1738,9.079432,9.143065
1739,9.331985,9.448276
1740,11.054391,11.354837
1741,10.821109,11.262473
1742,11.948269,10.716084
1743,11.585688,11.650606
1744,11.773928,11.061557
1745,9.753412,10.169278
1746,8.567288,7.704085
1747,9.523046,8.505940
1748,9.808207,9.470997
1749,11.457073,11.277659
1750,11.274183,11.235767
1751,12.211115,11.198396
1752,11.718790,11.837468
1753,12.272617,11.281852
1754,10.718856,10.981674
1755,8.637547,7.561368
1756,9.098577,8.765194
1757,9.357158,9.328874
1758,11.377273,11.513392
1759,10.972450,10.929634
1760,11.942906,10.541643
1761,11.515712,11.415028
1762,11.971979,10.921373
1763,9.747246,10.504795
1764,8.530394,7.823400
1765,9.369802,8.605782
1766,9.699819,9.680922
1767,11.258210,11.216445
1768,11.473738,11.268315
1769,12.142294,11.226660
1770,12.030970,11.349274
1771,11.906034,11.142207
1772,10.573367,11.302706
1773,8.397587,7.745574
1774,9.298375,8.954697
1775,9.255138,9.476880
1776,11.202204,11.189530
1777,10.734161,11.238631
1778,11.770087,10.758294
1779,11.547585,11.411194
1780,11.511191,11.227417
1781,9.659629,10.561409
1782,8.693763,7.441187
1783,9.080360,8.654911
1784,9.863654,9.214907
1785,11.451913,11.323393
1786,11.545323,11.286608
1787,12.206137,11.052738
1788,11.876646,11.609915
1789,12.053234,11.559108
1790,10.671036,11.129462
1791,8.304043,7.329440
1792,9.212629,8.501556
1793,9.310181,9.242444
1794,11.417767,11.312334
1795,10.799251,10.977207
1796,11.841420,10.652954
1797,11.505294,11.574381
1798,11.654507,10.892556
1799,9.711315,10.412992
1800,8.030964,8.295400
1801,8.708712,9.211527
1802,9.102767,9.520324
1803,11.167295,11.695468
1804,10.788618,11.594068
1805,11.473961,11.394215
1806,11.962662,12.314353
1807,11.781239,11.663507
1808,9.794582,11.411280
1809,7.850008,8.315059
1810,8.698700,9.069945
1811,8.738386,9.526298
1812,10.491982,11.854319
1813,10.325197,11.375093
1814,11.011909,10.556598
1815,11.352998,11.929324
1816,11.178200,11.104712
1817,8.913782,10.443191
1818,7.791567,7.984584
1819,8.642179,8.889605
1820,9.092937,9.578478
1821,11.235748,11.975662
1822,10.997902,11.778769
1823,11.551708,11.183277
1824,11.998486,12.120151
1825,11.948647,11.252110
1826,9.900275,10.979905
1827,7.739467,7.944236
1828,8.524000,8.983801
1829,8.608961,9.379675
1830,10.772184,11.862721
1831,10.380619,11.317677
1832,11.119833,10.580826
1833,11.535849,12.089405
1834,11.275099,11.115310
1835,8.883711,10.249027
1836,9.369555,8.257008
1837,9.624200,9.238743
1838,10.000148,9.842926
1839,12.570256,11.895181
1840,12.171969,11.671214
1841,12.620672,11.824598
1842,13.459539,12.305089
1843,12.977334,11.552839
1844,11.053276,11.160604
1845,9.110559,8.118925
1846,9.610416,9.475723
1847,9.362795,9.567281
1848,12.385964,11.916281
1849,11.161383,11.197590
1850,12.038328,10.517356
1851,13.120150,12.150642
1852,12.140211,11.220052
1853,9.809086,10.503284
1854,9.550449,8.229514
1855,9.917571,8.993798
1856,10.003079,9.741788
1857,12.942571,12.140222
1858,12.203298,11.560163
1859,12.994317,11.327378
1860,13.677830,12.228222
1861,13.282758,11.627147
1862,11.043234,11.185537
1863,9.476988,8.266707
1864,9.595017,9.022388
1865,9.447638,9.409383
1866,12.680707,11.990627
1867,11.259755,11.254260
1868,11.945274,10.651615
1869,12.661531,12.388836
1870,12.107298,11.284451
1871,9.836331,10.306611
1872,9.030902,8.225077
1873,9.546880,9.287930
1874,9.791647,9.853356
1875,12.231033,11.659649
1876,11.847449,11.599610
1877,12.699364,11.402408
1878,12.913085,12.245778
1879,12.803457,11.558444
1880,10.745316,11.369576
1881,8.682119,8.281656
1882,9.462188,9.104025
1883,9.270433,9.624543
1884,11.866759,11.838660
1885,11.189037,11.377890
1886,11.873250,10.822773
1887,12.846398,11.865282
1888,12.085105,11.427114
1889,9.740385,10.454275
1890,9.270994,7.813646
1891,9.551383,8.893097
1892,9.864890,9.528136
1893,12.625689,11.664691
1894,11.830822,11.405706
1895,12.587761,11.370105
1896,12.998090,12.484897
1897,12.914196,11.516477
1898,10.797617,11.050708
1899,9.101511,7.931421
1900,9.563870,8.790671
1901,9.333425,9.277068
1902,11.848177,11.948046
1903,11.214344,10.972102
1904,11.902174,10.776328
1905,12.802405,12.069030
1906,12.032415,11.265609
1907,9.775647,10.656226
1908,8.541955,7.846893
1909,9.550715,9.126700
1910,9.817149,9.681861
1911,11.362752,11.678145
1912,11.505470,11.400940
1913,12.171976,11.296978
1914,11.713167,11.787852
1915,12.229148,11.290289
1916,10.730227,10.887645
1917,8.602798,7.847098
1918,9.112515,8.951756
1919,9.323014,9.578991
1920,11.026610,11.438710
1921,10.774990,11.109640
1922,11.844191,10.615931
1923,11.557024,11.689026
1924,11.641129,10.807888
1925,9.807774,10.626012
1926,8.332203,7.791434
1927,9.296611,8.550303
1928,9.896606,9.415440
1929,11.400387,11.422716
1930,11.438253,11.303111
1931,12.199258,11.207979
1932,11.824518,11.926970
1933,12.130490,11.279637
1934,10.740652,10.849988
1935,8.601019,7.267726
1936,9.207788,8.651958
1937,9.383895,9.429961
1938,11.151642,11.346532
1939,10.747793,11.008920
1940,11.897421,10.566376
1941,11.513233,11.798608
1942,12.022095,10.747250
1943,9.756762,9.933499
1944,8.390524,7.712265
1945,9.391128,8.942892
1946,9.787006,9.675180
1947,11.254091,11.125838
1948,11.496721,11.319578
1949,12.111493,11.300605
1950,12.001658,11.432228
1951,12.200180,11.271265
1952,10.596237,11.035898
1953,8.221344,7.515505
1954,9.154900,8.752839
1955,9.229532,9.358280
1956,11.126985,11.099687
1957,10.734658,11.250893
1958,11.741028,10.817952
1959,11.462328,11.396479
1960,11.632309,10.443455
1961,9.709174,10.422886
1962,8.466456,7.913074
1963,9.514593,8.683900
1964,9.833735,9.251651
1965,11.441474,11.062032
1966,11.531691,11.324884
1967,12.129745,11.260456
1968,12.027443,11.606449
1969,12.137147,11.429179
1970,10.636641,10.883428
1971,8.712350,7.485539
1972,9.488639,8.574510
1973,9.388600,9.298689
1974,11.089620,11.372241
1975,10.664845,10.901661
1976,11.840408,10.684822
1977,11.489109,11.554688
1978,11.879391,10.881945
1979,9.708608,10.420895
1980,8.009438,8.447560
1981,8.564638,8.916991
1982,9.115515,9.593795
1983,11.040381,11.649890
1984,10.999732,11.262330
1985,11.513813,11.359589
1986,11.921258,12.364076
1987,11.932245,11.432942
1988,9.829841,11.387361
1989,8.010239,8.410093
1990,8.577632,9.195152
1991,8.724787,9.742853
1992,10.648841,11.686808
1993,10.178590,11.476257
1994,10.974683,10.524135
1995,11.543615,12.065994
1996,11.295053,10.724418
1997,8.907894,10.504624
1998,7.922337,7.851941
1999,8.616091,8.717670
2000,9.076303,9.592783
2001,11.281844,11.927017
2002,11.170797,11.355723
2003,11.526978,11.261115
2004,12.015091,12.423279
2005,12.124452,11.560383
2006,9.952467,11.126166
2007,8.021163,7.980029
2008,8.601566,8.909867
2009,8.540043,9.532076
2010,10.606929,11.842692
2011,10.345211,11.422975
2012,11.119948,10.699513
2013,11.557581,11.888121
2014,11.335962,11.556124
2015,8.965273,10.394936
2016,9.090041,8.473914
2017,9.587332,9.357677
2018,9.998785,9.699516
2019,12.751621,11.930268
2020,12.048902,11.660752
2021,12.609071,11.449308
2022,13.334340,12.239622
2023,13.116165,11.765596
2024,10.966073,11.167958
2025,9.205042,8.306857
2026,9.368025,9.337111
2027,9.435055,9.664526
2028,12.519472,11.958523
2029,11.180622,11.319847
2030,11.965773,10.721292
2031,13.041654,12.127064
2032,12.386799,11.341734
2033,9.873664,10.541990
2034,9.400109,7.861603
2035,10.016893,9.142321
2036,10.048370,9.643196
2037,12.966151,12.047235
2038,12.069269,11.837112
2039,12.819947,11.361812
2040,13.394069,12.633049
2041,13.083768,11.710279
2042,11.042467,11.648610
2043,9.274653,8.170070
2044,9.415344,8.897981
2045,9.480262,9.332678
2046,12.336454,12.144447
2047,11.383556,11.582840
2048,12.063967,10.581192
2049,12.864724,12.180069
2050,12.395267,11.422515
2051,9.853502,10.608644
2052,8.584790,8.316979
2053,9.648187,9.060112
2054,9.759268,9.677565
2055,12.428225,11.993839
2056,11.829338,11.602598
2057,12.512584,11.419731
2058,13.497376,12.342745
2059,12.836550,11.654324
2060,10.771989,11.265242
2061,8.559002,8.170797
2062,9.262864,9.346765
2063,9.303905,9.675605
2064,11.728199,12.081222
2065,11.012673,11.549689
2066,11.964355,10.968759
2067,12.801079,11.890827
2068,12.103652,11.076327
2069,9.759397,10.640693
2070,8.954982,8.061684
2071,9.571513,9.002783
2072,9.859964,9.564116
2073,12.176546,12.061049
2074,11.826826,11.383666
2075,12.728264,11.272275
2076,13.442591,12.011922
2077,12.912512,11.702990
2078,10.818899,11.015901
2079,8.587194,7.868976
2080,9.481401,8.868154
2081,9.337730,9.269757
2082,11.892977,11.845296
2083,11.079726,11.213981
2084,12.015697,10.582535
2085,12.573845,11.970019
2086,12.086702,11.603195
2087,9.851362,10.333292
2088,8.743953,8.078637
2089,9.340492,8.993422
2090,9.833525,9.717939
2091,11.327526,11.342525
2092,11.616613,11.534549
2093,12.244833,11.439967
2094,12.099379,11.792724
2095,12.125286,11.239618
2096,10.835932,11.103355
2097,8.632391,8.212125
2098,9.167650,9.097815
2099,9.396128,9.446533
2100,10.968343,11.467422
2101,11.043102,11.239508
2102,11.956711,10.628600
2103,11.275271,11.509252
2104,11.809579,10.812549
2105,9.742390,10.834844
2106,8.337024,7.683171
2107,9.584253,8.762341
2108,9.796278,9.331165
2109,11.416374,11.386693
2110,11.659889,11.375124
2111,12.217015,11.318363
2112,11.870935,11.849490
2113,12.297268,11.326982
2114,10.799448,11.095365
2115,8.310615,7.498383
2116,9.276051,8.803295
2117,9.331381,9.532516
2118,11.001515,11.536572
2119,11.038992,11.141157
2120,11.811169,10.423815
2121,11.354346,11.649134
2122,11.875092,10.935054
2123,9.685650,10.386506
2124,8.574719,7.788443
2125,9.433986,9.116434
2126,9.786673,9.515292
2127,11.498747,11.249082
2128,11.493072,11.160121
2129,12.176009,11.272058
2130,11.780234,11.334118
2131,12.141701,11.090846
2132,10.636021,11.269791
2133,8.454811,7.893987
2134,9.041258,8.973152
2135,9.306871,9.432630
2136,11.279301,11.382536
2137,10.780812,10.766469
2138,11.982022,10.810963
2139,11.546534,11.368120
2140,11.700232,10.834635
2141,9.736250,10.663979
2142,8.466745,7.440125
2143,9.293951,8.458741
2144,9.801015,9.194497
2145,11.304420,11.353708
2146,11.508781,11.359281
2147,12.266689,11.089589
2148,11.804741,11.730973
2149,12.147451,11.412112
2150,10.699617,11.047272
2151,8.684927,7.225684
2152,9.169292,8.492638
2153,9.345421,9.231299
2154,11.026412,11.251935
2155,10.916708,11.086895
2156,11.852962,10.544489
2157,11.472586,11.458736
2158,11.700891,10.851370
2159,9.744842,10.790114
2160,6.338497,7.356703
2161,7.301965,7.458351
2162,8.068850,7.775368
2163,9.848876,10.561715
2164,10.240953,10.328905
2165,11.270913,10.358616
2166,10.939158,11.551360
2167,11.184640,10.991914
2168,9.701591,10.245003
2169,6.401759,6.963017
2170,7.286251,7.706305
2171,7.667984,7.622429
2172,9.593380,10.899309
2173,9.346910,9.994339
2174,10.733793,9.728715
2175,9.973391,11.411135
2176,10.607940,10.653948
2177,8.541167,10.107882
2178,6.478622,6.923349
2179,7.560480,6.796166
2180,7.935098,7.395160
2181,9.860906,10.782716
2182,10.299045,10.232312
2183,11.239767,10.003409
2184,10.800180,11.537652
2185,11.192673,10.468802
2186,9.716710,10.463323
2187,6.197935,7.021029
2188,7.446779,7.481061
2189,7.619298,7.307651
2190,9.423567,10.929485
2191,9.362795,10.532038
2192,10.704037,9.424771
2193,10.249737,11.301719
2194,10.545515,10.443774
2195,8.660527,9.388102
2196,7.232487,7.498425
2197,8.363835,8.269723
2198,9.105171,7.801225
2199,11.037155,10.801183
2200,11.597773,11.217699
2201,12.715434,10.272180
2202,12.444700,11.794723
2203,12.558437,11.437436
2204,11.092926,11.358635
2205,7.063515,7.510700
2206,8.162821,8.264324
2207,8.523740,8.013401
2208,10.580792,11.323605
2209,10.570618,11.201159
2210,12.186481,9.947011
2211,11.762094,11.641349
2212,11.651726,11.300625
2213,9.847382,10.184489
2214,7.154716,7.256443
2215,8.447153,8.334819
2216,9.181734,7.747786
2217,11.066797,11.141875
2218,11.190617,11.320182
2219,12.637792,10.373528
2220,12.246432,11.831929
2221,12.551769,11.317530
2222,11.266687,10.890742
2223,6.896066,6.982542
2224,8.195084,8.380869
2225,8.655621,7.662404
2226,10.607264,11.297071
2227,10.160380,11.381931
2228,12.262957,9.792387
2229,11.438299,11.466968
2230,11.823701,11.553198
2231,9.817353,10.277970
2232,7.032418,7.220654
2233,8.429018,8.539642
2234,9.004813,7.873052
2235,10.842505,11.003263
2236,11.227703,11.126174
2237,12.561686,10.567568
2238,12.182148,11.873119
2239,12.520977,11.900824
2240,11.018366,10.966875
2241,6.926335,7.378663
2242,8.109383,8.174979
2243,8.572012,7.649632
2244,10.443955,11.139375
2245,10.490991,11.101627
2246,12.185349,10.101376
2247,11.010619,11.480020
2248,11.607862,11.272314
2249,9.695196,10.103541
2250,7.055802,7.134054
2251,8.126985,8.188440
2252,8.953451,7.550362
2253,10.867132,11.148504
2254,11.074019,10.999356
2255,12.658315,10.275934
2256,11.961773,12.005972
2257,12.416769,11.634274
2258,11.001605,10.953169
2259,7.170851,7.341154
2260,8.134701,8.539334
2261,8.502060,7.568418
2262,10.370025,11.200932
2263,10.026361,10.583770
2264,12.091890,9.742033
2265,11.030190,11.455449
2266,11.615400,11.277836
2267,9.744757,10.162186
2268,7.140073,7.090184
2269,8.422371,8.324100
2270,9.051783,7.810342
2271,10.325361,10.635795
2272,11.259668,10.683363
2273,12.417975,10.254964
2274,11.344856,11.164960
2275,11.914068,11.132198
2276,10.956011,10.724893
2277,7.265788,7.109625
2278,8.037741,8.231108
2279,8.640386,7.888552
2280,10.297170,10.518498
2281,10.338373,10.610067
2282,12.105059,9.873396
2283,10.865547,10.823028
2284,11.384731,10.628003
2285,9.698307,10.194019
2286,7.300177,6.818219
2287,8.121135,7.963178
2288,9.052702,7.443294
2289,10.346354,10.354072
2290,11.034332,10.748022
2291,12.509655,9.937050
2292,11.283961,11.433762
2293,12.089473,11.071226
2294,10.998984,10.302272
2295,6.978064,6.517823
2296,8.083565,7.841708
2297,8.614765,7.845227
2298,10.177693,10.233751
2299,10.066658,10.570168
2300,12.080580,9.701757
2301,10.687652,11.040227
2302,11.391945,10.570511
2303,9.700154,9.981648
2304,7.171996,6.849179
2305,8.168138,7.861182
2306,8.936535,7.659883
2307,10.009008,10.379007
2308,10.690943,10.620006
2309,12.363185,10.134890
2310,11.128711,11.244434
2311,12.142201,10.961086
2312,10.904263,10.629713
2313,7.260375,6.882012
2314,8.165483,8.208797
2315,8.534485,7.710965
2316,10.142951,10.417356
2317,10.042080,10.334022
2318,11.885110,9.846365
2319,10.499066,10.655890
2320,11.322436,10.549257
2321,9.599747,9.871738
2322,6.799123,6.552211
2323,7.992699,7.915615
2324,8.954845,7.948430
2325,10.448518,10.315038
2326,10.914907,10.519517
2327,12.444016,9.943319
2328,11.378255,10.913133
2329,12.014338,11.162860
2330,10.740288,10.607052
2331,6.863215,6.537334
2332,8.204506,7.706811
2333,8.602036,7.597882
2334,10.054819,10.200926
2335,10.126844,10.468374
2336,11.917329,9.725235
2337,10.692591,11.172652
2338,11.145925,10.309803
2339,9.634484,9.790292
2340,7.878242,8.627077
2341,8.568130,9.360744
2342,9.144910,9.814833
2343,10.997847,11.678837
2344,10.752687,11.424046
2345,11.387572,11.490094
2346,11.829933,12.308450
2347,11.966153,11.525361
2348,9.864036,11.120930
2349,7.940272,8.508498
2350,8.640681,9.325396
2351,8.656515,9.700972
2352,10.576870,11.856938
2353,10.215893,11.529642
2354,10.986091,10.707296
2355,11.252990,11.956109
2356,11.145548,11.009590
2357,8.928367,10.398273
2358,7.647297,8.376814
2359,8.885077,9.181112
2360,9.034353,9.402817
2361,10.909738,12.008001
2362,11.067904,11.582259
2363,11.477723,11.453598
2364,11.880078,12.391110
2365,11.821484,11.656918
2366,9.982286,11.512924
2367,7.459673,8.243083
2368,8.603414,9.195582
2369,8.541757,9.652304
2370,10.504436,12.205147
2371,10.296827,11.078187
2372,11.043184,10.904195
2373,11.506667,12.264495
2374,11.356769,11.272077
2375,8.930599,10.625239
2376,9.360157,8.680708
2377,9.991354,9.557807
2378,9.993630,9.857714
2379,12.721201,11.768599
2380,12.100725,11.746355
2381,12.527636,11.764663
2382,13.478020,12.464875
2383,13.006264,11.682306
2384,10.990046,11.375231
2385,9.418220,8.961512
2386,9.608858,9.349805
2387,9.374928,9.847649
2388,12.102241,12.118890
2389,11.284641,11.590578
2390,11.946630,11.303795
2391,13.169484,12.246681
2392,12.214622,10.960330
2393,9.834546,10.684510
2394,9.357024,8.288825
2395,9.894388,9.486275
2396,10.019570,9.983516
2397,12.882006,12.021577
2398,12.226530,11.699974
2399,12.752516,11.600075
2400,13.584965,12.817683
2401,13.035249,12.056385
2402,10.971160,11.572349
2403,9.117709,8.717379
2404,9.851698,9.277819
2405,9.366973,9.864664
2406,12.290133,12.328446
2407,11.236177,11.393227
2408,11.867937,10.784788
2409,12.712687,12.465334
2410,12.236568,11.262019
2411,9.833089,10.940828
2412,8.928872,8.599240
2413,9.387313,9.445431
2414,9.851962,9.986026
2415,12.100817,11.668090
2416,11.830997,11.984509
2417,12.723730,11.634922
2418,13.018651,12.325967
2419,13.159468,11.715016
2420,10.787844,11.587917
2421,8.740899,8.387781
2422,9.404761,9.332802
2423,9.169399,9.849766
2424,12.245489,11.694129
2425,11.243958,11.581098
2426,11.785587,11.257402
2427,12.478218,11.904398
2428,12.134830,11.224149
2429,9.741860,10.932335
2430,8.891095,8.252948
2431,9.293180,9.186932
2432,9.812576,9.760798
2433,12.476156,12.246931
2434,11.941568,11.720656
2435,12.814194,11.449149
2436,13.384106,12.388463
2437,12.730841,11.467182
2438,10.873523,11.157724
2439,8.685654,8.305411
2440,9.398094,9.342472
2441,9.291069,9.735684
2442,12.092062,11.968300
2443,10.950855,11.412271
2444,11.960880,10.834829
2445,12.774533,12.004967
2446,12.009670,11.329380
2447,9.748911,10.075003
2448,8.630531,8.170792
2449,9.358184,9.237045
2450,9.740315,9.984322
2451,11.527296,11.289293
2452,11.679846,11.830140
2453,12.191916,11.412211
2454,11.823182,11.759254
2455,12.214800,11.190518
2456,10.846077,11.002940
2457,8.442976,8.062551
2458,9.440232,9.168189
2459,9.263441,9.812186
2460,10.893953,11.579128
2461,10.782667,10.946659
2462,11.873510,11.004948
2463,11.253404,11.525825
2464,11.622849,11.253053
2465,9.720412,10.584733
2466,8.786593,7.859355
2467,9.456706,8.892693
2468,9.856528,9.762232
2469,11.557085,11.412613
2470,11.450252,11.634117
2471,12.170223,11.350387
2472,11.620363,12.043964
2473,12.386613,11.594511
2474,10.793348,11.131593
2475,8.820984,7.788831
2476,9.357198,8.960866
2477,9.265584,9.770003
2478,11.638436,11.579885
2479,10.914158,11.074434
2480,11.867919,10.714798
2481,11.670023,11.979978
2482,11.646137,10.922567
2483,9.844490,10.635439
2484,8.481005,7.942275
2485,9.125114,9.080121
2486,9.798439,9.853054
2487,11.365309,11.103243
2488,11.247143,11.220868
2489,12.189697,11.201603
2490,11.982641,11.719068
2491,12.154566,11.360861
2492,10.715626,10.976977
2493,8.720732,7.874063
2494,9.238996,9.095366
2495,9.276832,9.383933
2496,10.997580,11.153167
2497,10.789259,10.988541
2498,11.773472,10.638713
2499,11.477151,11.317389
2500,11.730958,10.780990
2501,9.703558,10.540003
2502,8.748199,7.592081
2503,9.447343,8.840412
2504,9.760750,9.615938
2505,11.635668,11.282038
2506,11.427338,11.347918
2507,12.217220,11.300396
2508,11.876956,11.536100
2509,12.189863,11.698266
2510,10.647001,11.048164
2511,8.572412,7.801358
2512,9.100136,8.878499
2513,9.294809,9.588281
2514,11.281149,11.352667
2515,10.531231,10.936378
2516,11.835482,10.729122
2517,11.494613,11.568539
2518,11.931729,10.820645
2519,9.752702,10.014276
2520,7.908350,8.637281
2521,8.731717,9.650326
2522,9.168778,9.891636
2523,11.107665,11.918468
2524,10.735383,11.684783
2525,11.417069,11.611115
2526,12.207908,12.363377
2527,11.729792,11.679366
2528,9.851768,11.312756
2529,7.945765,8.319491
2530,8.738765,9.106874
2531,8.713841,9.671863
2532,10.588028,11.868520
2533,10.268541,11.448171
2534,11.000257,10.760515
2535,11.293251,12.074015
2536,11.232662,10.923443
2537,8.959876,10.350404
2538,8.072142,8.366418
2539,8.693452,9.056108
2540,9.111364,9.763813
2541,11.304320,11.943902
2542,11.160049,11.701554
2543,11.489324,11.419247
2544,11.521567,12.326450
2545,11.913099,11.648579
2546,9.990554,10.628727
2547,8.070565,8.048539
2548,8.381065,9.136867
2549,8.508174,9.719452
2550,10.726160,12.079410
2551,10.277805,11.514598
2552,10.958101,10.957697
2553,11.332565,12.115667
2554,11.497244,11.443995
2555,8.856374,10.715005
2556,9.071107,8.634386
2557,9.755021,9.575291
2558,9.966291,9.986012
2559,13.221973,11.911119
2560,12.037934,11.759837
2561,12.399893,11.640763
2562,13.117190,12.278564
2563,13.136531,11.520741
2564,10.981626,11.098936
2565,9.419488,8.533709
2566,9.581557,9.302354
2567,9.366737,9.671991
2568,12.433542,12.055344
2569,11.241736,11.236680
2570,11.929030,10.736712
2571,12.457103,12.363693
2572,12.303227,11.252705
2573,9.794046,10.531480
2574,9.104248,8.404478
2575,9.768288,9.353601
2576,10.019871,9.929508
2577,12.726006,12.553167
2578,12.242218,11.914761
2579,12.707339,11.736048
2580,13.594358,12.417071
2581,13.182136,11.765072
2582,10.983730,11.319720
2583,9.113781,8.335061
2584,9.714383,9.172109
2585,9.411495,9.667010
2586,12.514592,12.340893
2587,11.317877,11.703770
2588,11.831103,11.303570
2589,12.792020,12.654485
2590,12.112595,11.421214
2591,9.798084,10.558945
2592,8.973225,8.440439
2593,9.633571,9.637960
2594,9.790331,10.026732
2595,12.405958,11.929614
2596,11.792398,11.821932
2597,12.481526,11.669797
2598,12.845901,12.381548
2599,12.855391,11.928296
2600,10.791331,11.323266
2601,9.128557,8.635850
2602,9.335584,9.611087
2603,9.233797,9.650970
2604,11.706240,11.875978
2605,10.969628,11.195747
2606,11.851866,11.429153
2607,12.448509,12.170046
2608,12.118057,11.519660
2609,9.802641,10.407245
2610,9.029058,8.216847
2611,9.537763,9.386457
2612,9.815456,9.830442
2613,12.336208,12.040421
2614,11.884478,11.650636
2615,12.640598,11.462390
2616,13.058515,12.365004
2617,12.853824,11.592158
2618,10.820782,11.229832
2619,8.849583,8.469662
2620,9.527765,9.359344
2621,9.302608,9.779531
2622,12.149836,12.034694
2623,11.200539,11.050444
2624,11.897546,10.633041
2625,12.400990,12.240808
2626,12.002394,11.311511
2627,9.807815,10.032340
2628,8.526673,8.396992
2629,9.344221,9.253601
2630,9.789187,9.900927
2631,11.433733,11.344079
2632,11.556017,11.475960
2633,12.150799,11.382525
2634,11.994818,11.884176
2635,12.325497,11.327715
2636,10.714980,10.960063
2637,8.601276,8.160165
2638,9.083622,9.158485
2639,9.280823,9.569931
2640,11.177176,11.547048
2641,10.698286,11.033194
2642,11.844049,10.851433
2643,11.381606,11.500137
2644,11.762699,10.844892
2645,9.688681,10.489990
2646,8.585690,7.865839
2647,9.362334,8.829030
2648,9.852160,9.752375
2649,11.423435,11.449109
2650,11.457906,11.402337
2651,12.265936,11.447400
2652,12.020546,12.081111
2653,12.190709,11.193454
2654,10.715656,10.904971
2655,8.732473,7.641665
2656,9.295225,8.808559
2657,9.293798,9.533133
2658,11.343884,11.558382
2659,10.760227,11.182484
2660,11.909004,10.903753
2661,11.590731,11.683589
2662,11.795956,10.838061
2663,9.728971,9.989758
2664,8.528214,8.328924
2665,9.348780,9.189301
2666,9.696881,9.718896
2667,11.373983,11.212983
2668,11.359598,11.450193
2669,12.171278,11.352519
2670,11.958080,11.684155
2671,12.180372,11.727712
2672,10.662917,11.126131
2673,8.532332,7.897218
2674,9.268733,9.243724
2675,9.277345,9.567981
2676,11.019126,11.244255
2677,10.528531,11.172887
2678,11.752672,10.709972
2679,11.317984,11.370413
2680,11.780329,10.723015
2681,9.642547,10.747928
2682,8.577014,7.658173
2683,9.483545,8.953443
2684,9.765483,9.669414
2685,11.492391,11.252272
2686,11.460229,11.398586
2687,12.232600,11.207240
2688,11.908879,11.831646
2689,12.186033,11.426373
2690,10.683651,10.994841
2691,8.303563,7.478980
2692,9.274548,8.794409
2693,9.266311,9.819731
2694,11.067830,11.184865
2695,10.892496,11.041602
2696,11.711676,10.892522
2697,11.334945,11.577017
2698,11.717701,10.864073
2699,9.661205,10.117119
2700,7.918131,8.540837
2701,8.925434,9.491287
2702,9.107866,9.867443
2703,10.937968,11.942198
2704,10.884728,11.561477
2705,11.457458,11.435324
2706,11.805668,12.191676
2707,11.777925,11.596497
2708,9.842102,11.164449
2709,7.975102,8.673689
2710,8.673960,9.624541
2711,8.665777,9.773396
2712,10.367781,11.904329
2713,10.206008,11.158816
2714,11.000022,11.030018
2715,11.151877,11.870082
2716,11.199855,11.329368
2717,8.865046,10.066871
2718,7.843405,8.238641
2719,8.752540,9.295771
2720,9.080849,9.838880
2721,11.023459,11.710350
2722,11.090685,11.525620
2723,11.501719,11.363599
2724,12.028728,12.292810
2725,11.910325,11.688560
2726,9.947120,11.366757
2727,7.743973,8.376255
2728,8.496773,9.410163
2729,8.542968,9.784309
2730,10.556375,12.173720
2731,10.239863,11.279375
2732,10.851965,11.053058
2733,11.437227,12.057178
2734,11.178798,11.211014
2735,8.964143,10.122538
2736,9.221949,8.580801
2737,9.611145,9.367006
2738,9.984207,9.885497
2739,12.606302,11.741068
2740,12.218067,11.644764
2741,12.778157,11.971438
2742,13.234973,12.132825
2743,13.061945,11.706827
2744,11.034412,11.350396
2745,9.416506,8.471946
2746,9.774395,9.461557
2747,9.380654,9.794156
2748,12.392615,11.861526
2749,11.126839,11.287190
2750,11.990206,10.838932
2751,12.915286,12.074858
2752,12.323261,11.451427
2753,9.808908,10.335379
2754,9.121640,8.438710
2755,9.662987,9.297309
2756,9.956644,9.714449
2757,12.612179,12.197196
2758,11.862635,11.912141
2759,12.597890,11.620868
2760,13.171348,12.951883
2761,13.280214,11.647910
2762,11.036886,11.370936
2763,8.850224,8.574482
2764,9.545847,9.391001
2765,9.434062,9.957659
2766,11.986533,12.401701
2767,11.259522,11.563416
2768,11.918950,10.884147
2769,12.647846,12.455107
2770,12.035288,11.461741
2771,9.794250,10.561465
2772,8.605584,8.443156
2773,9.575001,9.602612
2774,9.837270,10.162332
2775,12.118307,11.865911
2776,11.695539,11.749666
2777,12.369256,11.909390
2778,13.014654,12.060906
2779,12.811889,12.429889
2780,10.884629,11.566362
2781,8.996786,8.616410
2782,9.317918,9.645849
2783,9.271811,10.059359
2784,12.220406,11.889128
2785,11.022061,11.566725
2786,11.951969,10.893955
2787,12.264042,12.056005
2788,12.012525,10.702361
2789,9.791222,10.274744
2790,8.966716,8.262612
2791,9.246098,9.228044
2792,9.850668,9.856761
2793,12.578606,12.047589
2794,11.937588,11.764149
2795,12.532321,11.484203
2796,12.706375,12.690418
2797,12.800720,11.658354
2798,10.766094,11.247684
2799,8.876612,8.513957
2800,9.426871,9.149363
2801,9.267620,9.772077
2802,11.874405,12.050225
2803,11.102936,11.419228
2804,11.861921,11.004486
2805,12.555455,12.216963
2806,12.190589,11.284812
2807,9.793421,10.550480
2808,8.725740,8.128303
2809,9.225338,9.282912
2810,9.813171,10.015446
2811,11.251284,11.301551
2812,11.347818,11.518035
2813,12.286128,11.529124
2814,11.825640,12.081847
2815,12.125486,11.420295
2816,10.703918,11.206429
2817,8.374704,8.185956
2818,9.322716,9.190583
2819,9.272476,9.868611
2820,11.334487,11.414025
2821,10.716223,11.281736
2822,11.762914,11.002833
2823,11.541242,11.345597
2824,11.797197,11.271001
2825,9.700450,10.312382
2826,8.427917,8.069413
2827,9.336897,9.109077
2828,9.839180,9.811813
2829,11.660311,11.633458
2830,11.431799,11.725348
2831,12.190319,11.368722
2832,11.719531,12.031459
2833,12.123585,11.366087
2834,10.632724,10.840443
2835,8.871251,7.604512
2836,9.399006,8.900959
2837,9.359607,9.715544
2838,10.811243,11.365389
2839,10.789660,11.325200
2840,11.944048,10.933637
2841,11.621105,11.675392
2842,11.684661,11.585937
2843,9.772895,10.289648
2844,8.638373,8.096210
2845,9.290443,9.233488
2846,9.761169,9.854398
2847,11.086809,11.151586
2848,11.415318,11.447320
2849,12.139156,11.398613
2850,11.605377,11.797492
2851,12.135111,11.792681
2852,10.596256,10.998435
2853,8.360551,8.143378
2854,9.142746,9.205621
2855,9.261890,9.633722
2856,10.864244,11.254668
2857,10.562940,11.160660
2858,11.749873,10.778618
2859,11.647519,11.235994
2860,11.779236,11.417360
2861,9.652186,10.430548
2862,8.497263,7.891217
2863,9.343186,8.703974
2864,9.801725,9.598419
2865,11.386294,11.402254
2866,11.441198,11.263507
2867,12.115260,11.253641
2868,11.682423,11.553162
2869,12.266855,11.371041
2870,10.679603,10.951162
2871,8.470574,7.765022
2872,9.146813,8.659303
2873,9.261047,9.644485
2874,11.431121,11.421805
2875,10.785400,11.137315
2876,11.920271,10.770370
2877,11.376995,11.577300
2878,11.627842,10.986008
2879,9.696627,10.332970
0,6.548884,7.153768
1,7.642613,8.586813
2,8.100480,9.018020
3,9.595444,11.127846
4,10.259557,11.348289
5,11.299852,11.383611
6,11.328315,11.961494
7,11.508778,11.595684
8,9.801307,11.451542
9,6.649521,7.162661
10,7.274198,8.415860
11,7.631399,8.867514
12,9.439336,10.630222
13,9.338513,10.974761
14,10.672793,10.422548
15,10.521166,11.496873
16,10.798777,11.129742
17,8.660966,10.279078
18,6.637428,7.037393
19,7.437243,7.779409
20,8.092285,8.234400
21,9.749872,10.651621
22,10.473785,11.128731
23,11.269661,10.760145
24,11.130439,11.692141
25,11.297537,11.284899
26,9.790415,10.989244
27,6.625197,7.189822
28,7.059750,7.780017
29,7.693800,8.630967
30,9.618723,10.995384
31,9.491176,10.316905
32,10.777071,10.204645
33,10.689093,11.372253
34,10.755680,10.622004
35,8.634730,10.165523
36,7.014446,7.443201
37,8.421896,8.985026
38,9.080783,9.024770
39,11.158369,11.221097
40,11.447895,11.589171
41,12.668978,11.539287
42,12.588353,12.021383
43,12.768017,11.909989
44,11.314333,11.551838
45,7.224778,7.479511
46,8.274187,8.674156
47,8.561307,9.213211
48,10.335980,11.414960
49,10.685638,11.136026
50,12.163777,10.785577
51,11.888550,11.672112
52,12.247290,11.472237
53,9.839072,10.847000
54,7.393827,7.262570
55,8.109274,8.370625
56,9.100076,8.820659
57,11.103928,11.079688
58,11.247478,11.567192
59,12.690639,11.265862
60,12.207135,11.826107
61,12.590771,11.788237
62,11.275767,11.253237
63,6.893900,7.271918
64,8.087925,8.566210
65,8.596801,8.987659
66,10.627584,11.104759
67,10.706057,10.867662
68,12.147187,10.424678
69,11.760056,11.784380
70,11.978800,11.151608
71,9.862255,10.587934
72,7.001044,7.481555
73,8.264133,8.665365
74,8.908717,9.270940
75,11.106312,11.147911
76,11.065703,11.695334
77,12.682910,11.735754
78,11.757112,11.992814
79,12.287697,11.881592
80,11.072758,11.995411
81,6.846085,7.521763
82,8.153981,8.744338
83,8.534811,9.015101
84,10.455290,11.469516
85,10.072798,11.366971
86,12.182386,11.594436
87,11.739291,12.045865
88,11.491102,11.710642
89,9.750259,10.737150
90,7.138999,7.058671
91,8.246609,8.272875
92,9.024246,8.914859
93,10.772993,11.250059
94,11.193208,11.523554
95,12.567859,11.253660
96,12.156335,11.796810
97,12.577447,11.688540
98,11.078874,11.511417
99,6.874943,7.419747
100,7.891176,8.542316
101,8.660874,8.888937
102,10.621510,11.167873
103,10.311663,10.856288
104,12.196898,10.511209
105,11.364392,11.740599
106,11.753377,10.978163
107,9.747460,10.121866
108,7.006950,7.716596
109,8.329243,8.851373
110,9.057058,9.728443
111,10.538099,11.339254
112,11.044018,11.965410
113,12.575619,12.116761
114,11.358120,12.047338
115,11.979896,11.851841
116,10.980420,12.010503
117,7.125152,7.699176
118,8.248548,9.025995
119,8.575079,9.816483
120,10.194901,11.408885
121,10.238242,11.204903
122,11.953594,11.496078
123,10.954619,11.524097
124,11.495880,11.563218
125,9.740376,10.996711
126,7.444455,7.246607
127,8.515429,8.248372
128,9.073457,9.460311
129,10.502365,11.072941
130,11.331626,11.434558
131,12.584059,12.010665
132,11.472045,11.747059
133,12.205663,11.710074
134,11.028890,11.363727
135,7.234855,7.114058
136,8.105181,8.386226
137,8.688663,9.265592
138,10.264769,10.994739
139,10.122548,11.136065
140,12.181885,10.937979
141,10.943509,11.621431
142,11.904325,11.242252
143,9.752028,10.550729
144,6.962493,7.424090
145,8.197591,8.807480
146,8.970505,9.694466
147,10.502197,11.290495
148,11.019188,11.838697
149,12.386556,12.016176
150,11.386113,12.164551
151,12.312416,11.658519
152,10.825782,12.151932
153,7.356561,7.458080
154,7.857472,8.917065
155,8.570696,9.767273
156,10.186155,11.596760
157,10.174493,11.573534
158,11.942318,11.872175
159,10.930167,11.475731
160,11.792961,11.759172
161,9.697885,10.502135
162,7.018335,7.207501
163,8.385637,8.520596
164,9.055296,9.424202
165,10.471325,10.886303
166,11.072759,11.669503
167,12.592629,11.520099
168,11.370822,12.018015
169,12.067286,11.509790
170,10.818329,11.241433
171,7.146695,7.034139
172,8.124960,8.454980
173,8.625776,9.192027
174,10.051507,11.151668
175,10.171932,10.820408
176,12.022122,10.905181
177,10.874642,11.225935
178,11.431265,11.141325
179,9.647223,10.629814
180,8.110620,8.434276
181,8.658734,9.467047
182,9.170711,9.706771
183,11.185555,11.877219
184,10.806206,11.633967
185,11.435768,11.482077
186,12.138362,12.274071
187,11.957806,11.534344
188,9.926633,11.271327
189,7.792051,8.345668
190,8.572338,8.949060
191,8.760229,9.799618
192,10.682684,11.964048
193,10.034138,11.281006
194,11.038511,10.934877
195,11.404192,11.925470
196,11.317799,11.543529
197,8.994864,10.055022
198,7.814119,7.984382
199,8.604819,8.750708
200,9.138153,9.341237
201,10.984947,11.802410
202,11.254128,11.386643
203,11.686789,11.030757
204,12.055316,12.245386
205,12.156510,11.035577
206,9.912196,10.607472
207,7.997458,8.204352
208,8.481897,8.689776
209,8.572048,9.419654
210,10.710794,11.767574
211,10.367814,10.849052
212,11.087451,10.588552
213,11.313566,11.953896
214,11.318816,10.964453
215,8.874644,9.077404
216,9.354453,8.491559
217,9.922846,9.344196
218,10.004582,9.854066
219,12.787715,12.322467
220,12.055155,12.058525
221,12.734110,11.640884
222,13.712121,12.594219
223,12.960906,11.807231
224,11.034971,11.599077
225,9.325264,8.401549
226,9.823966,9.577883
227,9.428654,9.912925
228,12.410146,11.894106
229,11.221918,11.431322
230,12.112471,10.807507
231,12.928691,12.284068
232,12.352411,11.438564
233,9.852610,10.498314
234,9.409646,8.052765
235,9.723991,9.142317
236,10.053873,9.937106
237,12.719637,12.303492
238,11.972578,11.667780
239,12.708697,11.412555
240,13.536496,12.833500
241,13.358487,11.664626
242,11.060542,11.416442
243,8.772810,8.067780
244,9.563102,9.016404
245,9.445535,9.532166
246,12.497025,12.294195
247,11.437784,11.505324
248,12.106420,10.789062
249,12.915890,12.222902
250,12.236517,11.497095
251,9.832008,10.167359
252,8.665318,8.210788
253,9.559754,9.393398
254,9.860737,9.817609
255,12.556700,12.071552
256,11.994629,11.889306
257,12.403000,11.863741
258,13.077191,12.578470
259,12.922345,11.724370
260,10.879003,11.629888
261,9.092963,8.308369
262,9.604512,9.556485
263,9.234612,9.973352
264,12.042612,12.070259
265,11.195396,11.388003
266,11.956440,11.003365
267,12.606424,12.126772
268,12.132807,11.522156
269,9.801883,10.247195
270,8.567828,7.854170
271,9.591242,8.962341
272,9.822720,9.572132
273,12.601116,12.188832
274,11.953535,11.903613
275,12.531660,11.422252
276,13.197035,12.308707
277,12.881403,11.521970
278,10.847052,11.575993
279,8.645522,8.208766
280,9.674115,8.818490
281,9.332320,9.714804
282,12.227468,12.144206
283,11.242453,11.369186
284,11.953808,10.636806
285,12.643834,12.054539
286,12.108089,11.191732
287,9.842684,10.537161
288,8.813301,8.325093
289,9.434677,9.503875
290,10.169701,10.087255
291,11.455560,11.968896
292,11.472587,11.829511
293,12.292157,11.749720
294,11.715698,12.205164
295,12.291677,12.234629
296,10.780085,11.547960
297,8.570959,8.419987
298,9.401371,9.314915
299,9.319165,10.005800
300,10.916542,12.190171
301,11.072323,11.557701
302,11.937553,10.940376
303,11.508696,12.049005
304,11.740183,11.363816
305,9.785257,10.694289
306,8.719980,7.758671
307,9.408566,8.967854
308,9.811819,9.668323
309,11.328142,11.718985
310,11.680061,11.600952
311,12.448242,11.324194
312,12.152333,12.068865
313,12.460064,11.567546
314,10.866539,11.048873
315,8.763801,7.738028
316,9.449257,8.984985
317,9.394650,9.727664
318,11.259069,12.031780
319,10.909129,11.179463
320,11.997724,10.832685
321,11.403542,12.125951
322,11.803440,11.011686
323,9.723243,10.126406
324,8.676794,8.253941
325,9.632952,9.432659
326,10.023536,10.098157
327,11.306977,11.803674
328,11.292568,11.981874
329,12.254576,11.735950
330,11.811732,12.317917
331,12.436262,12.154819
332,10.684687,11.417051
333,8.325366,8.204686
334,9.257062,9.536723
335,9.369461,9.887588
336,11.276466,11.774712
337,10.681635,11.468986
338,12.009655,11.233040
339,11.715626,11.913183
340,12.020927,11.150291
341,9.830571,10.401085
342,8.633712,7.815563
343,9.370991,8.951387
344,9.899996,9.768718
345,11.460933,11.704194
346,11.536320,11.605386
347,12.326446,11.384191
348,11.982146,12.234591
349,12.199314,11.577347
350,10.794250,11.122752
351,8.282047,7.929029
352,9.066921,8.969785
353,9.303609,9.717409
354,11.159410,11.952660
355,10.864199,11.351632
356,12.008863,10.831996
357,11.638872,12.216335
358,11.827785,11.040716
359,9.802807,10.563875
360,8.053144,8.348316
361,8.827997,9.281982
362,9.164596,9.800923
363,11.178102,11.755807
364,11.022750,11.452455
365,11.576949,11.411104
366,11.844488,12.359640
367,12.036152,11.542709
368,9.903243,11.116681
369,7.848021,8.259384
370,8.528527,9.365462
371,8.680371,9.614950
372,10.293178,12.015648
373,10.409680,11.085178
374,11.050463,10.622214
375,11.714725,11.890329
376,11.269947,11.102139
377,8.932243,10.327619
378,7.973531,8.109028
379,8.683819,8.669979
380,9.117709,9.313019
381,11.141992,11.664766
382,11.054782,11.455665
383,11.549249,11.162898
384,12.050305,12.175980
385,12.048681,11.136033
386,10.030605,10.775795
387,7.895318,8.255783
388,8.751514,8.648779
389,8.612194,9.490573
390,10.713967,11.815185
391,10.196447,11.007700
392,11.085339,10.315180
393,11.333689,11.759859
394,11.347870,10.609501
395,8.950270,9.250308
396,9.082030,8.446808
397,10.071869,9.452584
398,9.930230,9.992702
399,13.442032,11.984924
400,12.191316,11.946439
401,12.766781,11.649146
402,13.656122,12.412114
403,13.130603,12.281766
404,11.022853,11.370690
405,8.957234,8.367178
406,9.622988,9.489045
407,9.353086,9.899819
408,12.290221,12.238339
409,11.122738,11.316291
410,12.165837,10.959634
411,12.966599,12.121787
412,12.243454,11.462897
413,9.876424,10.334394
414,9.550046,8.196485
415,9.677638,9.106070
416,10.058529,9.773001
417,13.004578,12.287430
418,12.294268,11.666306
419,12.773458,11.289557
420,13.453753,12.294334
421,13.312488,11.494027
422,11.032938,11.128315
423,9.295485,8.163292
424,9.634791,9.196192
425,9.452973,9.666687
426,12.375583,12.157466
427,11.434074,11.248635
428,12.190870,10.661703
429,12.954583,12.142041
430,12.170792,11.105885
431,9.841954,9.931861
432,8.630716,8.184258
433,9.707204,9.430799
434,9.809906,10.148416
435,12.183990,12.078111
436,12.043583,11.919535
437,12.536406,11.806990
438,13.349131,12.421295
439,13.036008,12.009035
440,10.835249,11.830046
441,9.112337,8.281703
442,9.372470,9.434516
443,9.299245,9.832232
444,11.810361,11.858782
445,11.132518,11.476359
446,12.013217,11.097431
447,12.825266,12.060263
448,12.048025,11.153236
449,9.734394,10.477955
450,8.781528,7.838569
451,9.406039,9.166780
452,9.814715,9.735258
453,12.633286,11.938418
454,11.862354,11.656680
455,12.603848,11.432245
456,12.973951,12.316121
457,13.004274,11.536350
458,10.873637,11.464798
459,8.882846,7.967834
460,9.214341,8.895310
461,9.342177,9.793887
462,11.820507,11.951488
463,11.278944,11.116097
464,11.955299,9.965037
465,12.537056,12.046875
466,11.960629,10.983571
467,9.805880,10.066065
468,8.684576,8.275418
469,9.456800,9.428305
470,9.820204,10.210375
471,11.462584,12.123864
472,11.634551,11.900194
473,12.273186,11.715756
474,11.981209,12.286079
475,12.421985,11.639489
476,10.703251,11.639709
477,8.428543,8.295945
478,9.270199,9.588554
479,9.372181,9.998350
480,11.062480,12.069101
481,10.691778,11.317506
482,11.989213,11.096981
483,11.485128,12.101195
484,11.736464,11.344065
485,9.749879,10.895724
486,8.959576,7.840539
487,9.469427,8.846306
488,10.013330,9.841561
489,11.622515,11.953846
490,11.510292,11.650926
491,12.363805,11.357212
492,11.986240,12.220673
493,12.354764,11.887396
494,10.824355,11.425649
495,8.720101,8.010038
496,9.326790,9.006347
497,9.380804,9.719817
498,11.092253,11.920328
499,10.767621,10.995224
500,12.065327,11.036503
501,11.414383,12.200809
502,11.823696,11.092121
503,9.744283,10.631850
504,8.394026,8.371387
505,9.528717,9.568839
506,9.814001,9.999100
507,11.682235,12.100435
508,11.512262,11.780139
509,12.171013,11.652313
510,11.647346,12.132944
511,12.115965,11.757896
512,10.626384,11.726843
513,8.754123,8.469907
514,9.400615,9.517292
515,9.343575,10.047461
516,10.996904,11.785406
517,11.040573,11.486992
518,11.908756,11.184732
519,11.260978,12.195081
520,11.921555,11.432176
521,9.728873,10.748003
522,8.552970,7.819872
523,9.638898,8.958136
524,9.891503,9.597847
525,11.466813,11.811961
526,11.484218,11.986764
527,12.199713,11.384287
528,11.722294,12.322687
529,12.204445,11.364095
530,10.717295,11.164525
531,8.572931,8.099316
532,9.286077,8.940310
533,9.303674,9.686060
534,11.116611,11.779335
535,10.793881,11.392411
536,11.957668,10.793809
537,11.544563,11.994070
538,11.655674,11.278013
539,9.734655,10.143555
540,8.034879,8.344490
541,8.918580,9.253030
542,9.215468,9.731715
543,11.248212,11.834044
544,11.033295,11.841528
545,11.463654,11.321847
546,12.158488,12.171494
547,11.914996,11.322855
548,9.856694,10.583035
549,7.956213,8.478766
550,8.591050,9.454094
551,8.712081,9.314898
552,10.550556,12.044678
553,10.351205,10.701274
554,11.089679,10.822524
555,11.196555,11.917526
556,11.137567,11.158888
557,8.915861,9.379173
558,7.934835,7.874399
559,8.828480,8.725844
560,9.130676,9.284461
561,11.340035,11.870180
562,11.107351,11.578169
563,11.672473,11.050792
564,12.221127,12.207874
565,12.082220,11.401459
566,9.950896,10.711099
567,8.014700,7.720490
568,8.620358,8.786613
569,8.491414,9.440085
570,10.493470,11.983116
571,10.211125,11.093304
572,11.112963,10.319519
573,11.484280,11.839611
574,11.482277,10.854209
575,8.950048,9.311914
576,9.184370,8.616656
577,9.588312,9.350034
578,10.073833,9.992584
579,12.557107,12.035243
580,12.164959,11.923024
581,12.769641,11.661188
582,13.587786,12.568397
583,13.327899,11.934563
584,11.038674,11.452099
585,8.876496,8.325254
586,9.719471,9.518164
587,9.453124,9.869192
588,12.274727,12.097927
589,11.218344,11.529235
590,12.155370,10.774470
591,12.938919,12.098476
592,12.430948,11.399418
593,9.877315,10.695060
594,9.171918,7.975102
595,9.874640,9.030861
596,10.003761,9.746433
597,12.872633,11.893944
598,12.182869,12.129818
599,12.751774,11.560862
600,13.670453,12.545707
601,13.095726,11.434366
602,11.062169,11.385685
603,9.163177,8.187526
604,9.496252,9.153959
605,9.396307,9.709129
606,12.493540,12.123187
607,11.432382,11.465721
608,12.048989,10.809720
609,12.981148,12.621181
610,12.560929,11.437541
611,9.871565,10.436298
612,8.840228,8.211158
613,9.686765,9.554104
614,9.765123,9.987974
615,12.379217,11.883834
616,11.993019,11.880752
617,12.703720,11.899832
618,12.983155,12.662479
619,13.148867,11.994117
620,10.867429,11.607292
621,8.835056,8.081501
622,9.272749,9.221303
623,9.274297,9.997203
624,11.670569,11.800356
625,11.045298,11.471582
626,11.977319,11.339776
627,12.641221,12.104410
628,12.143401,11.603770
629,9.835961,10.489501
630,8.811792,8.301832
631,9.849517,9.094367
632,9.856289,9.685690
633,12.522583,11.992047
634,11.776875,11.940093
635,12.752814,11.409759
636,13.080080,12.692963
637,12.811283,11.614406
638,10.927408,11.175676
639,8.845558,8.076027
640,9.416703,9.441601
641,9.314888,9.464313
642,11.946348,12.121885
643,11.290577,11.188002
644,12.032427,10.738268
645,12.972502,12.250570
646,12.064178,11.282975
647,9.849517,9.982210
648,8.702250,8.263369
649,9.582230,9.557848
650,9.848047,10.169363
651,11.376287,12.009207
652,11.611677,11.871609
653,12.345481,11.782553
654,11.986131,12.322641
655,12.235062,11.874632
656,10.861908,11.334573
657,8.724984,8.531466
658,9.490800,9.404456
659,9.327681,10.238435
660,11.160347,11.740171
661,10.950870,11.560508
662,12.088621,10.942961
663,11.679000,12.149288
664,11.789117,11.804111
665,9.809019,10.799323
666,8.733512,7.850560
667,9.479078,8.883579
668,9.987061,9.604090
669,11.346635,11.805444
670,11.620533,11.635899
671,12.277246,11.358222
672,12.106733,12.452552
673,12.232805,11.424894
674,10.826577,11.446499
675,8.913270,7.711994
676,9.117292,8.988382
677,9.344603,9.750693
678,11.220015,11.795170
679,10.940495,11.169936
680,12.000089,10.210208
681,11.325541,11.966685
682,12.106955,11.081860
683,9.807193,10.373508
684,8.455984,8.291921
685,9.301771,9.399397
686,10.063796,10.051917
687,11.390728,12.081440
688,11.423369,11.942850
689,12.232051,11.746531
690,11.770850,12.220739
691,12.307936,11.661249
692,10.658246,11.764895
693,8.432071,8.060619
694,9.407420,9.517063
695,9.262894,10.060190
696,11.149993,11.567085
697,10.714037,11.411471
698,11.926154,11.112198
699,11.507998,11.911212
700,11.816046,11.293052
701,9.801291,10.555770
702,8.505497,7.718147
703,9.395551,9.073273
704,9.882765,9.675628
705,11.218403,11.607083
706,11.532354,11.619594
707,12.271360,11.434339
708,11.798634,12.235506
709,12.098013,11.743573
710,10.658654,11.363546
711,8.440370,7.882082
712,9.304255,8.949713
713,9.349584,9.576015
714,10.983278,11.780968
715,10.814659,11.374186
716,11.924609,10.852159
717,11.467466,12.036076
718,11.791029,11.133650
719,9.739984,10.469162
720,6.267504,7.529588
721,7.303736,7.756755
722,8.083975,9.119892
723,9.531668,11.128284
724,10.126576,10.972119
725,11.258417,11.264411
726,10.799771,11.498543
727,11.508226,11.307486
728,9.776349,11.476618
729,6.541996,7.469018
730,7.092253,8.638915
731,7.580440,8.865701
732,9.365614,11.355817
733,9.632894,10.531505
734,10.569593,10.325191
735,10.313563,11.317429
736,10.672037,10.825274
737,8.640080,10.398528
738,6.406305,7.229877
739,7.334944,7.967434
740,8.072247,8.600380
741,9.677872,11.217553
742,10.192971,10.919943
743,11.337347,11.071760
744,11.119622,11.268050
745,11.340273,11.231772
746,9.897694,11.211764
747,6.375340,6.868408
748,7.530702,8.383473
749,7.573466,8.686340
750,9.531919,11.327031
751,9.450859,10.398085
752,10.629979,9.998837
753,10.687551,11.395830
754,10.477868,10.575779
755,8.642063,9.793145
756,7.389827,7.505548
757,8.408841,8.749913
758,9.083947,9.186297
759,11.039511,11.404645
760,11.566498,11.862786
761,12.735972,11.973002
762,12.294087,11.749057
763,12.519325,12.289790
764,11.266437,11.573656
765,7.204834,7.533214
766,8.077560,8.785126
767,8.643581,9.149734
768,10.561419,11.486628
769,10.270992,11.433282
770,12.125187,10.583526
771,11.745635,11.917429
772,11.814898,11.733938
773,9.797963,10.492610
774,7.051836,7.378794
775,8.406984,8.407220
776,8.932634,8.879849
777,11.205144,11.442040
778,11.575178,11.522831
779,12.804489,11.184221
780,12.374021,11.643501
781,12.483912,11.716944
782,11.100931,11.605648
783,7.467188,7.317441
784,8.375101,8.694347
785,8.689214,8.931743
786,10.726568,11.694018
787,10.513577,11.080257
788,12.205286,10.218879
789,11.500751,11.606026
790,12.232403,11.208596
791,9.829781,10.165045
792,6.880388,7.643200
793,8.096302,9.047234
794,8.992563,9.364579
795,10.814161,11.497181
796,11.004408,11.765999
797,12.605442,11.665909
798,11.786138,12.551373
799,12.564212,12.196001
800,11.058112,12.092201
801,7.097160,7.540946
802,8.044896,9.192781
803,8.568811,9.121542
804,10.193710,11.787941
805,10.454465,11.483066
806,12.138423,10.724098
807,11.431909,11.384388
808,11.949005,11.439566
809,9.757723,10.825848
810,7.230453,7.328718
811,8.140612,8.709606
812,9.085648,9.042469
813,11.268853,11.476920
814,11.307419,11.636538
815,12.731506,11.188619
816,12.367974,12.020984
817,12.639221,12.203500
818,11.081538,11.551003
819,7.033988,7.299323
820,8.214933,8.449860
821,8.437593,8.962952
822,10.376328,11.643925
823,10.317478,11.149564
824,12.139229,11.091249
825,11.530405,11.729044
826,11.954583,11.348550
827,9.754291,10.299295
828,6.848372,7.668882
829,8.224257,9.176050
830,9.032521,9.681693
831,10.452829,11.146632
832,11.027178,11.620777
833,12.588095,12.114952
834,11.408876,12.086419
835,12.267934,12.107888
836,10.965672,11.903198
837,7.279489,7.537992
838,8.104712,9.188295
839,8.595256,9.731430
840,10.195148,11.520267
841,10.170300,11.439921
842,12.028140,11.765832
843,11.039257,11.830586
844,11.778708,11.567688
845,9.744733,11.054532
846,7.117838,7.148936
847,8.182959,8.727398
848,9.127380,9.125736
849,10.489625,11.314564
850,11.138526,11.658166
851,12.492321,11.610858
852,11.310820,11.680543
853,12.262684,11.898266
854,10.966257,11.721112
855,7.269875,7.054882
856,8.176178,9.050968
857,8.619774,9.286058
858,10.149982,11.556828
859,10.397013,11.186614
860,12.168003,10.991962
861,10.883918,11.578026
862,11.322517,11.256637
863,9.672955,10.644192
864,6.913519,7.635568
865,8.158803,9.228956
866,8.979815,9.901905
867,10.408932,11.457483
868,10.986270,12.091475
869,12.330112,11.905947
870,11.289629,11.863415
871,12.020487,11.678548
872,10.868822,11.657988
873,7.036528,7.591576
874,8.080202,9.034770
875,8.506664,9.632087
876,9.948164,11.503374
877,10.186915,11.391352
878,12.043323,11.211344
879,10.635077,11.772614
880,11.580296,11.464919
881,9.759993,11.157833
882,7.383121,7.169112
883,8.201304,8.732232
884,9.001789,9.207708
885,10.215670,11.414721
886,10.963839,11.685659
887,12.403470,11.573137
888,11.063329,11.917981
889,11.874785,12.064620
890,10.774406,11.753752
891,7.166852,7.150988
892,8.143486,8.592257
893,8.501912,9.364922
894,10.086803,11.558075
895,10.246922,11.514283
896,11.985935,10.756317
897,10.835285,11.468224
898,11.367383,10.723117
899,9.676227,10.535352
900,8.087892,8.394032
901,8.843619,9.307957
902,9.072576,10.024074
903,11.048278,11.976929
904,10.946765,11.945798
905,11.411494,11.730094
906,11.916292,12.078365
907,11.747398,11.773019
908,9.853831,11.538935
909,8.118471,8.211921
910,8.597268,9.397270
911,8.725742,9.840060
912,10.645071,11.976621
913,10.348490,10.992093
914,10.984375,10.942997
915,11.277509,12.028845
916,11.230660,11.242872
917,8.889861,10.436649
918,7.683962,7.881167
919,8.663795,8.770010
920,9.153320,9.728884
921,10.996048,11.641133
922,10.903080,11.537019
923,11.559500,11.526070
924,11.967848,12.404830
925,11.986317,11.571019
926,10.001482,11.078739
927,7.605725,8.089587
928,8.673068,8.932066
929,8.455656,9.792697
930,10.578709,11.840516
931,10.320858,11.064388
932,11.027878,10.220549
933,11.531228,11.648875
934,11.283447,10.772985
935,8.875587,10.041600
936,9.262650,8.486975
937,9.953389,9.543899
938,10.014915,10.170787
939,13.204526,12.528802
940,12.207140,11.931608
941,12.614951,11.898116
942,13.171042,12.212739
943,13.175248,11.989920
944,11.039839,11.626756
945,8.927742,8.418144
946,9.628897,9.524743
947,9.458315,10.119947
948,12.545631,12.366191
949,11.368003,11.715736
950,12.032701,11.048244
951,13.092227,11.837077
952,12.200209,11.102779
953,9.854697,10.552117
954,9.141167,8.051170
955,9.757381,9.527769
956,10.057758,10.116312
957,12.609461,12.138922
958,12.364102,11.996764
959,12.865542,11.839632
960,13.590426,12.438614
961,13.193018,11.791633
962,11.029726,11.584794
963,9.139870,8.129984
964,9.828034,9.509422
965,9.492451,10.214821
966,12.444654,12.242674
967,10.912712,11.498873
968,12.113195,10.729160
969,13.013021,12.527825
970,12.246737,11.810614
971,9.890532,9.855609
972,8.833419,8.283073
973,9.599108,9.611668
974,9.833310,10.260403
975,12.313167,12.103653
976,11.861430,12.127742
977,12.574636,12.069704
978,13.119525,12.605848
979,13.055273,12.278720
980,10.854000,11.797884
981,8.794638,8.309363
982,9.371022,9.734931
983,9.269850,10.262283
984,11.965541,12.208646
985,10.891352,11.825332
986,11.976596,11.355697
987,12.413116,12.027505
988,11.963890,11.730955
989,9.775972,10.029496
990,8.750010,7.832993
991,9.281809,9.324905
992,9.900679,9.937015
993,12.125443,11.836897
994,12.108778,12.190894
995,12.754965,11.642086
996,12.901765,12.209602
997,13.155590,11.375723
998,10.913792,11.148508
999,9.017241,8.377256
1000,9.341493,9.480890
1001,9.330842,10.068216
1002,12.061280,12.056118
1003,11.053160,11.932738
1004,11.951795,10.852143
1005,12.535591,11.835931
1006,12.257444,11.559435
1007,9.838930,10.427202
1008,8.509468,8.328341
1009,9.609591,9.812419
1010,9.876136,10.227514
1011,11.382053,12.050138
1012,11.560769,12.234901
1013,12.182386,12.011021
1014,12.146726,12.269342
1015,12.287082,11.977329
1016,10.774032,11.737910
1017,8.520291,8.253225
1018,9.247121,9.738058
1019,9.356167,10.357816
1020,11.284197,12.126408
1021,10.654068,11.641542
1022,11.886656,11.344823
1023,11.573649,11.547372
1024,11.997123,11.518324
1025,9.724306,10.692165
1026,8.549389,7.888632
1027,9.547748,9.490981
1028,9.844081,10.287048
1029,11.353540,12.018539
1030,11.708187,11.933245
1031,12.296478,11.614849
1032,12.018026,12.344843
1033,12.223618,11.932789
1034,10.703401,11.429082
1035,8.932400,7.960671
1036,9.272459,9.147511
1037,9.445845,9.943444
1038,11.187941,11.798997
1039,10.830599,11.311033
1040,11.933395,10.787230
1041,11.365835,11.856930
1042,11.748493,11.224925
1043,9.702516,10.453585
1044,8.512520,8.169623
1045,9.389868,9.745048
1046,10.227968,10.454547
1047,11.416974,11.948268
1048,11.410884,12.181993
1049,12.246897,11.818811
1050,11.668978,11.991887
1051,12.307149,12.037619
1052,10.630237,11.668516
1053,8.725111,8.438710
1054,9.424109,9.615214
1055,9.276726,10.417474
1056,10.975878,12.015194
1057,10.833872,11.718389
1058,11.955434,11.272426
1059,11.600960,12.094283
1060,11.618567,11.496372
1061,9.806766,10.306087
1062,8.493660,7.878462
1063,9.372340,9.248381
1064,9.884383,10.273582
1065,11.360408,11.932253
1066,11.727410,11.864516
1067,12.310326,11.930855
1068,11.902723,12.467693
1069,12.230522,11.819195
1070,10.724718,10.967657
1071,8.543468,7.996915
1072,9.214391,9.284494
1073,9.284681,10.103973
1074,11.003805,12.133728
1075,10.676899,11.595195
1076,11.985265,10.967479
1077,11.373472,11.659602
1078,11.900092,11.231500
1079,9.743902,10.470874
1080,7.838201,8.487694
1081,8.616611,9.442470
1082,9.234672,9.809709
1083,11.152946,11.657937
1084,10.964952,11.792229
1085,11.570614,11.794349
1086,11.831664,12.234253
1087,11.877404,11.874796
1088,9.825115,11.337086
1089,7.758923,8.395081
1090,8.744074,9.423594
1091,8.737430,9.873168
1092,10.644238,12.075957
1093,10.367118,10.968329
1094,10.996323,10.939274
1095,11.431331,12.111537
1096,11.139137,11.549851
1097,8.934736,10.286757
1098,7.952336,7.858081
1099,8.859194,8.844016
1100,9.067022,9.729894
1101,11.105593,12.022491
1102,11.049383,11.982028
1103,11.623114,11.345461
1104,12.226387,12.063200
1105,12.193041,11.437718
1106,9.994101,11.084439
1107,7.831797,8.163282
1108,8.492864,9.169310
1109,8.586735,9.746316
1110,10.643864,11.976119
1111,10.567442,10.956473
1112,11.065512,10.453968
1113,11.790136,11.676194
1114,11.291157,10.844724
1115,8.914228,9.943003
1116,9.371057,8.676260
1117,9.929033,9.528420
1118,10.054600,10.199016
1119,13.011646,12.227225
1120,12.116930,12.203654
1121,12.784434,11.855902
1122,13.384461,12.702101
1123,13.189228,12.027558
1124,11.034365,11.561728
1125,9.399847,8.483588
1126,9.805048,9.810355
1127,9.436894,10.137138
1128,12.077120,12.168877
1129,11.289610,11.666241
1130,12.013237,11.211045
1131,12.874137,12.054980
1132,12.219401,11.120614
1133,9.839476,10.531443
1134,9.595881,8.222739
1135,9.859817,9.550456
1136,10.002760,10.301240
1137,13.207768,12.368002
1138,12.234360,12.184999
1139,12.558968,11.785805
1140,13.628019,12.744758
1141,13.187811,11.872588
1142,11.076121,11.473013
1143,9.235533,8.215082
1144,9.317666,9.461261
1145,9.392785,10.198066
1146,12.186628,12.528000
1147,11.229027,11.498494
1148,12.044793,10.930390
1149,13.114706,12.328304
1150,12.366394,11.240431
1151,9.848639,9.806022
1152,8.987805,8.327210
1153,9.504599,9.509312
1154,9.808238,10.403886
1155,12.553467,11.794280
1156,11.994358,12.082006
1157,12.598703,12.021324
1158,13.083714,12.557312
1159,12.971520,12.094144
1160,10.925660,11.716681
1161,8.839996,8.301906
1162,9.369010,9.569571
1163,9.280487,10.149271
1164,12.136756,12.130110
1165,11.108820,11.722301
1166,11.898347,11.499763
1167,12.765718,11.989069
1168,12.115099,11.653844
1169,9.684515,10.654752
1170,9.268404,7.947324
1171,9.492541,9.473182
1172,9.864867,9.911558
1173,12.575516,12.050695
1174,11.992674,11.725188
1175,12.765951,11.736100
1176,12.909198,12.118199
1177,12.998322,12.258412
1178,10.746389,11.504273
1179,8.637010,8.086979
1180,9.301522,9.478859
1181,9.275616,10.090956
1182,12.264086,12.207294
1183,11.189196,11.186110
1184,11.904907,10.697791
1185,12.581846,11.452476
1186,12.007665,10.979753
1187,9.830974,9.502849
1188,8.624186,8.387799
1189,9.544906,9.854353
1190,10.000937,10.561090
1191,11.488256,12.065666
1192,11.519251,12.323031
1193,12.245797,12.030565
1194,11.846579,12.139968
1195,12.406479,12.103997
1196,10.721582,11.732713
1197,8.358945,8.486967
1198,9.314348,9.711092
1199,9.304238,10.376819
1200,11.185952,12.053487
1201,10.820918,11.882297
1202,12.006865,11.615080
1203,11.548892,11.515649
1204,11.736588,11.334105
1205,9.769317,10.751862
1206,8.555876,7.869884
1207,9.365868,9.246752
1208,9.857019,10.093561
1209,11.314198,11.859336
1210,11.708591,11.777882
1211,12.303459,11.840283
1212,12.114304,12.257051
1213,12.316902,11.694833
1214,10.802508,11.260278
1215,8.708537,7.785796
1216,9.168413,9.327480
1217,9.374832,10.063046
1218,11.439854,12.020643
1219,11.091953,11.455998
1220,11.975183,10.844600
1221,11.492887,11.941525
1222,12.055717,11.231514
1223,9.815502,10.505539
1224,8.476022,8.174718
1225,9.507257,9.636720
1226,10.198841,10.445075
1227,11.410286,12.126725
1228,11.595572,12.021258
1229,12.280250,11.902083
1230,11.766428,12.247471
1231,12.141314,11.977094
1232,10.638758,11.205820
1233,8.532873,8.409288
1234,9.273430,9.582812
1235,9.281677,10.289006
1236,11.308851,11.785634
1237,10.718738,11.697188
1238,11.900129,10.981882
1239,11.240896,11.278021
1240,11.730995,10.869461
1241,9.751297,10.960897
1242,8.338219,7.766144
1243,9.268026,9.285447
1244,9.759562,10.023347
1245,11.349512,11.996625
1246,11.665056,11.696674
1247,12.223420,11.540440
1248,11.933175,11.759309
1249,12.229186,11.440784
1250,10.750164,11.345212
1251,8.552815,7.654200
1252,9.223699,9.331128
1253,9.312344,10.038373
1254,11.088487,11.996297
1255,10.799747,11.821077
1256,11.929578,10.658649
1257,11.756783,11.786287
1258,11.751123,10.651383
1259,9.760843,10.138474
1260,7.989932,8.368517
1261,8.747630,9.449739
1262,9.164170,9.873097
1263,11.199594,11.746642
1264,10.940629,11.893098
1265,11.380322,11.673884
1266,12.023066,12.326680
1267,12.054611,11.667859
1268,9.787029,10.716356
1269,7.977561,8.312324
1270,8.322993,9.239210
1271,8.686422,9.897592
1272,10.448962,12.031477
1273,10.372797,11.112618
1274,11.019044,10.568142
1275,11.429708,11.788342
1276,11.310337,10.881870
1277,8.893259,10.039779
1278,7.961531,7.792967
1279,8.684895,8.897378
1280,9.145939,9.570508
1281,11.226538,11.946272
1282,11.174827,11.868370
1283,11.564487,11.238760
1284,12.091835,11.984349
1285,12.160231,11.759864
1286,9.986619,11.025966
1287,7.948703,7.886140
1288,8.346073,9.132590
1289,8.592505,9.688710
1290,10.491583,12.049263
1291,10.440282,11.077507
1292,11.113257,10.387598
1293,11.783819,12.030930
1294,11.221430,10.860685
1295,8.915627,9.925599
1296,9.072074,8.314510
1297,10.103001,9.681635
1298,10.035743,10.117001
1299,12.728463,11.881892
1300,12.084588,12.069462
1301,12.967150,11.752495
1302,13.347426,12.047416
1303,13.328609,11.855959
1304,11.031093,11.417219
1305,9.389669,8.328394
1306,9.673010,9.430570
1307,9.369452,9.997431
1308,12.447956,11.970931
1309,11.149597,11.613371
1310,12.035757,10.818031
1311,13.031360,11.487298
1312,12.133740,11.249011
1313,9.863327,10.505658
1314,9.555367,7.958575
1315,9.994899,9.744178
1316,9.968287,10.065332
1317,12.934781,12.066260
1318,12.086569,12.048038
1319,12.747283,11.537377
1320,13.626885,12.773188
1321,13.206468,11.395248
1322,11.038692,11.666706
1323,9.181667,8.105852
1324,9.759138,9.661718
1325,9.431821,9.909672
1326,12.347288,12.028609
1327,11.208802,11.432362
1328,12.040960,10.660695
1329,13.090927,12.440568
1330,12.435689,10.867696
1331,9.868830,10.160694
1332,9.011467,8.092173
1333,9.485756,9.569435
1334,9.805274,10.105547
1335,12.500457,12.190406
1336,12.074850,12.067153
1337,12.602458,12.113062
1338,13.104504,12.575439
1339,12.834989,12.185343
1340,10.879456,11.886950
1341,8.807839,8.316868
1342,9.520074,9.467584
1343,9.259731,9.973305
1344,11.905281,11.991628
1345,11.157640,11.393538
1346,11.994863,11.035742
1347,12.284783,11.861467
1348,12.059042,11.643297
1349,9.724987,10.533485
1350,8.819068,7.704353
1351,9.429307,9.227784
1352,9.818724,9.813344
1353,12.298144,11.868387
1354,11.947508,11.968765
1355,12.683941,12.006622
1356,13.316425,12.178743
1357,13.009071,12.301579
1358,10.850705,11.061563
1359,8.795905,7.906631
1360,9.524324,9.143345
1361,9.313020,9.540816
1362,12.203968,11.816364
1363,11.169369,11.098686
1364,11.958422,10.979707
1365,12.751400,11.734035
1366,12.124820,11.444294
1367,9.793896,9.707507
1368,8.486198,8.309607
1369,9.315135,9.402675
1370,9.857582,10.352154
1371,11.279703,11.815773
1372,11.672278,12.149098
1373,12.309534,12.130019
1374,12.047859,12.169531
1375,12.367846,12.153026
1376,10.799276,11.404320
1377,8.653248,8.235501
1378,9.162009,9.485220
1379,9.371469,10.241636
1380,11.309482,11.781505
1381,10.843836,11.670025
1382,11.984303,11.228974
1383,11.546822,11.806527
1384,11.844345,11.400549
1385,9.746135,10.723003
1386,8.778056,7.829279
1387,9.314127,9.210302
1388,9.920532,10.035433
1389,11.387721,11.805735
1390,11.732345,11.837797
1391,12.272814,11.593588
1392,12.094745,11.691785
1393,12.349695,11.679341
1394,10.753136,11.281270
1395,8.697470,7.709087
1396,9.239870,9.146671
1397,9.362124,9.997659
1398,11.111736,12.157011
1399,10.914288,11.372836
1400,11.996970,11.000023
1401,11.796237,11.943542
1402,11.821352,11.039525
1403,9.758290,10.266620
1404,8.595416,8.062335
1405,9.407449,9.474754
1406,9.818237,10.210006
1407,11.318796,11.805134
1408,11.379984,11.830585
1409,12.269912,11.861716
1410,11.974005,11.634073
1411,11.937620,11.914077
1412,10.721622,11.757693
1413,8.571561,8.086556
1414,9.099421,9.576015
1415,9.367889,9.874972
1416,11.298560,11.815418
1417,10.702456,11.555696
1418,11.968769,10.873447
1419,11.231080,11.290564
1420,11.803669,10.788046
1421,9.707450,10.592169
1422,8.505971,7.801566
1423,9.276132,9.110162
1424,9.839251,9.955544
1425,11.307636,11.789279
1426,11.532848,11.994467
1427,12.234255,11.532727
1428,11.894101,11.927004
1429,12.135320,11.623619
1430,10.626427,11.337944
1431,8.704172,7.643951
1432,9.161951,9.143206
1433,9.302374,9.878126
1434,11.141853,11.960163
1435,11.014612,11.563909
1436,11.936368,11.043061
1437,11.773731,11.868443
1438,11.779637,11.277260
1439,9.668757,10.446513
1440,6.380093,7.217078
1441,7.542078,8.106127
1442,8.103491,8.592057
1443,9.576582,10.689597
1444,10.357468,11.299215
1445,11.252624,11.048790
1446,10.589663,11.729382
1447,11.340868,11.058092
1448,9.770824,11.213498
1449,5.989294,7.370236
1450,7.387515,8.205720
1451,7.637198,8.433403
1452,9.315680,11.007815
1453,9.305720,10.103191
1454,10.820286,10.170804
1455,10.620278,11.109409
1456,10.607065,10.558000
1457,8.605964,9.769292
1458,6.483868,6.801617
1459,7.596113,7.374538
1460,7.942338,8.272886
1461,9.882668,10.750379
1462,10.214859,10.774309
1463,11.229592,10.391390
1464,11.027242,11.150843
1465,11.490499,10.833437
1466,9.733782,10.536189
1467,6.267460,6.767827
1468,7.537098,7.714198
1469,7.635903,8.192364
1470,9.156839,10.294237
1471,9.272484,9.848186
1472,10.734680,9.747193
1473,10.341290,10.817609
1474,10.729321,10.421961
1475,8.668858,9.628880
1476,7.117301,7.110325
1477,8.336708,8.491925
1478,9.088315,8.648704
1479,11.089564,11.110003
1480,11.403330,11.376732
1481,12.698103,11.685511
1482,12.679748,11.461823
1483,12.775922,11.478920
1484,11.197270,11.421733
1485,7.292881,7.285076
1486,8.291229,8.547990
1487,8.682054,8.711879
1488,11.045928,11.221661
1489,10.640330,10.871741
1490,12.198967,10.239410
1491,11.760927,11.341820
1492,11.947029,11.455876
1493,9.870102,10.355408
1494,7.512508,7.215498
1495,8.162888,8.216325
1496,9.162099,8.500989
1497,10.923690,11.255163
1498,11.195829,10.898926
1499,12.772536,10.913870
1500,12.587968,11.605753
1501,12.660820,11.582546
1502,11.217498,11.190128
1503,6.934377,7.220513
1504,8.089916,8.188124
1505,8.627439,8.530379
1506,10.492229,10.850444
1507,10.419221,10.586323
1508,12.193185,10.114926
1509,12.039615,11.490883
1510,12.072506,10.936261
1511,9.817867,9.823370
1512,6.781853,6.793288
1513,8.280281,8.467031
1514,9.059952,8.610505
1515,10.992742,11.214359
1516,11.333566,11.495124
1517,12.617688,10.958772
1518,12.342633,11.719791
1519,12.554691,11.446676
1520,11.065821,11.246816
1521,6.678617,7.303872
1522,8.058202,8.627532
1523,8.549527,8.642487
1524,10.269777,11.115136
1525,10.508203,11.121589
1526,12.097187,10.490660
1527,11.594829,11.639647
1528,11.920581,11.384672
1529,9.774771,10.448396
1530,6.872504,7.117978
1531,8.247564,8.098561
1532,8.895059,8.243612
1533,10.903866,11.055098
1534,11.364178,11.064643
1535,12.504454,10.667337
1536,12.262894,11.684066
1537,12.531689,11.169599
1538,11.109684,11.387422
1539,7.400429,7.028247
1540,8.229413,8.203506
1541,8.549435,8.503090
1542,10.793818,11.087166
1543,10.227456,10.704173
1544,12.091169,10.090715
1545,11.578438,11.284807
1546,11.901904,10.640744
1547,9.810403,10.051080
1548,6.828327,6.935072
1549,8.335591,7.778417
1550,9.064454,8.514232
1551,10.689991,10.292437
1552,11.225424,10.487787
1553,12.655041,10.463581
1554,11.418887,10.875483
1555,12.750293,11.005971
1556,10.963856,10.643773
1557,7.092055,6.721174
1558,8.366344,8.028617
1559,8.606981,8.563953
1560,10.293062,10.363311
1561,10.329643,10.525799
1562,12.173978,9.908297
1563,10.981577,10.841840
1564,11.280471,10.290421
1565,9.747967,9.657622
1566,7.057005,6.309839
1567,8.369288,7.482645
1568,9.072968,7.953059
1569,10.707302,10.040861
1570,11.054714,10.374733
1571,12.658671,10.024225
1572,11.431350,10.888768
1573,12.181500,10.386842
1574,11.093383,9.848958
1575,6.937397,6.100191
1576,8.154327,7.583155
1577,8.641773,8.137876
1578,9.944507,10.336002
1579,10.030020,9.822125
1580,12.119540,9.487728
1581,11.020765,10.570978
1582,11.681366,9.910895
1583,9.690989,9.367116
1584,6.873281,6.734277
1585,8.273456,7.805799
1586,9.029974,8.613264
1587,10.183170,10.169001
1588,10.824126,10.708712
1589,12.379189,10.505307
1590,11.350769,10.766930
1591,12.061255,10.647509
1592,10.799002,10.427372
1593,6.796674,6.592791
1594,7.838264,7.801121
1595,8.508024,8.688224
1596,10.126795,10.067636
1597,10.139284,10.274513
1598,12.057681,9.812905
1599,10.717846,10.680637
1600,11.746116,10.406532
1601,9.704717,9.742820
1602,7.065703,6.302901
1603,8.466733,7.545680
1604,8.966616,8.013037
1605,10.382732,10.038760
1606,11.026558,10.153738
1607,12.343053,10.146905
1608,11.252668,10.967561
1609,11.984236,10.391397
1610,10.881280,10.377088
1611,7.156815,6.367347
1612,8.042506,7.700489
1613,8.573498,8.208440
1614,9.941364,10.232218
1615,10.178537,9.867924
1616,12.037402,9.601498
1617,10.884178,10.269754
1618,11.789857,9.763695
1619,9.689101,9.258943
1620,7.964730,8.195013
1621,8.951179,9.034967
1622,9.217794,9.232760
1623,11.237888,11.648523
1624,10.934487,11.214763
1625,11.459633,10.842928
1626,11.772813,11.934460
1627,11.977037,11.636803
1628,9.814466,11.172022
1629,7.813100,7.981278
1630,8.539740,9.018916
1631,8.721632,9.237427
1632,10.630110,11.829037
1633,10.320965,10.865335
1634,10.974829,10.182301
1635,11.574058,11.581774
1636,11.166594,10.868536
1637,8.941724,10.035357
1638,7.801031,7.756556
1639,8.867183,8.548566
1640,9.139759,9.069419
1641,11.284214,11.583919
1642,11.205606,11.062498
1643,11.465789,10.811209
1644,11.986981,12.056684
1645,12.221087,11.178478
1646,9.927301,10.658977
1647,7.517047,7.729366
1648,8.680932,8.546497
1649,8.594558,9.037967
1650,10.517759,11.591047
1651,10.380642,10.570140
1652,11.116020,10.179462
1653,11.454645,11.465072
1654,11.317099,10.313740
1655,8.944802,9.758704
1656,9.506353,8.061694
1657,9.680321,8.935586
1658,10.029756,9.506715
1659,13.194718,11.796323
1660,11.996636,11.391979
1661,12.817020,10.997792
1662,13.299921,12.331857
1663,13.089451,11.549781
1664,11.030559,10.997283
1665,9.430223,8.088219
1666,9.562931,9.196658
1667,9.391843,9.246750
1668,12.176677,12.002579
1669,11.148907,11.000671
1670,12.019239,10.225882
1671,12.901654,11.672271
1672,12.291751,11.387988
1673,9.809248,9.734012
1674,9.535080,8.103526
1675,9.934792,9.072176
1676,9.955729,9.432261
1677,12.951635,11.807649
1678,12.140163,11.259417
1679,12.612195,10.913816
1680,13.547235,12.380639
1681,13.403732,11.204405
1682,11.037936,11.055330
1683,9.485609,8.506672
1684,9.720611,8.828780
1685,9.436914,9.232500
1686,12.301708,12.087698
1687,11.403620,11.098991
1688,12.003575,10.239947
1689,12.868090,11.990211
1690,12.354294,10.816272
1691,9.809832,10.058830
1692,9.121907,8.332052
1693,9.496404,8.964442
1694,10.268661,9.517382
1695,12.299606,11.658548
1696,11.753056,11.302240
1697,12.548760,11.274816
1698,13.427584,12.224828
1699,12.755651,11.474286
1700,10.870503,11.153558
1701,8.758147,8.178730
1702,9.357458,8.985520
1703,9.268232,9.544228
1704,12.353492,11.770792
1705,10.977795,11.067178
1706,11.940985,10.633667
1707,12.892275,11.993661
1708,12.188262,11.076880
1709,9.684240,10.198172
1710,9.158567,8.122001
1711,9.583447,8.645410
1712,9.847564,9.101933
1713,12.562756,12.210299
1714,11.712800,11.067720
1715,12.695165,10.805772
1716,13.279376,12.223808
1717,12.793667,11.475989
1718,10.808857,11.037125
1719,8.768057,8.137808
1720,9.433876,8.726385
1721,9.326749,9.289303
1722,11.880866,11.798076
1723,11.112662,10.655172
1724,11.978899,10.224613
1725,12.611785,11.698016
1726,12.069078,11.072228
1727,9.766964,9.827311
1728,8.610124,7.646429
1729,9.295674,8.561676
1730,9.814720,9.481656
1731,11.299191,11.215030
1732,11.523331,11.396637
1733,12.219679,11.251795
1734,11.864280,11.913187
1735,12.487066,11.261446
1736,10.735590,11.256570
1737,8.705736,7.683942
1738,9.079432,8.911958
1739,9.331985,9.471934
1740,11.054391,11.460388
1741,10.821109,11.091412
1742,11.948269,10.651924
1743,11.585688,11.784338
1744,11.773928,10.976177
1745,9.753412,10.162355
1746,8.567288,7.304913
1747,9.523046,8.209671
1748,9.808207,9.242040
1749,11.457073,11.016088
1750,11.274183,11.043091
1751,12.211115,11.014797
1752,11.718790,11.655817
1753,12.272617,11.143735
1754,10.718856,10.665152
1755,8.637547,7.269752
1756,9.098577,8.475971
1757,9.357158,9.086226
1758,11.377273,11.457265
1759,10.972450,10.635941
1760,11.942906,10.556583
1761,11.515712,11.567562
1762,11.971979,10.857061
1763,9.747246,10.345044
1764,8.530394,7.422972
1765,9.369802,8.702110
1766,9.699819,9.495872
1767,11.258210,11.067089
1768,11.473738,11.006898
1769,12.142294,11.454592
1770,12.030970,11.460275
1771,11.906034,11.159570
1772,10.573367,11.098176
1773,8.397587,7.501746
1774,9.298375,8.737135
1775,9.255138,9.457202
1776,11.202204,11.022119
1777,10.734161,10.960340
1778,11.770087,10.505868
1779,11.547585,11.275702
1780,11.511191,11.088495
1781,9.659629,10.180965
1782,8.693763,6.954984
1783,9.080360,8.220834
1784,9.863654,8.893354
1785,11.451913,11.170272
1786,11.545323,10.985033
1787,12.206137,10.790809
1788,11.876646,11.393273
1789,12.053234,11.448683
1790,10.671036,10.944946
1791,8.304043,6.977729
1792,9.212629,8.169102
1793,9.310181,9.111654
1794,11.417767,11.260892
1795,10.799251,10.634153
1796,11.841420,10.264648
1797,11.505294,11.564178
1798,11.654507,10.602750
1799,9.711315,9.873148
1800,8.030964,8.094688
1801,8.708712,8.909770
1802,9.102767,9.261672
1803,11.167295,11.555869
1804,10.788618,11.298317
1805,11.473961,10.975807
1806,11.962662,12.073536
1807,11.781239,11.369103
1808,9.794582,10.483845
1809,7.850008,8.112355
1810,8.698700,8.790086
1811,8.738386,9.280447
1812,10.491982,11.309214
1813,10.325197,10.825539
1814,11.011909,10.290915
1815,11.352998,11.775911
1816,11.178200,10.822652
1817,8.913782,10.010293
1818,7.791567,7.695895
1819,8.642179,8.490907
1820,9.092937,9.118616
1821,11.235748,11.750478
1822,10.997902,11.236526
1823,11.551708,10.703570
1824,11.998486,11.864169
1825,11.948647,10.985601
1826,9.900275,10.698418
1827,7.739467,7.685834
1828,8.524000,8.621572
1829,8.608961,9.189939
1830,10.772184,11.801835
1831,10.380619,11.015841
1832,11.119833,10.057882
1833,11.535849,11.592043
1834,11.275099,11.175881
1835,8.883711,9.464499
1836,9.369555,8.175177
1837,9.624200,8.902417
1838,10.000148,9.685066
1839,12.570256,11.807080
1840,12.171969,11.371692
1841,12.620672,11.021741
1842,13.459539,12.198831
1843,12.977334,11.415623
1844,11.053276,10.983222
1845,9.110559,8.061499
1846,9.610416,9.272510
1847,9.362795,9.378613
1848,12.385964,11.771367
1849,11.161383,10.872300
1850,12.038328,10.150600
1851,13.120150,12.065769
1852,12.140211,11.416080
1853,9.809086,10.250870
1854,9.550449,8.041535
1855,9.917571,8.649173
1856,10.003079,9.438522
1857,12.942571,11.961086
1858,12.203298,11.266243
1859,12.994317,10.883018
1860,13.677830,12.304134
1861,13.282758,11.363340
1862,11.043234,11.095819
1863,9.476988,8.064549
1864,9.595017,8.834840
1865,9.447638,9.267817
1866,12.680707,11.905301
1867,11.259755,10.933010
1868,11.945274,10.015772
1869,12.661531,12.215565
1870,12.107298,10.953533
1871,9.836331,10.090538
1872,9.030902,8.222402
1873,9.546880,9.051168
1874,9.791647,9.673193
1875,12.231033,11.689534
1876,11.847449,11.171027
1877,12.699364,11.179746
1878,12.913085,12.212231
1879,12.803457,11.516071
1880,10.745316,11.245250
1881,8.682119,8.152996
1882,9.462188,8.923595
1883,9.270433,9.498945
1884,11.866759,11.885019
1885,11.189037,11.118280
1886,11.873250,10.396158
1887,12.846398,11.782201
1888,12.085105,11.092278
1889,9.740385,10.057527
1890,9.270994,7.781462
1891,9.551383,8.592916
1892,9.864890,9.234098
1893,12.625689,11.765094
1894,11.830822,11.103160
1895,12.587761,10.947738
1896,12.998090,12.379381
1897,12.914196,11.264712
1898,10.797617,10.864404
1899,9.101511,7.808352
1900,9.563870,8.507047
1901,9.333425,9.187394
1902,11.848177,11.919811
1903,11.214344,10.763121
1904,11.902174,10.217607
1905,12.802405,11.986182
1906,12.032415,10.892626
1907,9.775647,9.773651
1908,8.541955,7.603067
1909,9.550715,8.826632
1910,9.817149,9.536888
1911,11.362752,11.438872
1912,11.505470,11.291636
1913,12.171976,11.263678
1914,11.713167,11.908545
1915,12.229148,11.192604
1916,10.730227,11.081266
1917,8.602798,7.557350
1918,9.112515,8.774370
1919,9.323014,9.495056
1920,11.026610,11.454143
1921,10.774990,10.931884
1922,11.844191,10.647149
1923,11.557024,11.592974
1924,11.641129,11.074177
1925,9.807774,10.348139
1926,8.332203,7.230777
1927,9.296611,8.161314
1928,9.896606,9.142571
1929,11.400387,11.288835
1930,11.438253,11.234116
1931,12.199258,10.908856
1932,11.824518,11.824278
1933,12.130490,11.227798
1934,10.740652,10.462014
1935,8.601019,7.113297
1936,9.207788,8.349878
1937,9.383895,9.248157
1938,11.151642,11.447367
1939,10.747793,10.813385
1940,11.897421,10.502628
1941,11.513233,11.679800
1942,12.022095,10.957378
1943,9.756762,10.082655
1944,8.390524,7.287399
1945,9.391128,8.729815
1946,9.787006,9.615641
1947,11.254091,10.920099
1948,11.496721,11.291295
1949,12.111493,11.507620
1950,12.001658,11.712351
1951,12.200180,11.271999
1952,10.596237,10.928346
1953,8.221344,7.263664
1954,9.154900,8.556734
1955,9.229532,9.544991
1956,11.126985,11.059479
1957,10.734658,10.843577
1958,11.741028,10.531719
1959,11.462328,11.158239
1960,11.632309,11.009109
1961,9.709174,9.896426
1962,8.466456,7.185078
1963,9.514593,8.268494
1964,9.833735,8.997369
1965,11.441474,10.715072
1966,11.531691,11.023122
1967,12.129745,10.996662
1968,12.027443,11.531495
1969,12.137147,11.237436
1970,10.636641,10.761187
1971,8.712350,7.179707
1972,9.488639,8.634475
1973,9.388600,9.068453
1974,11.089620,11.259331
1975,10.664845,10.585354
1976,11.840408,10.321285
1977,11.489109,11.438590
1978,11.879391,10.647535
1979,9.708608,10.260242
1980,8.009438,8.123667
1981,8.564638,8.708393
1982,9.115515,9.345215
1983,11.040381,11.489471
1984,10.999732,11.243484
1985,11.513813,10.970299
1986,11.921258,12.232622
1987,11.932245,11.217029
1988,9.829841,10.982074
1989,8.010239,8.182500
1990,8.577632,9.023849
1991,8.724787,9.157595
1992,10.648841,11.550933
1993,10.178590,10.652274
1994,10.974683,10.349772
1995,11.543615,11.796080
1996,11.295053,11.085270
1997,8.907894,9.944703
1998,7.922337,7.493851
1999,8.616091,8.405299
2000,9.076303,9.165656
2001,11.281844,11.504215
2002,11.170797,10.813293
2003,11.526978,10.716842
2004,12.015091,12.238007
2005,12.124452,11.211016
2006,9.952467,10.802154
2007,8.021163,7.773047
2008,8.601566,8.557390
2009,8.540043,9.273046
2010,10.606929,11.359993
2011,10.345211,10.882792
2012,11.119948,9.967841
2013,11.557581,11.795361
2014,11.335962,10.924037
2015,8.965273,9.499640
2016,9.090041,8.295320
2017,9.587332,9.091064
2018,9.998785,9.484892
2019,12.751621,11.841421
2020,12.048902,11.377871
2021,12.609071,11.115311
2022,13.334340,12.242356
2023,13.116165,11.704905
2024,10.966073,11.119891
2025,9.205042,8.207915
2026,9.368025,9.155127
2027,9.435055,9.416292
2028,12.519472,11.790331
2029,11.180622,10.916971
2030,11.965773,10.144490
2031,13.041654,11.976471
2032,12.386799,11.137777
2033,9.873664,10.304510
2034,9.400109,7.906983
2035,10.016893,8.927770
2036,10.048370,9.384446
2037,12.966151,12.216426
2038,12.069269,11.612679
2039,12.819947,11.078812
2040,13.394069,12.474419
2041,13.083768,11.405757
2042,11.042467,11.215085
2043,9.274653,8.574169
2044,9.415344,8.725012
2045,9.480262,9.230275
2046,12.336454,12.217384
2047,11.383556,11.395003
2048,12.063967,10.864118
2049,12.864724,12.247627
2050,12.395267,11.048470
2051,9.853502,9.898118
2052,8.584790,8.193490
2053,9.648187,8.933964
2054,9.759268,9.421898
2055,12.428225,11.608090
2056,11.829338,11.297004
2057,12.512584,11.233768
2058,13.497376,12.306482
2059,12.836550,11.630992
2060,10.771989,11.254019
2061,8.559002,8.025406
2062,9.262864,9.244258
2063,9.303905,9.614373
2064,11.728199,12.027372
2065,11.012673,11.235461
2066,11.964355,11.044693
2067,12.801079,11.809161
2068,12.103652,10.864948
2069,9.759397,10.136834
2070,8.954982,7.841959
2071,9.571513,8.782587
2072,9.859964,9.294537
2073,12.176546,11.893052
2074,11.826826,11.039719
2075,12.728264,10.901222
2076,13.442591,12.106900
2077,12.912512,11.541899
2078,10.818899,10.965439
2079,8.587194,7.794036
2080,9.481401,8.674763
2081,9.337730,9.220701
2082,11.892977,12.055090
2083,11.079726,10.928037
2084,12.015697,10.818456
2085,12.573845,12.088673
2086,12.086702,10.917872
2087,9.851362,9.752851
2088,8.743953,7.767540
2089,9.340492,8.782075
2090,9.833525,9.605284
2091,11.327526,11.147681
2092,11.616613,11.395535
2093,12.244833,11.370494
2094,12.099379,11.784389
2095,12.125286,11.415921
2096,10.835932,10.947480
2097,8.632391,7.765799
2098,9.167650,8.968858
2099,9.396128,9.445034
2100,10.968343,11.567558
2101,11.043102,11.149620
2102,11.956711,10.748501
2103,11.275271,11.557881
2104,11.809579,11.339003
2105,9.742390,10.562673
2106,8.337024,7.325394
2107,9.584253,8.476657
2108,9.796278,9.298485
2109,11.416374,11.302874
2110,11.659889,11.237668
2111,12.217015,11.113563
2112,11.870935,11.804555
2113,12.297268,11.156465
2114,10.799448,10.843120
2115,8.310615,7.242309
2116,9.276051,8.499315
2117,9.331381,9.410503
2118,11.001515,11.495478
2119,11.038992,10.908971
2120,11.811169,10.454201
2121,11.354346,11.479606
2122,11.875092,10.669026
2123,9.685650,9.948375
2124,8.574719,7.660854
2125,9.433986,8.773321
2126,9.786673,9.397699
2127,11.498747,10.975344
2128,11.493072,11.014475
2129,12.176009,11.172051
2130,11.780234,11.666142
2131,12.141701,11.071755
2132,10.636021,11.165260
2133,8.454811,7.542493
2134,9.041258,8.679108
2135,9.306871,9.377268
2136,11.279301,11.252401
2137,10.780812,11.054977
2138,11.982022,10.547458
2139,11.546534,11.483484
2140,11.700232,10.676411
2141,9.736250,10.390404
2142,8.466745,7.305595
2143,9.293951,8.099040
2144,9.801015,8.979830
2145,11.304420,11.135060
2146,11.508781,11.320165
2147,12.266689,10.869896
2148,11.804741,11.614176
2149,12.147451,11.292581
2150,10.699617,10.795878
2151,8.684927,7.008060
2152,9.169292,8.212292
2153,9.345421,9.096825
2154,11.026412,11.153366
2155,10.916708,10.737626
2156,11.852962,10.472088
2157,11.472586,11.212386
2158,11.700891,10.691064
2159,9.744842,10.347977
2160,6.338497,7.336915
2161,7.301965,8.263639
2162,8.068850,8.696003
2163,9.848876,11.007930
2164,10.240953,10.884048
2165,11.270913,11.189498
2166,10.939158,11.817769
2167,11.184640,11.371573
2168,9.701591,11.059599
2169,6.401759,7.339001
2170,7.286251,7.766222
2171,7.667984,8.632611
2172,9.593380,11.155045
2173,9.346910,10.265587
2174,10.733793,10.134783
2175,9.973391,11.498448
2176,10.607940,10.671968
2177,8.541167,10.055773
2178,6.478622,6.848254
2179,7.560480,7.582255
2180,7.935098,8.477327
2181,9.860906,10.978716
2182,10.299045,10.610588
2183,11.239767,10.672126
2184,10.800180,11.319069
2185,11.192673,10.828827
2186,9.716710,10.693855
2187,6.197935,6.914179
2188,7.446779,7.880270
2189,7.619298,7.966410
2190,9.423567,11.257664
2191,9.362795,10.722777
2192,10.704037,9.539074
2193,10.249737,11.354278
2194,10.545515,10.352506
2195,8.660527,9.375779
2196,7.232487,7.462565
2197,8.363835,8.512467
2198,9.105171,8.868235
2199,11.037155,11.128352
2200,11.597773,11.517236
2201,12.715434,11.336913
2202,12.444700,12.210831
2203,12.558437,11.787622
2204,11.092926,11.823522
2205,7.063515,7.513010
2206,8.162821,8.548119
2207,8.523740,8.926943
2208,10.580792,11.501203
2209,10.570618,11.118181
2210,12.186481,10.384642
2211,11.762094,11.503202
2212,11.651726,11.200691
2213,9.847382,10.442200
2214,7.154716,7.368281
2215,8.447153,8.329963
2216,9.181734,8.900907
2217,11.066797,11.237739
2218,11.190617,11.503568
2219,12.637792,11.157482
2220,12.246432,11.686300
2221,12.551769,11.978042
2222,11.266687,11.399497
2223,6.896066,7.016540
2224,8.195084,8.657858
2225,8.655621,8.814596
2226,10.607264,11.136870
2227,10.160380,11.361669
2228,12.262957,10.170112
2229,11.438299,11.437789
2230,11.823701,10.911373
2231,9.817353,10.202400
2232,7.032418,7.486758
2233,8.429018,8.684347
2234,9.004813,8.955807
2235,10.842505,11.146549
2236,11.227703,11.329957
2237,12.561686,11.397063
2238,12.182148,12.025223
2239,12.520977,12.424862
2240,11.018366,11.640249
2241,6.926335,7.412864
2242,8.109383,8.436092
2243,8.572012,8.787883
2244,10.443955,11.360475
2245,10.490991,11.219655
2246,12.185349,10.577147
2247,11.010619,11.148014
2248,11.607862,11.235830
2249,9.695196,10.291868
2250,7.055802,7.099237
2251,8.126985,8.194047
2252,8.953451,8.559603
2253,10.867132,11.240712
2254,11.074019,11.247818
2255,12.658315,11.683453
2256,11.961773,12.070430
2257,12.416769,11.672350
2258,11.001605,10.809693
2259,7.170851,7.305349
2260,8.134701,8.710464
2261,8.502060,8.526911
2262,10.370025,11.487505
2263,10.026361,10.630717
2264,12.091890,10.096514
2265,11.030190,11.095722
2266,11.615400,11.037227
2267,9.744757,10.089024
2268,7.140073,6.970413
2269,8.422371,8.328422
2270,9.051783,8.386661
2271,10.325361,10.585808
2272,11.259668,10.744774
2273,12.417975,11.309852
2274,11.344856,11.017753
2275,11.914068,11.184509
2276,10.956011,10.900021
2277,7.265788,7.038598
2278,8.037741,8.260570
2279,8.640386,8.437479
2280,10.297170,10.612705
2281,10.338373,10.610015
2282,12.105059,9.921811
2283,10.865547,10.953110
2284,11.384731,10.374740
2285,9.698307,9.999753
2286,7.300177,6.685494
2287,8.121135,7.714832
2288,9.052702,7.998833
2289,10.346354,10.312597
2290,11.034332,10.664637
2291,12.509655,10.191106
2292,11.283961,11.182844
2293,12.089473,11.010460
2294,10.998984,10.494555
2295,6.978064,6.388950
2296,8.083565,7.878706
2297,8.614765,8.046222
2298,10.177693,10.450277
2299,10.066658,10.343737
2300,12.080580,9.501291
2301,10.687652,10.983358
2302,11.391945,10.789953
2303,9.700154,9.617023
2304,7.171996,6.749333
2305,8.168138,7.967372
2306,8.936535,8.405946
2307,10.009008,10.271398
2308,10.690943,10.676838
2309,12.363185,10.627199
2310,11.128711,11.277107
2311,12.142201,10.963949
2312,10.904263,11.031392
2313,7.260375,6.791044
2314,8.165483,8.189285
2315,8.534485,8.372112
2316,10.142951,10.570860
2317,10.042080,10.365080
2318,11.885110,9.831124
2319,10.499066,10.790203
2320,11.322436,10.302073
2321,9.599747,9.757330
2322,6.799123,6.442159
2323,7.992699,7.814598
2324,8.954845,8.128118
2325,10.448518,10.302917
2326,10.914907,10.582701
2327,12.444016,10.288923
2328,11.378255,10.512266
2329,12.014338,10.970366
2330,10.740288,10.743427
2331,6.863215,6.445525
2332,8.204506,7.755256
2333,8.602036,8.185349
2334,10.054819,10.054630
2335,10.126844,10.411102
2336,11.917329,9.563511
2337,10.692591,11.272484
2338,11.145925,9.964653
2339,9.634484,9.643340
2340,7.878242,8.274632
2341,8.568130,8.970848
2342,9.144910,9.668382
2343,10.997847,11.790400
2344,10.752687,11.340617
2345,11.387572,11.315537
2346,11.829933,12.314896
2347,11.966153,11.564987
2348,9.864036,11.001082
2349,7.940272,8.144262
2350,8.640681,8.964783
2351,8.656515,9.647234
2352,10.576870,11.994754
2353,10.215893,11.415412
2354,10.986091,10.639078
2355,11.252990,11.539697
2356,11.145548,11.229298
2357,8.928367,9.700220
2358,7.647297,8.071736
2359,8.885077,8.740527
2360,9.034353,9.497870
2361,10.909738,11.773823
2362,11.067904,11.501968
2363,11.477723,11.202798
2364,11.880078,11.933674
2365,11.821484,11.467311
2366,9.982286,11.275418
2367,7.459673,7.875707
2368,8.603414,9.024088
2369,8.541757,9.623130
2370,10.504436,12.087634
2371,10.296827,11.297281
2372,11.043184,10.264957
2373,11.506667,11.707193
2374,11.356769,10.903859
2375,8.930599,9.103233
2376,9.360157,8.488363
2377,9.991354,9.327317
2378,9.993630,9.593763
2379,12.721201,11.836335
2380,12.100725,11.598276
2381,12.527636,11.525395
2382,13.478020,12.262177
2383,13.006264,11.695792
2384,10.990046,11.406886
2385,9.418220,8.300637
2386,9.608858,9.219494
2387,9.374928,9.767013
2388,12.102241,12.148446
2389,11.284641,11.664036
2390,11.946630,10.643989
2391,13.169484,12.224374
2392,12.214622,11.360302
2393,9.834546,10.562654
2394,9.357024,8.162514
2395,9.894388,9.497070
2396,10.019570,9.907917
2397,12.882006,12.149568
2398,12.226530,11.872856
2399,12.752516,11.421397
2400,13.584965,12.639771
2401,13.035249,11.542526
2402,10.971160,11.260993
2403,9.117709,8.212934
2404,9.851698,9.140367
2405,9.366973,9.779385
2406,12.290133,12.414232
2407,11.236177,11.584785
2408,11.867937,10.706893
2409,12.712687,12.416291
2410,12.236568,11.937321
2411,9.833089,10.416618
2412,8.928872,8.302580
2413,9.387313,9.260781
2414,9.851962,9.832720
2415,12.100817,11.760481
2416,11.830997,11.922642
2417,12.723730,11.683664
2418,13.018651,12.301904
2419,13.159468,11.806035
2420,10.787844,11.816260
2421,8.740899,8.137809
2422,9.404761,9.229139
2423,9.169399,9.841246
2424,12.245489,11.966748
2425,11.243958,11.367334
2426,11.785587,10.966963
2427,12.478218,12.181218
2428,12.134830,10.785421
2429,9.741860,10.544405
2430,8.891095,7.992661
2431,9.293180,9.144842
2432,9.812576,9.583619
2433,12.476156,12.205037
2434,11.941568,11.561631
2435,12.814194,11.331965
2436,13.384106,12.117119
2437,12.730841,11.546268
2438,10.873523,11.498618
2439,8.685654,7.829509
2440,9.398094,9.220442
2441,9.291069,9.545183
2442,12.092062,12.041901
2443,10.950855,11.512949
2444,11.960880,10.724553
2445,12.774533,11.672555
2446,12.009670,11.177035
2447,9.748911,10.328220
2448,8.630531,7.768125
2449,9.358184,8.996910
2450,9.740315,9.984731
2451,11.527296,11.472265
2452,11.679846,11.661301
2453,12.191916,11.875251
2454,11.823182,11.804070
2455,12.214800,11.494781
2456,10.846077,10.921013
2457,8.442976,7.722522
2458,9.440232,8.983164
2459,9.263441,9.969125
2460,10.893953,11.741824
2461,10.782667,11.339037
2462,11.873510,11.052288
2463,11.253404,11.552327
2464,11.622849,11.473818
2465,9.720412,10.392253
2466,8.786593,7.484508
2467,9.456706,8.654834
2468,9.856528,9.612303
2469,11.557085,11.382842
2470,11.450252,11.752547
2471,12.170223,11.355946
2472,11.620363,11.739687
2473,12.386613,11.589609
2474,10.793348,11.478936
2475,8.820984,7.416477
2476,9.357198,8.762995
2477,9.265584,9.516819
2478,11.638436,11.759555
2479,10.914158,11.676692
2480,11.867919,10.726049
2481,11.670023,11.997482
2482,11.646137,11.167295
2483,9.844490,10.383584
2484,8.481005,7.410112
2485,9.125114,8.856571
2486,9.798439,9.724682
2487,11.365309,10.940194
2488,11.247143,11.154663
2489,12.189697,11.435335
2490,11.982641,11.905793
2491,12.154566,11.468902
2492,10.715626,11.305773
2493,8.720732,7.536534
2494,9.238996,8.919096
2495,9.276832,9.480941
2496,10.997580,11.171371
2497,10.789259,11.041574
2498,11.773472,10.822239
2499,11.477151,11.418968
2500,11.730958,11.081783
2501,9.703558,10.046839
2502,8.748199,7.218592
2503,9.447343,8.563519
2504,9.760750,9.512128
2505,11.635668,11.161611
2506,11.427338,11.293350
2507,12.217220,11.305033
2508,11.876956,11.206212
2509,12.189863,11.738996
2510,10.647001,11.231597
2511,8.572412,7.346382
2512,9.100136,8.637575
2513,9.294809,9.478036
2514,11.281149,11.366610
2515,10.531231,10.978362
2516,11.835482,10.366280
2517,11.494613,11.118674
2518,11.931729,11.299373
2519,9.752702,10.514091
2520,7.908350,8.338622
2521,8.731717,9.106525
2522,9.168778,9.735722
2523,11.107665,11.892914
2524,10.735383,11.444759
2525,11.417069,11.450714
2526,12.207908,12.233600
2527,11.729792,11.614887
2528,9.851768,10.648968
2529,7.945765,8.195585
2530,8.738765,8.978203
2531,8.713841,9.748878
2532,10.588028,11.937868
2533,10.268541,11.195614
2534,11.000257,10.715413
2535,11.293251,12.061478
2536,11.232662,11.390396
2537,8.959876,10.423175
2538,8.072142,7.931301
2539,8.693452,8.718930
2540,9.111364,9.506002
2541,11.304320,11.863239
2542,11.160049,11.423647
2543,11.489324,11.247288
2544,11.521567,12.245498
2545,11.913099,11.414768
2546,9.990554,11.142416
2547,8.070565,7.772555
2548,8.381065,8.942501
2549,8.508174,9.452692
2550,10.726160,12.143150
2551,10.277805,10.833765
2552,10.958101,10.350226
2553,11.332565,11.884377
2554,11.497244,11.029290
2555,8.856374,10.117709
2556,9.071107,8.353176
2557,9.755021,9.401529
2558,9.966291,9.829537
2559,13.221973,11.934328
2560,12.037934,11.570877
2561,12.399893,11.678249
2562,13.117190,12.123627
2563,13.136531,11.473009
2564,10.981626,11.471367
2565,9.419488,8.295545
2566,9.581557,9.175043
2567,9.366737,9.825159
2568,12.433542,12.096052
2569,11.241736,11.135438
2570,11.929030,10.854092
2571,12.457103,12.116286
2572,12.303227,11.492482
2573,9.794046,9.814053
2574,9.104248,8.232858
2575,9.768288,9.125719
2576,10.019871,9.839841
2577,12.726006,12.368737
2578,12.242218,11.757999
2579,12.707339,11.522407
2580,13.594358,12.125726
2581,13.182136,11.687224
2582,10.983730,11.394542
2583,9.113781,8.175845
2584,9.714383,8.999986
2585,9.411495,9.817581
2586,12.514592,12.628935
2587,11.317877,11.608315
2588,11.831103,10.414317
2589,12.792020,12.700804
2590,12.112595,11.222771
2591,9.798084,10.023154
2592,8.973225,8.119279
2593,9.633571,9.445323
2594,9.790331,9.853789
2595,12.405958,11.930823
2596,11.792398,11.771772
2597,12.481526,11.654914
2598,12.845901,12.095576
2599,12.855391,12.072671
2600,10.791331,11.607457
2601,9.128557,8.409160
2602,9.335584,9.498310
2603,9.233797,9.638431
2604,11.706240,12.037931
2605,10.969628,11.129674
2606,11.851866,10.802274
2607,12.448509,12.187967
2608,12.118057,11.134875
2609,9.802641,10.527870
2610,9.029058,7.998618
2611,9.537763,9.176716
2612,9.815456,9.680225
2613,12.336208,12.160131
2614,11.884478,11.506457
2615,12.640598,11.764775
2616,13.058515,12.450994
2617,12.853824,11.643758
2618,10.820782,11.298975
2619,8.849583,7.967049
2620,9.527765,9.193983
2621,9.302608,9.488476
2622,12.149836,12.116453
2623,11.200539,11.266630
2624,11.897546,10.652535
2625,12.400990,12.230288
2626,12.002394,11.113086
2627,9.807815,10.238923
2628,8.526673,7.966740
2629,9.344221,9.038239
2630,9.789187,9.810279
2631,11.433733,11.391212
2632,11.556017,11.515713
2633,12.150799,11.502889
2634,11.994818,11.379585
2635,12.325497,11.418118
2636,10.714980,11.368795
2637,8.601276,7.943133
2638,9.083622,9.023132
2639,9.280823,9.835985
2640,11.177176,11.615123
2641,10.698286,11.128401
2642,11.844049,11.035239
2643,11.381606,11.364280
2644,11.762699,11.545045
2645,9.688681,10.539603
2646,8.585690,7.414210
2647,9.362334,8.694090
2648,9.852160,9.641757
2649,11.423435,11.634023
2650,11.457906,11.305886
2651,12.265936,11.391455
2652,12.020546,12.096161
2653,12.190709,11.165847
2654,10.715656,10.952027
2655,8.732473,7.297557
2656,9.295225,8.635379
2657,9.293798,9.587674
2658,11.343884,11.699437
2659,10.760227,11.107492
2660,11.909004,10.611156
2661,11.590731,11.721416
2662,11.795956,10.636625
2663,9.728971,9.798963
2664,8.528214,7.680892
2665,9.348780,9.081875
2666,9.696881,9.801725
2667,11.373983,11.203758
2668,11.359598,11.412925
2669,12.171278,11.516112
2670,11.958080,11.725541
2671,12.180372,11.760624
2672,10.662917,11.442704
2673,8.532332,7.925414
2674,9.268733,9.049379
2675,9.277345,9.731431
2676,11.019126,11.213102
2677,10.528531,10.916491
2678,11.752672,10.914191
2679,11.317984,11.456663
2680,11.780329,11.285484
2681,9.642547,10.204371
2682,8.577014,7.183254
2683,9.483545,8.633605
2684,9.765483,9.536983
2685,11.492391,11.213390
2686,11.460229,11.303725
2687,12.232600,11.530467
2688,11.908879,11.774364
2689,12.186033,11.778489
2690,10.683651,11.192711
2691,8.303563,7.138593
2692,9.274548,8.719195
2693,9.266311,9.802346
2694,11.067830,11.327534
2695,10.892496,10.964840
2696,11.711676,10.694031
2697,11.334945,11.443213
2698,11.717701,10.665931
2699,9.661205,9.998839
2700,7.918131,8.122024
2701,8.925434,9.315546
2702,9.107866,9.862159
2703,10.937968,11.808631
2704,10.884728,11.343706
2705,11.457458,11.386950
2706,11.805668,12.252408
2707,11.777925,11.566261
2708,9.842102,11.469261
2709,7.975102,8.407216
2710,8.673960,9.433411
2711,8.665777,9.729344
2712,10.367781,12.019774
2713,10.206008,11.118071
2714,11.000022,10.622587
2715,11.151877,11.845656
2716,11.199855,11.156832
2717,8.865046,9.932108
2718,7.843405,7.843120
2719,8.752540,8.854545
2720,9.080849,9.591623
2721,11.023459,11.683840
2722,11.090685,11.348206
2723,11.501719,11.281231
2724,12.028728,12.367205
2725,11.910325,11.557088
2726,9.947120,11.295812
2727,7.743973,8.022483
2728,8.496773,8.971128
2729,8.542968,9.668890
2730,10.556375,12.142323
2731,10.239863,10.616739
2732,10.851965,10.457830
2733,11.437227,11.497632
2734,11.178798,10.767096
2735,8.964143,9.603570
2736,9.221949,8.255819
2737,9.611145,9.152084
2738,9.984207,9.722309
2739,12.606302,11.845240
2740,12.218067,11.433688
2741,12.778157,11.424931
2742,13.234973,11.867233
2743,13.061945,11.778101
2744,11.034412,11.522312
2745,9.416506,8.259878
2746,9.774395,9.290442
2747,9.380654,9.636882
2748,12.392615,12.063972
2749,11.126839,10.988101
2750,11.990206,10.764132
2751,12.915286,12.017882
2752,12.323261,11.249167
2753,9.808908,10.047210
2754,9.121640,8.239328
2755,9.662987,9.089746
2756,9.956644,9.714232
2757,12.612179,12.490915
2758,11.862635,11.871566
2759,12.597890,11.543735
2760,13.171348,12.732841
2761,13.280214,11.650336
2762,11.036886,11.545996
2763,8.850224,8.190533
2764,9.545847,9.224242
2765,9.434062,9.964653
2766,11.986533,12.400034
2767,11.259522,11.252265
2768,11.918950,10.797446
2769,12.647846,12.442803
2770,12.035288,11.276320
2771,9.794250,10.009486
2772,8.605584,8.211780
2773,9.575001,9.443455
2774,9.837270,10.122920
2775,12.118307,11.907394
2776,11.695539,11.812968
2777,12.369256,11.651462
2778,13.014654,11.850327
2779,12.811889,11.939397
2780,10.884629,11.800299
2781,8.996786,8.385942
2782,9.317918,9.550462
2783,9.271811,10.116467
2784,12.220406,11.988052
2785,11.022061,11.493705
2786,11.951969,11.032121
2787,12.264042,12.052241
2788,12.012525,10.854928
2789,9.791222,10.357003
2790,8.966716,8.001145
2791,9.246098,9.082258
2792,9.850668,9.729529
2793,12.578606,12.235415
2794,11.937588,11.569230
2795,12.532321,11.745862
2796,12.706375,12.294267
2797,12.800720,11.683170
2798,10.766094,11.207796
2799,8.876612,8.034907
2800,9.426871,9.163424
2801,9.267620,9.670836
2802,11.874405,12.089649
2803,11.102936,11.425619
2804,11.861921,10.629312
2805,12.555455,11.818089
2806,12.190589,11.733530
2807,9.793421,10.057140
2808,8.725740,7.753897
2809,9.225338,9.108831
2810,9.813171,9.934433
2811,11.251284,11.339926
2812,11.347818,11.572296
2813,12.286128,11.602754
2814,11.825640,12.555799
2815,12.125486,11.744290
2816,10.703918,11.476943
2817,8.374704,8.069957
2818,9.322716,9.116621
2819,9.272476,9.931690
2820,11.334487,11.499874
2821,10.716223,11.050971
2822,11.762914,10.947568
2823,11.541242,11.042300
2824,11.797197,11.216498
2825,9.700450,10.707144
2826,8.427917,7.430637
2827,9.336897,8.765785
2828,9.839180,9.659838
2829,11.660311,11.772009
2830,11.431799,11.694612
2831,12.190319,11.360012
2832,11.719531,11.986522
2833,12.123585,11.437453
2834,10.632724,11.073454
2835,8.871251,7.322989
2836,9.399006,8.682394
2837,9.359607,9.646962
2838,10.811243,11.432192
2839,10.789660,11.168104
2840,11.944048,10.702308
2841,11.621105,11.682722
2842,11.684661,11.087071
2843,9.772895,10.147982
2844,8.638373,7.599031
2845,9.290443,9.023149
2846,9.761169,9.801501
2847,11.086809,11.113979
2848,11.415318,11.593902
2849,12.139156,11.702729
2850,11.605377,11.818823
2851,12.135111,11.679416
2852,10.596256,11.394539
2853,8.360551,7.657156
2854,9.142746,9.057074
2855,9.261890,9.587441
2856,10.864244,11.318136
2857,10.562940,10.900381
2858,11.749873,10.999849
2859,11.647519,10.913435
2860,11.779236,11.036864
2861,9.652186,10.221467
2862,8.497263,7.073721
2863,9.343186,8.447067
2864,9.801725,9.529771
2865,11.386294,11.341702
2866,11.441198,11.420089
2867,12.115260,11.220533
2868,11.682423,11.170880
2869,12.266855,11.444013
2870,10.679603,11.143104
2871,8.470574,7.340910
2872,9.146813,8.588798
2873,9.261047,9.493513
2874,11.431121,11.400315
2875,10.785400,11.165542
2876,11.920271,10.808959
2877,11.376995,11.022604
2878,11.627842,10.830124
2879,9.696627,9.696167
0,6.548884,7.887006
1,7.642613,8.599824
2,8.100480,8.819518
3,9.595444,10.817131
4,10.259557,11.280001
5,11.299852,11.023857
6,11.328315,11.881255
7,11.508778,11.636682
8,9.801307,11.333697
9,6.649521,7.770793
10,7.274198,7.979840
11,7.631399,8.140650
12,9.439336,11.334229
13,9.338513,10.799706
14,10.672793,10.291784
15,10.521166,11.496396
16,10.798777,10.563057
17,8.660966,9.353424
18,6.637428,7.392100
19,7.437243,7.948969
20,8.092285,8.378500
21,9.749872,10.797651
22,10.473785,11.144274
23,11.269661,10.750172
24,11.130439,11.537883
25,11.297537,11.114250
26,9.790415,10.807809
27,6.625197,7.567263
28,7.059750,7.975644
29,7.693800,8.419438
30,9.618723,10.911585
31,9.491176,10.104821
32,10.777071,9.996925
33,10.689093,11.272356
34,10.755680,10.625944
35,8.634730,9.664147
36,7.014446,7.846417
37,8.421896,9.041555
38,9.080783,8.882949
39,11.158369,11.194762
40,11.447895,11.663646
41,12.668978,11.328568
42,12.588353,12.334116
43,12.768017,11.990940
44,11.314333,11.215257
45,7.224778,7.683249
46,8.274187,8.662663
47,8.561307,8.919919
48,10.335980,11.317270
49,10.685638,11.033263
50,12.163777,10.575913
51,11.888550,11.682616
52,12.247290,11.225946
53,9.839072,10.437920
54,7.393827,7.734296
55,8.109274,8.770102
56,9.100076,8.902874
57,11.103928,11.129873
58,11.247478,11.690748
59,12.690639,11.697487
60,12.207135,11.843949
61,12.590771,11.801785
62,11.275767,11.512215
63,6.893900,7.664189
64,8.087925,8.766250
65,8.596801,8.836149
66,10.627584,11.217034
67,10.706057,10.964882
68,12.147187,10.450047
69,11.760056,11.810288
70,11.978800,11.041723
71,9.862255,10.179769
72,7.001044,7.852045
73,8.264133,8.691092
74,8.908717,9.056097
75,11.106312,11.192542
76,11.065703,11.540460
77,12.682910,11.606300
78,11.757112,12.072193
79,12.287697,12.123858
80,11.072758,11.422826
81,6.846085,7.753403
82,8.153981,8.736893
83,8.534811,9.098316
84,10.455290,11.534139
85,10.072798,11.309140
86,12.182386,11.018193
87,11.739291,12.120563
88,11.491102,11.296826
89,9.750259,10.320595
90,7.138999,7.520061
91,8.246609,8.534836
92,9.024246,8.879580
93,10.772993,11.092440
94,11.193208,11.581710
95,12.567859,11.117664
96,12.156335,11.750058
97,12.577447,11.654273
98,11.078874,11.472625
99,6.874943,7.814889
100,7.891176,8.711805
101,8.660874,8.767341
102,10.621510,11.236645
103,10.311663,10.926507
104,12.196898,10.474941
105,11.364392,11.904702
106,11.753377,11.108065
107,9.747460,10.427453
108,7.006950,7.987378
109,8.329243,8.900818
110,9.057058,9.759458
111,10.538099,11.406813
112,11.044018,11.855195
113,12.575619,12.073963
114,11.358120,12.031932
115,11.979896,11.917117
116,10.980420,11.632047
117,7.125152,7.559943
118,8.248548,9.019418
119,8.575079,9.711870
120,10.194901,11.441977
121,10.238242,11.601488
122,11.953594,11.590239
123,10.954619,11.714316
124,11.495880,11.090249
125,9.740376,10.688828
126,7.444455,7.653092
127,8.515429,8.575806
128,9.073457,9.539851
129,10.502365,11.310338
130,11.331626,11.460092
131,12.584059,11.604557
132,11.472045,11.790001
133,12.205663,11.983522
134,11.028890,11.471332
135,7.234855,7.430169
136,8.105181,8.592500
137,8.688663,9.264108
138,10.264769,11.358365
139,10.122548,11.141559
140,12.181885,11.092357
141,10.943509,11.703206
142,11.904325,11.429802
143,9.752028,10.729140
144,6.962493,7.684986
145,8.197591,8.878270
146,8.970505,9.545658
147,10.502197,11.343435
148,11.019188,11.905165
149,12.386556,12.113005
150,11.386113,11.976349
151,12.312416,11.776891
152,10.825782,11.684371
153,7.356561,7.583284
154,7.857472,8.985022
155,8.570696,9.669273
156,10.186155,11.662294
157,10.174493,11.549359
158,11.942318,11.532701
159,10.930167,11.589558
160,11.792961,11.512786
161,9.697885,11.208420
162,7.018335,7.631356
163,8.385637,8.692401
164,9.055296,9.538085
165,10.471325,11.178760
166,11.072759,12.034084
167,12.592629,11.518866
168,11.370822,12.071301
169,12.067286,11.569607
170,10.818329,11.391081
171,7.146695,7.402076
172,8.124960,8.645163
173,8.625776,9.409270
174,10.051507,11.211981
175,10.171932,11.108350
176,12.022122,11.152475
177,10.874642,11.513112
178,11.431265,10.691724
179,9.647223,10.697550
180,8.110620,8.629929
181,8.658734,9.506898
182,9.170711,9.789390
183,11.185555,11.867929
184,10.806206,11.790834
185,11.435768,11.616887
186,12.138362,12.413267
187,11.957806,11.757192
188,9.926633,11.142770
189,7.792051,8.828995
190,8.572338,9.269386
191,8.760229,9.698831
192,10.682684,11.963901
193,10.034138,11.440709
194,11.038511,10.944048
195,11.404192,11.995958
196,11.317799,11.313365
197,8.994864,10.529660
198,7.814119,8.480634
199,8.604819,9.212318
200,9.138153,9.685028
201,10.984947,11.982623
202,11.254128,11.510778
203,11.686789,11.435898
204,12.055316,12.375520
205,12.156510,11.445461
206,9.912196,11.209724
207,7.997458,8.589708
208,8.481897,9.021574
209,8.572048,9.675938
210,10.710794,11.766907
211,10.367814,11.042066
212,11.087451,11.015186
213,11.313566,11.950865
214,11.318816,11.360945
215,8.874644,10.424353
216,9.354453,8.669022
217,9.922846,9.476767
218,10.004582,9.878646
219,12.787715,12.030723
220,12.055155,12.137288
221,12.734110,11.868472
222,13.712121,12.738195
223,12.960906,11.699082
224,11.034971,11.370828
225,9.325264,8.610416
226,9.823966,9.752090
227,9.428654,9.903421
228,12.410146,11.916759
229,11.221918,11.648976
230,12.112471,11.548331
231,12.928691,12.417858
232,12.352411,11.973631
233,9.852610,10.347588
234,9.409646,8.533234
235,9.723991,9.451620
236,10.053873,9.999798
237,12.719637,12.027485
238,11.972578,11.870920
239,12.708697,11.718023
240,13.536496,12.924219
241,13.358487,11.423388
242,11.060542,11.368292
243,8.772810,8.485630
244,9.563102,9.356115
245,9.445535,9.724487
246,12.497025,12.393153
247,11.437784,11.665737
248,12.106420,11.185547
249,12.915890,12.414209
250,12.236517,11.273057
251,9.832008,10.384981
252,8.665318,8.520956
253,9.559754,9.526933
254,9.860737,9.935192
255,12.556700,12.114939
256,11.994629,12.017797
257,12.403000,12.164659
258,13.077191,12.695529
259,12.922345,11.854660
260,10.879003,11.870943
261,9.092963,8.445239
262,9.604512,9.631548
263,9.234612,10.012480
264,12.042612,11.971429
265,11.195396,11.682140
266,11.956440,11.632382
267,12.606424,12.303731
268,12.132807,11.983465
269,9.801883,11.081936
270,8.567828,8.416331
271,9.591242,9.299288
272,9.822720,9.814507
273,12.601116,12.211916
274,11.953535,12.057171
275,12.531660,11.737361
276,13.197035,12.391302
277,12.881403,11.783080
278,10.847052,11.461397
279,8.645522,8.334873
280,9.674115,9.224413
281,9.332320,9.908541
282,12.227468,11.998563
283,11.242453,11.455343
284,11.953808,11.127343
285,12.643834,12.127954
286,12.108089,11.778647
287,9.842684,10.581763
288,8.813301,8.585054
289,9.434677,9.665362
290,10.169701,10.204166
291,11.455560,12.054176
292,11.472587,12.071248
293,12.292157,12.063457
294,11.715698,12.241416
295,12.291677,12.066070
296,10.780085,12.091888
297,8.570959,8.528407
298,9.401371,9.515669
299,9.319165,10.151918
300,10.916542,12.126418
301,11.072323,11.488980
302,11.937553,11.438305
303,11.508696,12.196245
304,11.740183,11.440804
305,9.785257,11.143252
306,8.719980,8.297265
307,9.408566,9.273056
308,9.811819,9.885350
309,11.328142,11.891638
310,11.680061,11.783089
311,12.448242,11.711355
312,12.152333,12.420624
313,12.460064,11.784304
314,10.866539,11.633904
315,8.763801,8.489874
316,9.449257,9.257688
317,9.394650,9.983088
318,11.259069,12.048139
319,10.909129,11.328056
320,11.997724,11.188860
321,11.403542,12.261110
322,11.803440,11.104789
323,9.723243,10.853402
324,8.676794,8.493922
325,9.632952,9.552866
326,10.023536,10.161873
327,11.306977,11.751752
328,11.292568,12.049873
329,12.254576,12.065591
330,11.811732,12.473783
331,12.436262,11.731900
332,10.684687,11.901407
333,8.325366,8.361973
334,9.257062,9.695659
335,9.369461,9.996302
336,11.276466,11.679318
337,10.681635,11.644370
338,12.009655,11.704515
339,11.715626,12.134368
340,12.020927,11.545372
341,9.830571,10.911209
342,8.633712,8.295811
343,9.370991,9.265628
344,9.899996,9.958021
345,11.460933,11.836343
346,11.536320,11.946612
347,12.326446,11.706616
348,11.982146,12.405333
349,12.199314,11.445097
350,10.794250,11.647648
351,8.282047,8.382223
352,9.066921,9.288195
353,9.303609,9.935570
354,11.159410,12.032513
355,10.864199,11.581381
356,12.008863,11.379708
357,11.638872,12.366476
358,11.827785,11.259673
359,9.802807,11.071886
360,8.053144,8.399381
361,8.827997,9.379263
362,9.164596,9.742760
363,11.178102,11.807954
364,11.022750,11.610131
365,11.576949,11.623833
366,11.844488,12.505305
367,12.036152,11.829326
368,9.903243,11.598515
369,7.848021,8.506163
370,8.528527,9.458586
371,8.680371,9.691123
372,10.293178,12.042097
373,10.409680,10.973419
374,11.050463,11.027914
375,11.714725,12.020262
376,11.269947,11.397552
377,8.932243,10.176653
378,7.973531,8.681584
379,8.683819,8.992089
380,9.117709,9.673363
381,11.141992,11.854323
382,11.054782,11.776054
383,11.549249,11.522532
384,12.050305,12.359148
385,12.048681,11.427427
386,10.030605,11.264951
387,7.895318,8.759344
388,8.751514,9.036054
389,8.612194,9.750832
390,10.713967,11.923478
391,10.196447,11.542565
392,11.085339,10.824647
393,11.333689,11.908006
394,11.347870,11.003695
395,8.950270,10.285561
396,9.082030,8.646638
397,10.071869,9.482261
398,9.930230,9.988070
399,13.442032,11.965033
400,12.191316,12.010254
401,12.766781,11.898348
402,13.656122,12.488905
403,13.130603,11.997818
404,11.022853,11.801716
405,8.957234,8.602617
406,9.622988,9.563047
407,9.353086,9.934225
408,12.290221,12.244046
409,11.122738,11.532649
410,12.165837,11.321259
411,12.966599,12.304298
412,12.243454,11.086745
413,9.876424,10.680667
414,9.550046,8.648064
415,9.677638,9.453017
416,10.058529,10.025942
417,13.004578,12.335420
418,12.294268,11.873065
419,12.773458,11.633543
420,13.453753,12.510832
421,13.312488,11.680766
422,11.032938,11.592482
423,9.295485,8.668514
424,9.634791,9.260022
425,9.452973,9.924411
426,12.375583,12.162573
427,11.434074,11.481528
428,12.190870,11.177443
429,12.954583,12.320580
430,12.170792,11.620318
431,9.841954,10.273307
432,8.630716,8.420005
433,9.707204,9.574335
434,9.809906,10.206493
435,12.183990,11.967031
436,12.043583,12.176575
437,12.536406,12.068001
438,13.349131,12.542521
439,13.036008,12.301704
440,10.835249,11.752212
441,9.112337,8.557633
442,9.372470,9.483543
443,9.299245,9.890795
444,11.810361,11.913045
445,11.132518,11.569914
446,12.013217,11.359484
447,12.825266,12.495615
448,12.048025,11.506936
449,9.734394,11.025842
450,8.781528,8.507084
451,9.406039,9.468284
452,9.814715,9.989867
453,12.633286,11.992830
454,11.862354,11.998383
455,12.603848,11.700326
456,12.973951,12.436039
457,13.004274,12.041318
458,10.873637,11.330399
459,8.882846,8.348659
460,9.214341,9.249796
461,9.342177,9.951775
462,11.820507,11.919952
463,11.278944,11.322741
464,11.955299,10.530660
465,12.537056,12.166658
466,11.960629,11.283467
467,9.805880,10.650640
468,8.684576,8.446636
469,9.456800,9.487863
470,9.820204,10.341347
471,11.462584,11.988630
472,11.634551,12.132142
473,12.273186,11.986768
474,11.981209,12.414342
475,12.421985,12.060751
476,10.703251,11.327071
477,8.428543,8.529078
478,9.270199,9.694743
479,9.372181,10.135582
480,11.062480,12.053472
481,10.691778,11.556911
482,11.989213,11.053889
483,11.485128,12.323430
484,11.736464,11.166148
485,9.749879,10.876077
486,8.959576,8.340931
487,9.469427,9.242218
488,10.013330,9.952094
489,11.622515,11.924823
490,11.510292,11.845642
491,12.363805,11.706024
492,11.986240,12.480933
493,12.354764,11.427285
494,10.824355,11.238942
495,8.720101,8.462824
496,9.326790,9.325455
497,9.380804,9.911024
498,11.092253,11.955802
499,10.767621,11.142277
500,12.065327,11.029017
501,11.414383,12.336522
502,11.823696,11.552739
503,9.744283,10.603989
504,8.394026,8.593781
505,9.528717,9.603286
506,9.814001,10.108647
507,11.682235,12.157200
508,11.512262,12.208536
509,12.171013,11.942370
510,11.647346,12.566166
511,12.115965,11.842441
512,10.626384,11.255015
513,8.754123,8.658385
514,9.400615,9.657197
515,9.343575,10.152412
516,10.996904,11.930590
517,11.040573,11.678073
518,11.908756,11.757419
519,11.260978,12.452159
520,11.921555,11.859280
521,9.728873,11.287880
522,8.552970,8.345985
523,9.638898,9.278742
524,9.891503,9.873796
525,11.466813,11.943125
526,11.484218,12.017020
527,12.199713,11.730720
528,11.722294,12.477506
529,12.204445,11.632881
530,10.717295,11.725349
531,8.572931,8.468881
532,9.286077,9.309888
533,9.303674,9.923477
534,11.116611,11.923933
535,10.793881,11.731207
536,11.957668,11.287546
537,11.544563,12.149032
538,11.655674,11.581037
539,9.734655,11.123921
540,8.034879,8.592594
541,8.918580,9.360686
542,9.215468,9.815435
543,11.248212,11.612367
544,11.033295,12.001232
545,11.463654,11.548559
546,12.158488,12.289900
547,11.914996,11.599719
548,9.856694,11.114514
549,7.956213,8.617607
550,8.591050,9.217147
551,8.712081,9.405471
552,10.550556,11.601597
553,10.351205,11.118690
554,11.089679,11.202497
555,11.196555,12.097560
556,11.137567,11.455136
557,8.915861,9.862811
558,7.934835,8.519672
559,8.828480,9.024608
560,9.130676,9.601797
561,11.340035,11.996643
562,11.107351,11.952744
563,11.672473,11.424472
564,12.221127,12.222455
565,12.082220,11.548538
566,9.950896,11.172660
567,8.014700,8.222242
568,8.620358,9.164504
569,8.491414,9.669998
570,10.493470,12.035818
571,10.211125,11.310082
572,11.112963,10.802490
573,11.484280,12.054747
574,11.482277,11.209457
575,8.950048,10.312507
576,9.184370,8.996824
577,9.588312,9.451990
578,10.073833,9.991339
579,12.557107,12.042813
580,12.164959,12.023747
581,12.769641,11.892977
582,13.587786,12.689995
583,13.327899,11.566167
584,11.038674,11.275617
585,8.876496,8.479536
586,9.719471,9.409013
587,9.453124,9.940152
588,12.274727,12.039880
589,11.218344,11.559894
590,12.155370,11.174539
591,12.938919,12.242250
592,12.430948,11.684691
593,9.877315,10.562654
594,9.171918,8.425080
595,9.874640,9.359476
596,10.003761,9.962861
597,12.872633,12.336945
598,12.182869,12.268443
599,12.751774,11.787367
600,13.670453,12.652040
601,13.095726,11.871167
602,11.062169,11.287310
603,9.163177,8.687531
604,9.496252,9.436877
605,9.396307,9.971166
606,12.493540,12.207699
607,11.432382,11.640547
608,12.048989,11.337210
609,12.981148,12.428087
610,12.560929,11.162622
611,9.871565,10.686601
612,8.840228,8.504725
613,9.686765,9.553693
614,9.765123,10.085794
615,12.379217,12.115168
616,11.993019,11.972836
617,12.703720,12.351461
618,12.983155,12.748808
619,13.148867,11.751246
620,10.867429,11.488243
621,8.835056,8.279202
622,9.272749,9.466835
623,9.274297,10.065620
624,11.670569,11.927252
625,11.045298,11.669976
626,11.977319,11.580669
627,12.641221,12.241322
628,12.143401,11.544548
629,9.835961,11.205381
630,8.811792,8.477703
631,9.849517,9.423976
632,9.856289,9.881685
633,12.522583,12.097784
634,11.776875,12.062214
635,12.752814,12.000565
636,13.080080,12.688464
637,12.811283,11.895579
638,10.927408,11.636702
639,8.845558,8.517716
640,9.416703,9.661329
641,9.314888,9.725048
642,11.946348,12.080598
643,11.290577,11.427964
644,12.032427,11.187210
645,12.972502,12.359222
646,12.064178,11.654255
647,9.849517,10.302739
648,8.702250,8.447196
649,9.582230,9.718687
650,9.848047,10.270548
651,11.376287,12.077541
652,11.611677,12.135668
653,12.345481,12.031796
654,11.986131,12.489815
655,12.235062,11.915770
656,10.861908,11.936141
657,8.724984,8.504532
658,9.490800,9.455425
659,9.327681,10.285539
660,11.160347,11.844694
661,10.950870,11.835404
662,12.088621,11.424049
663,11.679000,12.351854
664,11.789117,11.519047
665,9.809019,11.269435
666,8.733512,8.372680
667,9.479078,9.300494
668,9.987061,9.825842
669,11.346635,11.867681
670,11.620533,11.824647
671,12.277246,11.657548
672,12.106733,12.528334
673,12.232805,11.729091
674,10.826577,11.378522
675,8.913270,8.459318
676,9.117292,9.264823
677,9.344603,9.933184
678,11.220015,11.810915
679,10.940495,11.422276
680,12.000089,10.815992
681,11.325541,12.156639
682,12.106955,11.760238
683,9.807193,10.639484
684,8.455984,8.499652
685,9.301771,9.536766
686,10.063796,10.135373
687,11.390728,12.117198
688,11.423369,12.120454
689,12.232051,12.046138
690,11.770850,12.254347
691,12.307936,12.012049
692,10.658246,11.567078
693,8.432071,8.294057
694,9.407420,9.585862
695,9.262894,10.186485
696,11.149993,11.737949
697,10.714037,11.645542
698,11.926154,11.557583
699,11.507998,12.170484
700,11.816046,11.642862
701,9.801291,11.226874
702,8.505497,8.214202
703,9.395551,9.397324
704,9.882765,9.901311
705,11.218403,11.751867
706,11.532354,11.733725
707,12.271360,11.744313
708,11.798634,12.349922
709,12.098013,11.325683
710,10.658654,11.300912
711,8.440370,8.282065
712,9.304255,9.252949
713,9.349584,9.947446
714,10.983278,11.771462
715,10.814659,11.608178
716,11.924609,11.340436
717,11.467466,12.097917
718,11.791029,11.575148
719,9.739984,10.655655
720,6.267504,7.634812
721,7.303736,8.170475
722,8.083975,8.706815
723,9.531668,10.911726
724,10.126576,10.618485
725,11.258417,10.744009
726,10.799771,11.712517
727,11.508226,11.203661
728,9.776349,11.246138
729,6.541996,7.512526
730,7.092253,8.518304
731,7.580440,8.456129
732,9.365614,11.274922
733,9.632894,10.198344
734,10.569593,10.054235
735,10.313563,10.917885
736,10.672037,10.273249
737,8.640080,9.671550
738,6.406305,7.619034
739,7.334944,7.949613
740,8.072247,8.325123
741,9.677872,11.030116
742,10.192971,10.623607
743,11.337347,10.527694
744,11.119622,11.203562
745,11.340273,10.793419
746,9.897694,10.825529
747,6.375340,7.180866
748,7.530702,8.388674
749,7.573466,8.506721
750,9.531919,11.209877
751,9.450859,10.253099
752,10.629979,9.760300
753,10.687551,11.303764
754,10.477868,10.444096
755,8.642063,9.224689
756,7.389827,7.601610
757,8.408841,8.724527
758,9.083947,8.802399
759,11.039511,11.294992
760,11.566498,11.611986
761,12.735972,11.229660
762,12.294087,12.016739
763,12.519325,11.921251
764,11.266437,11.437735
765,7.204834,7.637867
766,8.077560,8.815859
767,8.643581,8.771648
768,10.561419,11.339670
769,10.270992,11.149204
770,12.125187,10.341616
771,11.745635,11.879946
772,11.814898,11.356238
773,9.797963,9.968035
774,7.051836,7.522838
775,8.406984,8.601126
776,8.932634,8.727168
777,11.205144,11.401848
778,11.575178,11.392843
779,12.804489,10.956202
780,12.374021,11.929089
781,12.483912,11.668908
782,11.100931,11.003711
783,7.467188,7.564396
784,8.375101,8.822652
785,8.689214,8.636473
786,10.726568,11.684412
787,10.513577,10.982645
788,12.205286,10.165197
789,11.500751,11.833901
790,12.232403,11.181689
791,9.829781,9.715348
792,6.880388,7.817379
793,8.096302,8.945858
794,8.992563,8.867138
795,10.814161,11.509690
796,11.004408,11.687978
797,12.605442,11.292555
798,11.786138,12.247755
799,12.564212,11.959499
800,11.058112,11.895920
801,7.097160,7.631229
802,8.044896,9.108579
803,8.568811,8.907540
804,10.193710,11.776793
805,10.454465,11.281684
806,12.138423,10.765920
807,11.431909,11.745018
808,11.949005,10.925266
809,9.757723,10.156963
810,7.230453,7.692289
811,8.140612,8.867241
812,9.085648,8.785753
813,11.268853,11.500121
814,11.307419,11.856496
815,12.731506,10.970265
816,12.367974,12.085682
817,12.639221,11.625644
818,11.081538,11.227667
819,7.033988,7.404740
820,8.214933,8.813739
821,8.437593,8.631085
822,10.376328,11.600962
823,10.317478,11.027761
824,12.139229,10.300554
825,11.530405,11.779217
826,11.954583,10.808245
827,9.754291,9.761533
828,6.848372,7.776935
829,8.224257,9.151358
830,9.032521,9.367978
831,10.452829,11.461176
832,11.027178,11.721783
833,12.588095,11.763922
834,11.408876,12.066080
835,12.267934,11.688522
836,10.965672,11.671600
837,7.279489,7.612638
838,8.104712,9.115910
839,8.595256,9.442221
840,10.195148,11.555986
841,10.170300,11.398130
842,12.028140,11.299184
843,11.039257,11.934478
844,11.778708,11.370007
845,9.744733,10.622167
846,7.117838,7.408940
847,8.182959,8.861907
848,9.127380,8.978117
849,10.489625,11.136616
850,11.138526,11.572231
851,12.492321,11.317670
852,11.310820,11.967549
853,12.262684,12.026687
854,10.966257,11.604853
855,7.269875,7.391022
856,8.176178,8.998318
857,8.619774,8.932496
858,10.149982,11.549470
859,10.397013,11.067184
860,12.168003,10.836783
861,10.883918,11.887482
862,11.322517,10.891672
863,9.672955,10.214028
864,6.913519,7.858327
865,8.158803,9.197960
866,8.979815,9.596014
867,10.408932,11.436878
868,10.986270,11.925202
869,12.330112,11.942416
870,11.289629,12.171624
871,12.020487,11.399170
872,10.868822,11.909163
873,7.036528,7.657986
874,8.080202,8.946007
875,8.506664,9.379976
876,9.948164,11.461391
877,10.186915,11.278212
878,12.043323,11.174704
879,10.635077,11.790763
880,11.580296,11.092499
881,9.759993,10.735115
882,7.383121,7.508119
883,8.201304,8.857961
884,9.001789,9.079020
885,10.215670,11.079545
886,10.963839,11.627526
887,12.403470,11.350825
888,11.063329,11.957641
889,11.874785,11.651773
890,10.774406,11.364918
891,7.166852,7.500480
892,8.143486,8.868489
893,8.501912,8.952669
894,10.086803,11.464081
895,10.246922,11.345878
896,11.985935,10.858450
897,10.835285,11.801264
898,11.367383,10.874134
899,9.676227,10.141257
900,8.087892,8.512865
901,8.843619,9.614784
902,9.072576,9.956307
903,11.048278,11.889662
904,10.946765,11.894382
905,11.411494,11.826621
906,11.916292,12.357224
907,11.747398,11.423124
908,9.853831,11.502155
909,8.118471,8.288939
910,8.597268,9.147392
911,8.725742,9.400672
912,10.645071,11.998932
913,10.348490,11.485349
914,10.984375,11.374678
915,11.277509,12.221665
916,11.230660,11.376824
917,8.889861,9.725224
918,7.683962,8.267759
919,8.663795,9.076966
920,9.153320,9.840820
921,10.996048,11.907772
922,10.903080,11.845990
923,11.559500,11.653455
924,11.967848,12.328320
925,11.986317,11.271003
926,10.001482,11.380097
927,7.605725,8.495363
928,8.673068,9.172085
929,8.455656,9.791162
930,10.578709,12.095082
931,10.320858,11.115824
932,11.027878,10.801977
933,11.531228,11.874435
934,11.283447,11.035542
935,8.875587,9.859091
936,9.262650,8.589047
937,9.953389,9.661651
938,10.014915,10.202573
939,13.204526,12.048846
940,12.207140,12.046256
941,12.614951,12.068469
942,13.171042,12.610138
943,13.175248,12.211792
944,11.039839,12.023870
945,8.927742,8.451373
946,9.628897,9.540919
947,9.458315,10.089859
948,12.545631,12.291252
949,11.368003,11.705572
950,12.032701,10.937209
951,13.092227,12.209391
952,12.200209,11.487290
953,9.854697,11.003550
954,9.141167,8.466784
955,9.757381,9.769027
956,10.057758,10.125463
957,12.609461,12.144428
958,12.364102,12.037467
959,12.865542,12.070878
960,13.590426,13.113430
961,13.193018,12.067340
962,11.029726,11.940571
963,9.139870,8.718597
964,9.828034,9.740094
965,9.492451,10.289257
966,12.444654,12.334085
967,10.912712,11.600748
968,12.113195,11.296787
969,13.013021,12.277223
970,12.246737,11.289145
971,9.890532,10.774258
972,8.833419,8.478905
973,9.599108,9.667122
974,9.833310,10.246992
975,12.313167,12.047946
976,11.861430,12.162163
977,12.574636,12.181223
978,13.119525,12.729993
979,13.055273,11.874122
980,10.854000,11.755414
981,8.794638,8.378397
982,9.371022,9.702755
983,9.269850,10.208632
984,11.965541,12.162439
985,10.891352,11.889653
986,11.976596,11.641644
987,12.413116,12.124941
988,11.963890,11.779142
989,9.775972,10.668413
990,8.750010,8.214692
991,9.281809,9.593264
992,9.900679,9.979205
993,12.125443,12.031161
994,12.108778,12.199941
995,12.754965,11.898952
996,12.901765,12.509143
997,13.155590,12.041855
998,10.913792,11.843631
999,9.017241,8.291774
1000,9.341493,9.691411
1001,9.330842,10.119175
1002,12.061280,12.114161
1003,11.053160,11.952198
1004,11.951795,11.357790
1005,12.535591,12.359911
1006,12.257444,11.754896
1007,9.838930,10.439423
1008,8.509468,8.440798
1009,9.609591,9.826151
1010,9.876136,10.416784
1011,11.382053,12.008120
1012,11.560769,12.360474
1013,12.182386,12.197820
1014,12.146726,12.371284
1015,12.287082,11.699141
1016,10.774032,12.189819
1017,8.520291,8.332697
1018,9.247121,9.777002
1019,9.356167,10.019438
1020,11.284197,12.116281
1021,10.654068,11.724640
1022,11.886656,11.526873
1023,11.573649,12.071898
1024,11.997123,11.734933
1025,9.724306,11.049659
1026,8.549389,8.271268
1027,9.547748,9.717480
1028,9.844081,10.401381
1029,11.353540,11.988325
1030,11.708187,12.040005
1031,12.296478,11.896063
1032,12.018026,12.433326
1033,12.223618,11.673034
1034,10.703401,11.814658
1035,8.932400,8.180990
1036,9.272459,9.377115
1037,9.445845,10.101024
1038,11.187941,11.895396
1039,10.830599,11.610466
1040,11.933395,11.121009
1041,11.365835,12.167750
1042,11.748493,11.431944
1043,9.702516,10.887551
1044,8.512520,8.265812
1045,9.389868,9.790252
1046,10.227968,10.405363
1047,11.416974,11.947877
1048,11.410884,12.261494
1049,12.246897,12.060870
1050,11.668978,12.375080
1051,12.307149,12.113028
1052,10.630237,12.141815
1053,8.725111,8.282300
1054,9.424109,9.589777
1055,9.276726,10.379252
1056,10.975878,12.017077
1057,10.833872,11.607047
1058,11.955434,11.573646
1059,11.600960,12.178957
1060,11.618567,11.223261
1061,9.806766,11.180405
1062,8.493660,8.211792
1063,9.372340,9.446421
1064,9.884383,10.319084
1065,11.360408,11.894418
1066,11.727410,11.953993
1067,12.310326,11.835788
1068,11.902723,12.478523
1069,12.230522,11.625358
1070,10.724718,11.873622
1071,8.543468,8.300804
1072,9.214391,9.389429
1073,9.284681,10.190200
1074,11.003805,12.056097
1075,10.676899,11.848531
1076,11.985265,11.322938
1077,11.373472,12.075263
1078,11.900092,10.941746
1079,9.743902,10.888144
1080,7.838201,8.589476
1081,8.616611,9.383009
1082,9.234672,10.175956
1083,11.152946,11.833978
1084,10.964952,11.882259
1085,11.570614,11.698166
1086,11.831664,12.304606
1087,11.877404,11.517672
1088,9.825115,11.679157
1089,7.758923,8.456421
1090,8.744074,9.365468
1091,8.737430,9.826940
1092,10.644238,12.116954
1093,10.367118,11.389071
1094,10.996323,11.234992
1095,11.431331,12.011631
1096,11.139137,11.256706
1097,8.934736,10.700883
1098,7.952336,8.295569
1099,8.859194,9.153434
1100,9.067022,9.882213
1101,11.105593,12.069068
1102,11.049383,11.894516
1103,11.623114,11.565900
1104,12.226387,12.492961
1105,12.193041,11.613735
1106,9.994101,11.481198
1107,7.831797,8.504676
1108,8.492864,9.302500
1109,8.586735,9.823709
1110,10.643864,12.007585
1111,10.567442,10.939043
1112,11.065512,10.855981
1113,11.790136,12.162601
1114,11.291157,10.618464
1115,8.914228,10.278960
1116,9.371057,8.673050
1117,9.929033,9.535710
1118,10.054600,10.145391
1119,13.011646,12.450980
1120,12.116930,12.244240
1121,12.784434,12.011640
1122,13.384461,12.728273
1123,13.189228,11.771383
1124,11.034365,11.868054
1125,9.399847,8.527908
1126,9.805048,9.739323
1127,9.436894,10.103788
1128,12.077120,11.941787
1129,11.289610,11.755705
1130,12.013237,11.508695
1131,12.874137,12.103492
1132,12.219401,11.417678
1133,9.839476,10.325612
1134,9.595881,8.589710
1135,9.859817,9.740976
1136,10.002760,10.363458
1137,13.207768,12.275917
1138,12.234360,12.225466
1139,12.558968,12.135561
1140,13.628019,13.146868
1141,13.187811,12.317126
1142,11.076121,11.679349
1143,9.235533,8.547925
1144,9.317666,9.753774
1145,9.392785,9.920925
1146,12.186628,12.521092
1147,11.229027,11.557783
1148,12.044793,11.206899
1149,13.114706,12.640563
1150,12.366394,11.479261
1151,9.848639,10.326068
1152,8.987805,8.275619
1153,9.504599,9.683864
1154,9.808238,10.372391
1155,12.553467,11.779909
1156,11.994358,12.179737
1157,12.598703,12.228786
1158,13.083714,12.641833
1159,12.971520,12.329502
1160,10.925660,11.999401
1161,8.839996,8.400938
1162,9.369010,9.597826
1163,9.280487,9.847042
1164,12.136756,12.053728
1165,11.108820,11.672485
1166,11.898347,11.594787
1167,12.765718,11.959324
1168,12.115099,11.860281
1169,9.684515,10.824505
1170,9.268404,8.357223
1171,9.492541,9.805496
1172,9.864867,10.097145
1173,12.575516,12.020893
1174,11.992674,11.835351
1175,12.765951,11.905514
1176,12.909198,12.488442
1177,12.998322,11.640709
1178,10.746389,11.704958
1179,8.637010,8.363966
1180,9.301522,9.635860
1181,9.275616,9.742201
1182,12.264086,12.290206
1183,11.189196,11.573717
1184,11.904907,11.008484
1185,12.581846,11.861393
1186,12.007665,11.519838
1187,9.830974,10.407495
1188,8.624186,8.480194
1189,9.544906,9.854786
1190,10.000937,10.420098
1191,11.488256,12.033499
1192,11.519251,12.403588
1193,12.245797,12.166632
1194,11.846579,12.407019
1195,12.406479,11.804167
1196,10.721582,12.135907
1197,8.358945,8.552574
1198,9.314348,9.711407
1199,9.304238,10.315120
1200,11.185952,11.968661
1201,10.820918,11.964354
1202,12.006865,11.792116
1203,11.548892,11.807862
1204,11.736588,11.681688
1205,9.769317,10.980346
1206,8.555876,8.246723
1207,9.365868,9.618090
1208,9.857019,10.169052
1209,11.314198,11.925429
1210,11.708591,11.872225
1211,12.303459,12.095311
1212,12.114304,12.328650
1213,12.316902,11.611955
1214,10.802508,11.787189
1215,8.708537,8.099998
1216,9.168413,9.505917
1217,9.374832,9.876585
1218,11.439854,11.868809
1219,11.091953,11.609033
1220,11.975183,11.557839
1221,11.492887,12.024373
1222,12.055717,11.007074
1223,9.815502,11.010083
1224,8.476022,8.351869
1225,9.507257,9.680216
1226,10.198841,10.378392
1227,11.410286,12.135830
1228,11.595572,12.098523
1229,12.280250,12.196642
1230,11.766428,12.323606
1231,12.141314,11.595490
1232,10.638758,12.056328
1233,8.532873,8.475359
1234,9.273430,9.570808
1235,9.281677,10.207920
1236,11.308851,12.110934
1237,10.718738,11.776773
1238,11.900129,11.646856
1239,11.240896,11.755780
1240,11.730995,11.555865
1241,9.751297,10.469763
1242,8.338219,8.142659
1243,9.268026,9.572936
1244,9.759562,10.203351
1245,11.349512,11.809074
1246,11.665056,11.837315
1247,12.223420,11.790186
1248,11.933175,12.220533
1249,12.229186,11.940900
1250,10.750164,11.812790
1251,8.552815,7.979487
1252,9.223699,9.499395
1253,9.312344,10.139557
1254,11.088487,11.987710
1255,10.799747,11.904263
1256,11.929578,11.264153
1257,11.756783,11.877427
1258,11.751123,11.324690
1259,9.760843,10.893122
1260,7.989932,8.461361
1261,8.747630,9.420880
1262,9.164170,9.885985
1263,11.199594,11.721283
1264,10.940629,11.957699
1265,11.380322,11.796898
1266,12.023066,12.352804
1267,12.054611,11.822356
1268,9.787029,11.867441
1269,7.977561,8.315265
1270,8.322993,9.243782
1271,8.686422,9.813335
1272,10.448962,11.888711
1273,10.372797,11.142596
1274,11.019044,10.865997
1275,11.429708,11.849834
1276,11.310337,11.163056
1277,8.893259,10.455320
1278,7.961531,8.272187
1279,8.684895,9.210916
1280,9.145939,9.666420
1281,11.226538,11.951277
1282,11.174827,11.840762
1283,11.564487,11.454011
1284,12.091835,12.363557
1285,12.160231,11.703917
1286,9.986619,11.381843
1287,7.948703,8.260492
1288,8.346073,9.364775
1289,8.592505,9.682043
1290,10.491583,11.985818
1291,10.440282,11.237537
1292,11.113257,10.712106
1293,11.783819,12.180245
1294,11.221430,11.120544
1295,8.915627,10.298970
1296,9.072074,8.453381
1297,10.103001,9.822725
1298,10.035743,10.071522
1299,12.728463,11.842237
1300,12.084588,12.068421
1301,12.967150,11.930314
1302,13.347426,12.357426
1303,13.328609,12.075561
1304,11.031093,11.797151
1305,9.389669,8.408532
1306,9.673010,9.508474
1307,9.369452,9.987215
1308,12.447956,12.049892
1309,11.149597,11.708721
1310,12.035757,11.432146
1311,13.031360,11.844583
1312,12.133740,11.411987
1313,9.863327,10.283266
1314,9.555367,8.253399
1315,9.994899,9.808488
1316,9.968287,10.072506
1317,12.934781,12.048016
1318,12.086569,12.239332
1319,12.747283,11.720001
1320,13.626885,12.518926
1321,13.206468,11.444963
1322,11.038692,11.828706
1323,9.181667,8.418175
1324,9.759138,9.932860
1325,9.431821,10.067545
1326,12.347288,12.266408
1327,11.208802,11.503690
1328,12.040960,11.205378
1329,13.090927,12.512364
1330,12.435689,11.399719
1331,9.868830,10.296484
1332,9.011467,8.321812
1333,9.485756,9.576899
1334,9.805274,10.130116
1335,12.500457,11.850415
1336,12.074850,12.178741
1337,12.602458,12.199953
1338,13.104504,12.599302
1339,12.834989,11.994057
1340,10.879456,11.689415
1341,8.807839,8.372125
1342,9.520074,9.504226
1343,9.259731,9.936420
1344,11.905281,11.911942
1345,11.157640,11.426864
1346,11.994863,11.480449
1347,12.284783,11.944775
1348,12.059042,11.824740
1349,9.724987,10.748383
1350,8.819068,8.113885
1351,9.429307,9.404592
1352,9.818724,9.894356
1353,12.298144,11.966082
1354,11.947508,11.981349
1355,12.683941,11.781860
1356,13.316425,12.778261
1357,13.009071,11.550325
1358,10.850705,11.748811
1359,8.795905,8.375461
1360,9.524324,9.359354
1361,9.313020,9.918714
1362,12.203968,11.928513
1363,11.169369,11.406102
1364,11.958422,11.360883
1365,12.751400,12.370756
1366,12.124820,11.551599
1367,9.793896,10.182911
1368,8.486198,8.382843
1369,9.315135,9.508160
1370,9.857582,10.413770
1371,11.279703,11.835977
1372,11.672278,12.288589
1373,12.309534,11.982304
1374,12.047859,12.301157
1375,12.367846,11.616904
1376,10.799276,11.871596
1377,8.653248,8.393665
1378,9.162009,9.474972
1379,9.371469,10.187681
1380,11.309482,11.879583
1381,10.843836,11.600102
1382,11.984303,11.512135
1383,11.546822,12.026858
1384,11.844345,11.466913
1385,9.746135,11.212229
1386,8.778056,8.426968
1387,9.314127,9.475218
1388,9.920532,10.163816
1389,11.387721,11.824925
1390,11.732345,11.968057
1391,12.272814,11.807384
1392,12.094745,12.102648
1393,12.349695,11.686649
1394,10.753136,11.662539
1395,8.697470,8.027303
1396,9.239870,9.328420
1397,9.362124,10.106156
1398,11.111736,12.104825
1399,10.914288,11.379210
1400,11.996970,11.255049
1401,11.796237,12.002320
1402,11.821352,11.379553
1403,9.758290,10.307697
1404,8.595416,8.221794
1405,9.407449,9.490738
1406,9.818237,10.072425
1407,11.318796,11.745318
1408,11.379984,12.253866
1409,12.269912,12.034525
1410,11.974005,12.061631
1411,11.937620,11.549375
1412,10.721622,12.135997
1413,8.571561,8.224280
1414,9.099421,9.505652
1415,9.367889,10.145206
1416,11.298560,11.773104
1417,10.702456,11.673406
1418,11.968769,11.501782
1419,11.231080,11.804873
1420,11.803669,11.431726
1421,9.707450,10.758133
1422,8.505971,8.163702
1423,9.276132,9.417592
1424,9.839251,10.113307
1425,11.307636,11.734582
1426,11.532848,12.017868
1427,12.234255,11.661030
1428,11.894101,12.303104
1429,12.135320,11.440403
1430,10.626427,11.393696
1431,8.704172,7.973354
1432,9.161951,9.346832
1433,9.302374,10.065154
1434,11.141853,11.897083
1435,11.014612,11.568857
1436,11.936368,11.333655
1437,11.773731,12.049880
1438,11.779637,11.511086
1439,9.668757,10.753155
1440,6.380093,7.410580
1441,7.542078,8.096886
1442,8.103491,8.361101
1443,9.576582,10.688541
1444,10.357468,11.209799
1445,11.252624,10.657638
1446,10.589663,11.611971
1447,11.340868,10.985363
1448,9.770824,10.696989
1449,5.989294,7.555990
1450,7.387515,8.215683
1451,7.637198,8.170551
1452,9.315680,11.040723
1453,9.305720,10.183011
1454,10.820286,9.714880
1455,10.620278,11.208833
1456,10.607065,10.070254
1457,8.605964,9.117289
1458,6.483868,7.174931
1459,7.596113,7.608643
1460,7.942338,8.227585
1461,9.882668,10.255389
1462,10.214859,10.760020
1463,11.229592,10.314510
1464,11.027242,11.094127
1465,11.490499,10.823597
1466,9.733782,10.545730
1467,6.267460,7.123718
1468,7.537098,8.031126
1469,7.635903,8.046059
1470,9.156839,10.882845
1471,9.272484,9.711819
1472,10.734680,9.704158
1473,10.341290,10.902079
1474,10.729321,9.884210
1475,8.668858,9.413692
1476,7.117301,7.397207
1477,8.336708,8.562831
1478,9.088315,8.628392
1479,11.089564,11.113099
1480,11.403330,11.432242
1481,12.698103,10.925828
1482,12.679748,11.629513
1483,12.775922,11.582815
1484,11.197270,11.118109
1485,7.292881,7.527617
1486,8.291229,8.460871
1487,8.682054,8.556284
1488,11.045928,11.204655
1489,10.640330,10.367783
1490,12.198967,10.198378
1491,11.760927,11.389258
1492,11.947029,10.552555
1493,9.870102,10.078664
1494,7.512508,7.597054
1495,8.162888,8.413334
1496,9.162099,8.550527
1497,10.923690,11.378618
1498,11.195829,11.006546
1499,12.772536,10.800851
1500,12.587968,11.589848
1501,12.660820,11.610620
1502,11.217498,10.733134
1503,6.934377,7.642684
1504,8.089916,8.368210
1505,8.627439,8.432572
1506,10.492229,11.020823
1507,10.419221,10.577771
1508,12.193185,10.109957
1509,12.039615,11.761561
1510,12.072506,10.979589
1511,9.817867,9.914887
1512,6.781853,7.003105
1513,8.280281,8.540611
1514,9.059952,8.464291
1515,10.992742,11.151114
1516,11.333566,11.499269
1517,12.617688,11.410064
1518,12.342633,11.749403
1519,12.554691,11.622128
1520,11.065821,11.412056
1521,6.678617,7.478453
1522,8.058202,8.597163
1523,8.549527,8.538777
1524,10.269777,11.130714
1525,10.508203,11.077761
1526,12.097187,10.468156
1527,11.594829,11.735438
1528,11.920581,10.864428
1529,9.774771,10.144417
1530,6.872504,7.515810
1531,8.247564,8.350311
1532,8.895059,8.245856
1533,10.903866,11.052742
1534,11.364178,11.171674
1535,12.504454,10.591897
1536,12.262894,11.572691
1537,12.531689,11.314685
1538,11.109684,10.797000
1539,7.400429,7.372835
1540,8.229413,8.384088
1541,8.549435,8.408351
1542,10.793818,11.026530
1543,10.227456,10.663405
1544,12.091169,10.051422
1545,11.578438,11.426976
1546,11.901904,10.552641
1547,9.810403,9.745899
1548,6.828327,7.111307
1549,8.335591,7.874222
1550,9.064454,8.528268
1551,10.689991,10.328255
1552,11.225424,10.758427
1553,12.655041,10.504739
1554,11.418887,10.914988
1555,12.750293,10.989994
1556,10.963856,10.820723
1557,7.092055,6.919722
1558,8.366344,8.108147
1559,8.606981,8.568590
1560,10.293062,10.199999
1561,10.329643,10.436114
1562,12.173978,9.991652
1563,10.981577,10.922542
1564,11.280471,10.065875
1565,9.747967,9.923154
1566,7.057005,6.819986
1567,8.369288,7.803991
1568,9.072968,8.061264
1569,10.707302,10.121631
1570,11.054714,10.521205
1571,12.658671,10.111910
1572,11.431350,10.946083
1573,12.181500,10.538823
1574,11.093383,10.335337
1575,6.937397,6.539436
1576,8.154327,7.781724
1577,8.641773,8.165470
1578,9.944507,10.413743
1579,10.030020,9.956959
1580,12.119540,9.659039
1581,11.020765,10.715287
1582,11.681366,9.575916
1583,9.690989,9.613050
1584,6.873281,7.041391
1585,8.273456,7.982075
1586,9.029974,8.603432
1587,10.183170,10.266579
1588,10.824126,10.797107
1589,12.379189,10.512148
1590,11.350769,10.847675
1591,12.061255,10.806284
1592,10.799002,10.690748
1593,6.796674,6.788180
1594,7.838264,7.883617
1595,8.508024,8.414382
1596,10.126795,10.154178
1597,10.139284,10.568377
1598,12.057681,9.965611
1599,10.717846,10.771011
1600,11.746116,10.060411
1601,9.704717,9.481555
1602,7.065703,6.938786
1603,8.466733,7.758667
1604,8.966616,8.142222
1605,10.382732,10.220328
1606,11.026558,10.317502
1607,12.343053,10.259495
1608,11.252668,11.066457
1609,11.984236,10.472839
1610,10.881280,10.080993
1611,7.156815,6.733078
1612,8.042506,7.892523
1613,8.573498,8.201685
1614,9.941364,10.165928
1615,10.178537,9.956712
1616,12.037402,9.751307
1617,10.884178,10.447566
1618,11.789857,10.110776
1619,9.689101,9.528594
1620,7.964730,8.409811
1621,8.951179,9.151108
1622,9.217794,9.362305
1623,11.237888,11.681237
1624,10.934487,11.390410
1625,11.459633,11.148037
1626,11.772813,11.982763
1627,11.977037,11.207132
1628,9.814466,10.925317
1629,7.813100,8.267644
1630,8.539740,9.189075
1631,8.721632,9.312661
1632,10.630110,11.821550
1633,10.320965,11.114111
1634,10.974829,10.629684
1635,11.574058,11.813748
1636,11.166594,11.243960
1637,8.941724,10.511827
1638,7.801031,8.247919
1639,8.867183,8.925799
1640,9.139759,9.426012
1641,11.284214,11.705208
1642,11.205606,11.355467
1643,11.465789,11.196098
1644,11.986981,12.245445
1645,12.221087,11.457225
1646,9.927301,10.773555
1647,7.517047,8.335628
1648,8.680932,8.926361
1649,8.594558,9.251742
1650,10.517759,11.712095
1651,10.380642,10.881218
1652,11.116020,10.403797
1653,11.454645,11.659685
1654,11.317099,11.047820
1655,8.944802,9.847597
1656,9.506353,8.397570
1657,9.680321,9.004683
1658,10.029756,9.553970
1659,13.194718,11.841874
1660,11.996636,11.559660
1661,12.817020,11.735860
1662,13.299921,12.421949
1663,13.089451,11.458420
1664,11.030559,11.440506
1665,9.430223,8.332759
1666,9.562931,9.339274
1667,9.391843,9.402785
1668,12.176677,11.829111
1669,11.148907,11.143198
1670,12.019239,10.625952
1671,12.901654,11.873698
1672,12.291751,11.152277
1673,9.809248,9.889573
1674,9.535080,8.628132
1675,9.934792,9.388436
1676,9.955729,9.656923
1677,12.951635,11.896535
1678,12.140163,11.479141
1679,12.612195,11.252053
1680,13.547235,12.478924
1681,13.403732,11.732498
1682,11.037936,10.826322
1683,9.485609,8.301082
1684,9.720611,9.361008
1685,9.436914,9.393157
1686,12.301708,12.208590
1687,11.403620,11.365022
1688,12.003575,10.639194
1689,12.868090,12.171836
1690,12.354294,11.636896
1691,9.809832,10.065194
1692,9.121907,8.599637
1693,9.496404,9.136714
1694,10.268661,9.482383
1695,12.299606,11.706067
1696,11.753056,11.475142
1697,12.548760,11.528425
1698,13.427584,12.369261
1699,12.755651,11.758118
1700,10.870503,11.146535
1701,8.758147,8.336649
1702,9.357458,9.158219
1703,9.268232,9.622430
1704,12.353492,11.784590
1705,10.977795,11.283137
1706,11.940985,10.782060
1707,12.892275,12.147593
1708,12.188262,10.860337
1709,9.684240,10.220949
1710,9.158567,8.551527
1711,9.583447,9.074602
1712,9.847564,9.315523
1713,12.562756,11.929815
1714,11.712800,11.319656
1715,12.695165,11.190277
1716,13.279376,12.260817
1717,12.793667,11.688581
1718,10.808857,10.936590
1719,8.768057,8.147143
1720,9.433876,8.960734
1721,9.326749,9.445814
1722,11.880866,11.858782
1723,11.112662,11.051023
1724,11.978899,10.699877
1725,12.611785,11.908992
1726,12.069078,11.010493
1727,9.766964,10.065096
1728,8.610124,8.118080
1729,9.295674,8.749280
1730,9.814720,9.581895
1731,11.299191,11.307813
1732,11.523331,11.701746
1733,12.219679,11.627221
1734,11.864280,12.082232
1735,12.487066,11.148750
1736,10.735590,11.240719
1737,8.705736,7.854133
1738,9.079432,9.059693
1739,9.331985,9.666555
1740,11.054391,11.610569
1741,10.821109,11.265573
1742,11.948269,11.113968
1743,11.585688,11.736721
1744,11.773928,11.505738
1745,9.753412,10.648914
1746,8.567288,7.804342
1747,9.523046,8.516196
1748,9.808207,9.445082
1749,11.457073,11.235091
1750,11.274183,11.159871
1751,12.211115,11.600543
1752,11.718790,11.819409
1753,12.272617,11.450679
1754,10.718856,11.031969
1755,8.637547,7.680241
1756,9.098577,8.789360
1757,9.357158,9.375079
1758,11.377273,11.518419
1759,10.972450,10.882050
1760,11.942906,10.850248
1761,11.515712,11.747463
1762,11.971979,10.978060
1763,9.747246,10.309738
1764,8.530394,7.712160
1765,9.369802,8.503048
1766,9.699819,9.573718
1767,11.258210,11.076326
1768,11.473738,11.231761
1769,12.142294,11.455327
1770,12.030970,11.639328
1771,11.906034,11.168323
1772,10.573367,11.173554
1773,8.397587,7.724772
1774,9.298375,8.856344
1775,9.255138,9.547701
1776,11.202204,11.131771
1777,10.734161,11.307088
1778,11.770087,11.267684
1779,11.547585,11.586156
1780,11.511191,11.132618
1781,9.659629,10.441303
1782,8.693763,7.474777
1783,9.080360,8.580437
1784,9.863654,9.159416
1785,11.451913,11.223209
1786,11.545323,11.168586
1787,12.206137,11.464897
1788,11.876646,11.600889
1789,12.053234,11.227069
1790,10.671036,10.914837
1791,8.304043,7.381095
1792,9.212629,8.429721
1793,9.310181,9.321908
1794,11.417767,11.184097
1795,10.799251,10.921460
1796,11.841420,10.824565
1797,11.505294,11.708383
1798,11.654507,11.085377
1799,9.711315,10.515745
1800,8.030964,8.343716
1801,8.708712,9.007152
1802,9.102767,9.343279
1803,11.167295,11.730288
1804,10.788618,11.387989
1805,11.473961,11.252726
1806,11.962662,12.157485
1807,11.781239,11.537397
1808,9.794582,11.009973
1809,7.850008,8.275834
1810,8.698700,8.802002
1811,8.738386,9.361182
1812,10.491982,11.784969
1813,10.325197,11.049473
1814,11.011909,10.693439
1815,11.352998,11.906067
1816,11.178200,11.256374
1817,8.913782,10.003223
1818,7.791567,8.058470
1819,8.642179,8.779255
1820,9.092937,9.388518
1821,11.235748,11.839070
1822,10.997902,11.299722
1823,11.551708,11.030296
1824,11.998486,12.096322
1825,11.948647,11.317156
1826,9.900275,11.076894
1827,7.739467,8.090852
1828,8.524000,9.057024
1829,8.608961,9.419789
1830,10.772184,11.764415
1831,10.380619,11.265891
1832,11.119833,10.397298
1833,11.535849,11.999513
1834,11.275099,10.883725
1835,8.883711,9.879521
1836,9.369555,8.391495
1837,9.624200,9.007647
1838,10.000148,9.674529
1839,12.570256,11.861266
1840,12.171969,11.520933
1841,12.620672,11.275154
1842,13.459539,12.285729
1843,12.977334,11.167727
1844,11.053276,11.418207
1845,9.110559,8.244895
1846,9.610416,9.297214
1847,9.362795,9.484877
1848,12.385964,11.778554
1849,11.161383,10.981549
1850,12.038328,10.677460
1851,13.120150,12.281515
1852,12.140211,11.273217
1853,9.809086,10.204287
1854,9.550449,8.533920
1855,9.917571,9.387804
1856,10.003079,9.703261
1857,12.942571,12.380937
1858,12.203298,11.421743
1859,12.994317,11.219748
1860,13.677830,12.366189
1861,13.282758,11.559818
1862,11.043234,10.983301
1863,9.476988,8.436298
1864,9.595017,9.225101
1865,9.447638,9.430739
1866,12.680707,11.941875
1867,11.259755,11.103635
1868,11.945274,10.503863
1869,12.661531,12.285564
1870,12.107298,11.285724
1871,9.836331,10.045436
1872,9.030902,8.439989
1873,9.546880,9.203802
1874,9.791647,9.779906
1875,12.231033,11.535015
1876,11.847449,11.427106
1877,12.699364,11.853364
1878,12.913085,12.329351
1879,12.803457,11.839492
1880,10.745316,11.341584
1881,8.682119,8.327135
1882,9.462188,9.089043
1883,9.270433,9.590356
1884,11.866759,11.868628
1885,11.189037,11.268845
1886,11.873250,10.896435
1887,12.846398,11.948465
1888,12.085105,11.068658
1889,9.740385,10.323504
1890,9.270994,8.274989
1891,9.551383,9.139088
1892,9.864890,9.414917
1893,12.625689,11.856179
1894,11.830822,11.253607
1895,12.587761,11.241978
1896,12.998090,12.517507
1897,12.914196,11.578826
1898,10.797617,11.289941
1899,9.101511,8.276993
1900,9.563870,8.809254
1901,9.333425,9.413329
1902,11.848177,11.957703
1903,11.214344,10.806944
1904,11.902174,10.694153
1905,12.802405,12.105659
1906,12.032415,11.256938
1907,9.775647,9.903393
1908,8.541955,7.866900
1909,9.550715,9.008718
1910,9.817149,9.657213
1911,11.362752,11.491735
1912,11.505470,11.508159
1913,12.171976,11.744520
1914,11.713167,12.083876
1915,12.229148,11.584960
1916,10.730227,11.279571
1917,8.602798,7.725254
1918,9.112515,8.984416
1919,9.323014,9.579819
1920,11.026610,11.511660
1921,10.774990,11.144984
1922,11.844191,11.131507
1923,11.557024,11.798969
1924,11.641129,11.069822
1925,9.807774,10.860209
1926,8.332203,7.757061
1927,9.296611,8.477308
1928,9.896606,9.370109
1929,11.400387,11.361398
1930,11.438253,11.288863
1931,12.199258,11.289779
1932,11.824518,11.884314
1933,12.130490,11.260210
1934,10.740652,11.274847
1935,8.601019,7.572583
1936,9.207788,8.752258
1937,9.383895,9.525124
1938,11.151642,11.493370
1939,10.747793,10.929767
1940,11.897421,10.979095
1941,11.513233,11.876261
1942,12.022095,11.133751
1943,9.756762,10.352121
1944,8.390524,7.585656
1945,9.391128,8.848219
1946,9.787006,9.677927
1947,11.254091,10.970871
1948,11.496721,11.327806
1949,12.111493,11.463091
1950,12.001658,11.992396
1951,12.200180,11.224795
1952,10.596237,11.022974
1953,8.221344,7.481843
1954,9.154900,8.665348
1955,9.229532,9.646260
1956,11.126985,11.122593
1957,10.734658,11.068476
1958,11.741028,10.998257
1959,11.462328,11.391054
1960,11.632309,11.454185
1961,9.709174,10.815588
1962,8.466456,7.851627
1963,9.514593,8.619463
1964,9.833735,9.374170
1965,11.441474,10.858412
1966,11.531691,11.227592
1967,12.129745,11.152617
1968,12.027443,11.757965
1969,12.137147,11.446958
1970,10.636641,11.309088
1971,8.712350,7.608759
1972,9.488639,8.430487
1973,9.388600,9.385183
1974,11.089620,11.331596
1975,10.664845,10.803250
1976,11.840408,10.818949
1977,11.489109,11.606088
1978,11.879391,11.001177
1979,9.708608,10.322339
1980,8.009438,8.292612
1981,8.564638,8.825069
1982,9.115515,9.430878
1983,11.040381,11.700298
1984,10.999732,11.643052
1985,11.513813,11.191183
1986,11.921258,12.281530
1987,11.932245,11.560218
1988,9.829841,10.999291
1989,8.010239,8.377761
1990,8.577632,9.123345
1991,8.724787,9.107299
1992,10.648841,11.278518
1993,10.178590,11.127277
1994,10.974683,10.777208
1995,11.543615,11.865444
1996,11.295053,11.432569
1997,8.907894,10.138402
1998,7.922337,8.007643
1999,8.616091,8.737726
2000,9.076303,9.430020
2001,11.281844,11.715393
2002,11.170797,11.149341
2003,11.526978,11.151953
2004,12.015091,12.254209
2005,12.124452,11.504467
2006,9.952467,10.947985
2007,8.021163,8.216639
2008,8.601566,8.900970
2009,8.540043,9.532933
2010,10.606929,11.777102
2011,10.345211,11.202618
2012,11.119948,10.471547
2013,11.557581,11.928046
2014,11.335962,11.182823
2015,8.965273,9.984430
2016,9.090041,8.536576
2017,9.587332,9.229448
2018,9.998785,9.568087
2019,12.751621,11.866889
2020,12.048902,11.697858
2021,12.609071,11.313699
2022,13.334340,12.362356
2023,13.116165,11.536725
2024,10.966073,11.459446
2025,9.205042,8.389269
2026,9.368025,9.185666
2027,9.435055,9.495914
2028,12.519472,11.889907
2029,11.180622,11.166391
2030,11.965773,10.454325
2031,13.041654,12.143595
2032,12.386799,11.507681
2033,9.873664,10.263817
2034,9.400109,8.373637
2035,10.016893,9.239308
2036,10.048370,9.596509
2037,12.966151,12.239662
2038,12.069269,11.722788
2039,12.819947,11.322735
2040,13.394069,12.955317
2041,13.083768,11.654863
2042,11.042467,10.704112
2043,9.274653,8.487138
2044,9.415344,9.027105
2045,9.480262,9.536970
2046,12.336454,12.180618
2047,11.383556,11.509152
2048,12.063967,11.086826
2049,12.864724,12.286146
2050,12.395267,10.840853
2051,9.853502,9.940671
2052,8.584790,8.222858
2053,9.648187,9.027753
2054,9.759268,9.618266
2055,12.428225,11.731970
2056,11.829338,11.449998
2057,12.512584,11.516163
2058,13.497376,12.396114
2059,12.836550,11.773504
2060,10.771989,11.454016
2061,8.559002,8.317041
2062,9.262864,9.275264
2063,9.303905,9.722495
2064,11.728199,12.035727
2065,11.012673,11.405789
2066,11.964355,10.884236
2067,12.801079,11.881257
2068,12.103652,11.276772
2069,9.759397,10.412892
2070,8.954982,8.274474
2071,9.571513,9.127534
2072,9.859964,9.541794
2073,12.176546,11.925990
2074,11.826826,11.238037
2075,12.728264,11.202387
2076,13.442591,12.231123
2077,12.912512,11.426863
2078,10.818899,10.969000
2079,8.587194,8.216730
2080,9.481401,9.000650
2081,9.337730,9.473631
2082,11.892977,12.087586
2083,11.079726,11.164269
2084,12.015697,10.765498
2085,12.573845,12.237822
2086,12.086702,11.207895
2087,9.851362,10.331264
2088,8.743953,7.971942
2089,9.340492,8.981981
2090,9.833525,9.790306
2091,11.327526,11.283536
2092,11.616613,11.531696
2093,12.244833,11.653678
2094,12.099379,11.969654
2095,12.125286,11.657027
2096,10.835932,11.632687
2097,8.632391,7.896626
2098,9.167650,9.105875
2099,9.396128,9.542923
2100,10.968343,11.602881
2101,11.043102,11.438233
2102,11.956711,11.219328
2103,11.275271,11.731353
2104,11.809579,11.505371
2105,9.742390,10.482440
2106,8.337024,7.844516
2107,9.584253,8.787350
2108,9.796278,9.437469
2109,11.416374,11.276687
2110,11.659889,11.363851
2111,12.217015,11.449941
2112,11.870935,11.972885
2113,12.297268,11.704739
2114,10.799448,10.724201
2115,8.310615,7.675794
2116,9.276051,8.817418
2117,9.331381,9.589341
2118,11.001515,11.562657
2119,11.038992,10.664325
2120,11.811169,10.901931
2121,11.354346,11.666334
2122,11.875092,10.882157
2123,9.685650,10.375762
2124,8.574719,8.042753
2125,9.433986,9.003255
2126,9.786673,9.510903
2127,11.498747,11.083483
2128,11.493072,11.267220
2129,12.176009,11.492674
2130,11.780234,11.805197
2131,12.141701,11.460019
2132,10.636021,11.218382
2133,8.454811,7.724046
2134,9.041258,8.802648
2135,9.306871,9.476191
2136,11.279301,11.303883
2137,10.780812,11.152872
2138,11.982022,11.053328
2139,11.546534,11.601740
2140,11.700232,11.171548
2141,9.736250,10.297141
2142,8.466745,7.740654
2143,9.293951,8.417538
2144,9.801015,9.362494
2145,11.304420,11.189026
2146,11.508781,11.488929
2147,12.266689,11.285254
2148,11.804741,11.745444
2149,12.147451,11.169438
2150,10.699617,11.050352
2151,8.684927,7.426726
2152,9.169292,8.505043
2153,9.345421,9.329893
2154,11.026412,11.283182
2155,10.916708,11.076209
2156,11.852962,11.008018
2157,11.472586,11.443596
2158,11.700891,11.162495
2159,9.744842,10.288660
2160,6.338497,7.359394
2161,7.301965,8.073578
2162,8.068850,8.280458
2163,9.848876,10.926569
2164,10.240953,10.584530
2165,11.270913,10.480268
2166,10.939158,11.694802
2167,11.184640,10.914233
2168,9.701591,10.898697
2169,6.401759,7.441555
2170,7.286251,8.039465
2171,7.667984,8.360079
2172,9.593380,10.997032
2173,9.346910,9.750058
2174,10.733793,9.964651
2175,9.973391,11.468897
2176,10.607940,10.664727
2177,8.541167,9.530046
2178,6.478622,7.037089
2179,7.560480,7.544570
2180,7.935098,8.096003
2181,9.860906,10.807517
2182,10.299045,10.341703
2183,11.239767,10.521977
2184,10.800180,11.550150
2185,11.192673,10.962032
2186,9.716710,10.504085
2187,6.197935,7.206588
2188,7.446779,7.895661
2189,7.619298,7.943039
2190,9.423567,11.118552
2191,9.362795,10.493223
2192,10.704037,9.505508
2193,10.249737,10.977331
2194,10.545515,10.164039
2195,8.660527,9.349742
2196,7.232487,7.567937
2197,8.363835,8.718946
2198,9.105171,8.622337
2199,11.037155,11.117759
2200,11.597773,11.316531
2201,12.715434,10.994013
2202,12.444700,12.154903
2203,12.558437,11.699417
2204,11.092926,11.116832
2205,7.063515,7.475657
2206,8.162821,8.505685
2207,8.523740,8.463899
2208,10.580792,11.451177
2209,10.570618,10.710692
2210,12.186481,10.100748
2211,11.762094,11.533679
2212,11.651726,10.610648
2213,9.847382,9.811513
2214,7.154716,7.455767
2215,8.447153,8.496052
2216,9.181734,8.469763
2217,11.066797,11.211359
2218,11.190617,11.366096
2219,12.637792,10.716696
2220,12.246432,12.101016
2221,12.551769,11.126237
2222,11.266687,11.216782
2223,6.896066,7.339290
2224,8.195084,8.773454
2225,8.655621,8.598162
2226,10.607264,11.435744
2227,10.160380,11.206284
2228,12.262957,10.036037
2229,11.438299,11.746582
2230,11.823701,10.986332
2231,9.817353,9.277029
2232,7.032418,7.368265
2233,8.429018,8.759556
2234,9.004813,8.611088
2235,10.842505,11.105832
2236,11.227703,11.180838
2237,12.561686,10.985653
2238,12.182148,12.007994
2239,12.520977,11.657582
2240,11.018366,11.378605
2241,6.926335,7.490254
2242,8.109383,8.379390
2243,8.572012,8.446338
2244,10.443955,11.314561
2245,10.490991,11.008863
2246,12.185349,10.269524
2247,11.010619,11.397099
2248,11.607862,10.801923
2249,9.695196,10.289034
2250,7.055802,7.371460
2251,8.126985,8.376739
2252,8.953451,8.522979
2253,10.867132,11.224852
2254,11.074019,11.096062
2255,12.658315,10.739327
2256,11.961773,12.014009
2257,12.416769,11.171972
2258,11.001605,11.015556
2259,7.170851,7.620303
2260,8.134701,8.879118
2261,8.502060,8.252076
2262,10.370025,11.500708
2263,10.026361,10.562054
2264,12.091890,9.905149
2265,11.030190,11.405626
2266,11.615400,10.383125
2267,9.744757,9.555199
2268,7.140073,7.287211
2269,8.422371,8.390235
2270,9.051783,8.116699
2271,10.325361,10.782630
2272,11.259668,10.707964
2273,12.417975,10.337184
2274,11.344856,11.287233
2275,11.914068,10.730845
2276,10.956011,10.535301
2277,7.265788,7.148087
2278,8.037741,8.430914
2279,8.640386,8.184816
2280,10.297170,10.495357
2281,10.338373,10.454505
2282,12.105059,9.493946
2283,10.865547,11.022987
2284,11.384731,10.399957
2285,9.698307,9.522839
2286,7.300177,6.985902
2287,8.121135,7.989109
2288,9.052702,7.774232
2289,10.346354,10.368274
2290,11.034332,10.556345
2291,12.509655,10.002567
2292,11.283961,11.165821
2293,12.089473,10.503202
2294,10.998984,10.500362
2295,6.978064,6.685096
2296,8.083565,8.020504
2297,8.614765,7.943250
2298,10.177693,10.454247
2299,10.066658,10.280940
2300,12.080580,10.297232
2301,10.687652,10.984939
2302,11.391945,9.813132
2303,9.700154,9.061412
2304,7.171996,6.848593
2305,8.168138,8.012876
2306,8.936535,8.279310
2307,10.009008,10.301765
2308,10.690943,10.645642
2309,12.363185,10.208389
2310,11.128711,11.374003
2311,12.142201,10.742569
2312,10.904263,10.564457
2313,7.260375,6.829243
2314,8.165483,8.236805
2315,8.534485,8.235502
2316,10.142951,10.574689
2317,10.042080,10.365720
2318,11.885110,10.033190
2319,10.499066,10.877315
2320,11.322436,10.156478
2321,9.599747,9.359769
2322,6.799123,6.846662
2323,7.992699,8.203243
2324,8.954845,7.887316
2325,10.448518,10.327913
2326,10.914907,10.586608
2327,12.444016,10.065763
2328,11.378255,10.884827
2329,12.014338,10.453311
2330,10.740288,10.215384
2331,6.863215,6.772185
2332,8.204506,7.934324
2333,8.602036,7.967295
2334,10.054819,10.373016
2335,10.126844,10.201788
2336,11.917329,9.453239
2337,10.692591,10.902615
2338,11.145925,10.073339
2339,9.634484,9.090556
2340,7.878242,8.231475
2341,8.568130,9.166433
2342,9.144910,9.697499
2343,10.997847,11.729402
2344,10.752687,11.463278
2345,11.387572,11.467352
2346,11.829933,12.338920
2347,11.966153,11.775866
2348,9.864036,11.603148
2349,7.940272,8.258710
2350,8.640681,9.209243
2351,8.656515,9.681568
2352,10.576870,11.774360
2353,10.215893,11.455175
2354,10.986091,10.886453
2355,11.252990,11.787247
2356,11.145548,11.505919
2357,8.928367,10.435754
2358,7.647297,8.418930
2359,8.885077,9.001625
2360,9.034353,9.653766
2361,10.909738,11.666095
2362,11.067904,11.411522
2363,11.477723,11.422575
2364,11.880078,12.248781
2365,11.821484,11.648406
2366,9.982286,10.991403
2367,7.459673,8.314986
2368,8.603414,9.290501
2369,8.541757,9.738686
2370,10.504436,12.078681
2371,10.296827,11.275427
2372,11.043184,10.692433
2373,11.506667,12.135233
2374,11.356769,11.244088
2375,8.930599,9.283180
2376,9.360157,8.494089
2377,9.991354,9.518005
2378,9.993630,9.595099
2379,12.721201,11.822736
2380,12.100725,12.016268
2381,12.527636,11.928875
2382,13.478020,12.953340
2383,13.006264,11.984166
2384,10.990046,11.767503
2385,9.418220,8.375574
2386,9.608858,9.252851
2387,9.374928,9.713637
2388,12.102241,12.142355
2389,11.284641,11.538251
2390,11.946630,10.985410
2391,13.169484,12.318944
2392,12.214622,11.851975
2393,9.834546,10.458301
2394,9.357024,8.567813
2395,9.894388,9.559564
2396,10.019570,9.984037
2397,12.882006,12.118555
2398,12.226530,11.856874
2399,12.752516,11.599979
2400,13.584965,12.636153
2401,13.035249,11.859838
2402,10.971160,11.272884
2403,9.117709,8.564225
2404,9.851698,9.355075
2405,9.366973,9.840406
2406,12.290133,12.307020
2407,11.236177,11.589233
2408,11.867937,11.056541
2409,12.712687,12.583933
2410,12.236568,11.458828
2411,9.833089,10.274779
2412,8.928872,8.585229
2413,9.387313,9.274452
2414,9.851962,10.010143
2415,12.100817,11.714650
2416,11.830997,11.930473
2417,12.723730,11.804192
2418,13.018651,12.390280
2419,13.159468,11.515218
2420,10.787844,12.116904
2421,8.740899,8.288026
2422,9.404761,9.320212
2423,9.169399,9.839111
2424,12.245489,11.988852
2425,11.243958,11.455042
2426,11.785587,11.273959
2427,12.478218,12.015891
2428,12.134830,11.359840
2429,9.741860,10.317530
2430,8.891095,8.333274
2431,9.293180,9.276254
2432,9.812576,9.779072
2433,12.476156,12.149628
2434,11.941568,11.677393
2435,12.814194,11.507332
2436,13.384106,12.471941
2437,12.730841,11.887197
2438,10.873523,11.306066
2439,8.685654,8.180268
2440,9.398094,9.488596
2441,9.291069,9.846163
2442,12.092062,11.838313
2443,10.950855,11.518290
2444,11.960880,11.123306
2445,12.774533,11.918473
2446,12.009670,11.497825
2447,9.748911,9.944190
2448,8.630531,7.936826
2449,9.358184,9.149179
2450,9.740315,9.865696
2451,11.527296,11.245277
2452,11.679846,11.765439
2453,12.191916,11.827561
2454,11.823182,11.973475
2455,12.214800,11.838837
2456,10.846077,11.339352
2457,8.442976,7.800813
2458,9.440232,9.035336
2459,9.263441,9.871843
2460,10.893953,11.661455
2461,10.782667,11.395947
2462,11.873510,11.372491
2463,11.253404,11.847768
2464,11.622849,11.773280
2465,9.720412,11.006113
2466,8.786593,7.899039
2467,9.456706,9.023699
2468,9.856528,9.841269
2469,11.557085,11.357999
2470,11.450252,11.584521
2471,12.170223,11.601185
2472,11.620363,12.029096
2473,12.386613,11.357186
2474,10.793348,11.061584
2475,8.820984,7.750669
2476,9.357198,8.944812
2477,9.265584,9.842360
2478,11.638436,11.683592
2479,10.914158,11.495088
2480,11.867919,11.130778
2481,11.670023,11.970179
2482,11.646137,11.311467
2483,9.844490,10.118404
2484,8.481005,7.549517
2485,9.125114,8.943924
2486,9.798439,9.726093
2487,11.365309,11.010366
2488,11.247143,11.344385
2489,12.189697,11.716001
2490,11.982641,11.832875
2491,12.154566,11.803967
2492,10.715626,11.689779
2493,8.720732,7.661252
2494,9.238996,8.961756
2495,9.276832,9.732258
2496,10.997580,11.177867
2497,10.789259,11.150233
2498,11.773472,11.285775
2499,11.477151,11.576815
2500,11.730958,11.275656
2501,9.703558,10.512769
2502,8.748199,7.543629
2503,9.447343,8.843772
2504,9.760750,9.616879
2505,11.635668,11.236567
2506,11.427338,11.423213
2507,12.217220,11.580036
2508,11.876956,11.692547
2509,12.189863,11.420132
2510,10.647001,11.325642
2511,8.572412,7.668841
2512,9.100136,9.020121
2513,9.294809,9.728868
2514,11.281149,11.360733
2515,10.531231,11.065588
2516,11.835482,10.992023
2517,11.494613,11.579857
2518,11.931729,11.653981
2519,9.752702,10.840401
2520,7.908350,8.368331
2521,8.731717,9.446319
2522,9.168778,9.692676
2523,11.107665,11.607101
2524,10.735383,11.683469
2525,11.417069,11.423867
2526,12.207908,12.223228
2527,11.729792,11.462760
2528,9.851768,11.580367
2529,7.945765,8.305708
2530,8.738765,9.219502
2531,8.713841,9.635902
2532,10.588028,11.827394
2533,10.268541,10.925777
2534,11.000257,11.014569
2535,11.293251,12.128848
2536,11.232662,11.567314
2537,8.959876,10.723569
2538,8.072142,8.306824
2539,8.693452,9.087205
2540,9.111364,9.643703
2541,11.304320,11.841666
2542,11.160049,11.575001
2543,11.489324,11.464346
2544,11.521567,12.345959
2545,11.913099,11.573015
2546,9.990554,11.479736
2547,8.070565,8.173717
2548,8.381065,9.199532
2549,8.508174,9.667507
2550,10.726160,11.987682
2551,10.277805,10.922760
2552,10.958101,10.681954
2553,11.332565,12.042809
2554,11.497244,10.784816
2555,8.856374,9.967315
2556,9.071107,8.531221
2557,9.755021,9.457830
2558,9.966291,9.832273
2559,13.221973,11.871780
2560,12.037934,11.741843
2561,12.399893,11.909939
2562,13.117190,12.341889
2563,13.136531,11.698566
2564,10.981626,11.921874
2565,9.419488,8.297751
2566,9.581557,9.230425
2567,9.366737,9.770306
2568,12.433542,12.077246
2569,11.241736,11.294662
2570,11.929030,10.991836
2571,12.457103,12.176942
2572,12.303227,11.094940
2573,9.794046,10.487028
2574,9.104248,8.590197
2575,9.768288,9.369299
2576,10.019871,9.914608
2577,12.726006,12.289707
2578,12.242218,11.855328
2579,12.707339,11.459472
2580,13.594358,12.522484
2581,13.182136,11.284376
2582,10.983730,11.725018
2583,9.113781,8.772737
2584,9.714383,9.200335
2585,9.411495,9.943614
2586,12.514592,12.459168
2587,11.317877,11.729377
2588,11.831103,11.041539
2589,12.792020,12.803205
2590,12.112595,10.853665
2591,9.798084,10.460258
2592,8.973225,8.278684
2593,9.633571,9.538322
2594,9.790331,9.947952
2595,12.405958,11.985879
2596,11.792398,11.828764
2597,12.481526,11.748983
2598,12.845901,12.511210
2599,12.855391,12.295129
2600,10.791331,11.981114
2601,9.128557,8.404515
2602,9.335584,9.489485
2603,9.233797,9.920588
2604,11.706240,11.922609
2605,10.969628,11.262469
2606,11.851866,11.152617
2607,12.448509,12.274721
2608,12.118057,11.407775
2609,9.802641,10.492314
2610,9.029058,8.393595
2611,9.537763,9.500393
2612,9.815456,9.777585
2613,12.336208,12.102641
2614,11.884478,11.612144
2615,12.640598,11.629433
2616,13.058515,12.685709
2617,12.853824,11.688678
2618,10.820782,11.625726
2619,8.849583,8.417989
2620,9.527765,9.471901
2621,9.302608,9.737789
2622,12.149836,12.100486
2623,11.200539,11.243298
2624,11.897546,10.984797
2625,12.400990,12.082386
2626,12.002394,11.413632
2627,9.807815,10.455698
2628,8.526673,8.017542
2629,9.344221,9.098973
2630,9.789187,9.822171
2631,11.433733,11.367506
2632,11.556017,11.624855
2633,12.150799,11.729677
2634,11.994818,11.784345
2635,12.325497,11.730118
2636,10.714980,11.419099
2637,8.601276,8.011542
2638,9.083622,9.062800
2639,9.280823,9.659792
2640,11.177176,11.443340
2641,10.698286,11.435785
2642,11.844049,11.417706
2643,11.381606,11.737298
2644,11.762699,11.355086
2645,9.688681,10.988584
2646,8.585690,7.901024
2647,9.362334,8.926790
2648,9.852160,9.804073
2649,11.423435,11.661922
2650,11.457906,11.863894
2651,12.265936,11.469861
2652,12.020546,12.183425
2653,12.190709,11.504928
2654,10.715656,11.588943
2655,8.732473,7.756361
2656,9.295225,8.858271
2657,9.293798,9.700078
2658,11.343884,11.590576
2659,10.760227,11.239681
2660,11.909004,11.087641
2661,11.590731,11.740849
2662,11.795956,11.413387
2663,9.728971,10.467236
2664,8.528214,7.785550
2665,9.348780,8.965500
2666,9.696881,9.863904
2667,11.373983,11.195611
2668,11.359598,11.779150
2669,12.171278,11.643155
2670,11.958080,11.810298
2671,12.180372,11.564795
2672,10.662917,11.301886
2673,8.532332,7.892021
2674,9.268733,9.102944
2675,9.277345,9.668881
2676,11.019126,11.164128
2677,10.528531,11.186835
2678,11.752672,11.331204
2679,11.317984,11.739773
2680,11.780329,11.576694
2681,9.642547,10.832005
2682,8.577014,7.542230
2683,9.483545,8.969123
2684,9.765483,9.633404
2685,11.492391,11.217611
2686,11.460229,11.367995
2687,12.232600,11.392619
2688,11.908879,11.783109
2689,12.186033,11.803784
2690,10.683651,10.934307
2691,8.303563,7.596457
2692,9.274548,8.833386
2693,9.266311,9.898298
2694,11.067830,11.335094
2695,10.892496,11.080391
2696,11.711676,11.086142
2697,11.334945,11.590065
2698,11.717701,11.271731
2699,9.661205,10.644024
2700,7.918131,8.418698
2701,8.925434,9.406275
2702,9.107866,9.804580
2703,10.937968,11.445039
2704,10.884728,11.483228
2705,11.457458,11.477087
2706,11.805668,12.256581
2707,11.777925,11.245500
2708,9.842102,11.278137
2709,7.975102,8.531170
2710,8.673960,9.196755
2711,8.665777,9.794786
2712,10.367781,11.919764
2713,10.206008,11.210962
2714,11.000022,10.602092
2715,11.151877,11.944425
2716,11.199855,11.026781
2717,8.865046,10.314794
2718,7.843405,8.260395
2719,8.752540,9.278591
2720,9.080849,9.750254
2721,11.023459,11.699011
2722,11.090685,11.451339
2723,11.501719,11.482798
2724,12.028728,12.368618
2725,11.910325,11.760892
2726,9.947120,11.178246
2727,7.743973,8.368629
2728,8.496773,9.445576
2729,8.542968,9.785659
2730,10.556375,12.087653
2731,10.239863,10.797941
2732,10.851965,10.664734
2733,11.437227,12.008179
2734,11.178798,11.143285
2735,8.964143,10.326475
2736,9.221949,8.374565
2737,9.611145,9.221382
2738,9.984207,9.708424
2739,12.606302,11.843035
2740,12.218067,11.744542
2741,12.778157,11.564927
2742,13.234973,12.208131
2743,13.061945,11.774267
2744,11.034412,11.816963
2745,9.416506,8.339488
2746,9.774395,9.333470
2747,9.380654,9.696133
2748,12.392615,11.981957
2749,11.126839,11.069129
2750,11.990206,11.029924
2751,12.915286,12.083041
2752,12.323261,11.458346
2753,9.808908,10.728881
2754,9.121640,8.569499
2755,9.662987,9.411035
2756,9.956644,9.861398
2757,12.612179,12.291162
2758,11.862635,11.922668
2759,12.597890,11.750504
2760,13.171348,12.668050
2761,13.280214,11.654851
2762,11.036886,11.529645
2763,8.850224,8.484161
2764,9.545847,9.465137
2765,9.434062,9.868060
2766,11.986533,12.504524
2767,11.259522,11.329584
2768,11.918950,11.128303
2769,12.647846,12.513989
2770,12.035288,11.551836
2771,9.794250,10.545094
2772,8.605584,8.383718
2773,9.575001,9.503185
2774,9.837270,10.052424
2775,12.118307,11.882350
2776,11.695539,11.850950
2777,12.369256,11.998134
2778,13.014654,12.571519
2779,12.811889,11.896237
2780,10.884629,12.115048
2781,8.996786,8.463983
2782,9.317918,9.618123
2783,9.271811,9.900172
2784,12.220406,11.964980
2785,11.022061,11.454736
2786,11.951969,11.385504
2787,12.264042,12.172073
2788,12.012525,11.489823
2789,9.791222,10.811442
2790,8.966716,8.346186
2791,9.246098,9.388675
2792,9.850668,9.815747
2793,12.578606,12.140662
2794,11.937588,11.600861
2795,12.532321,11.536379
2796,12.706375,12.536782
2797,12.800720,11.874380
2798,10.766094,11.457478
2799,8.876612,8.567510
2800,9.426871,9.172449
2801,9.267620,9.772891
2802,11.874405,12.123842
2803,11.102936,11.456146
2804,11.861921,10.759491
2805,12.555455,12.248707
2806,12.190589,11.412550
2807,9.793421,10.278207
2808,8.725740,7.813895
2809,9.225338,9.185211
2810,9.813171,9.959828
2811,11.251284,11.329486
2812,11.347818,11.814840
2813,12.286128,11.849632
2814,11.825640,12.416318
2815,12.125486,11.485401
2816,10.703918,11.583755
2817,8.374704,7.957087
2818,9.322716,9.220756
2819,9.272476,9.912932
2820,11.334487,11.465400
2821,10.716223,11.338624
2822,11.762914,11.269762
2823,11.541242,11.531446
2824,11.797197,11.756748
2825,9.700450,11.189452
2826,8.427917,7.856134
2827,9.336897,9.043171
2828,9.839180,9.775869
2829,11.660311,11.777275
2830,11.431799,11.752140
2831,12.190319,11.832413
2832,11.719531,12.240527
2833,12.123585,12.025297
2834,10.632724,11.530608
2835,8.871251,7.635358
2836,9.399006,8.767929
2837,9.359607,9.779262
2838,10.811243,11.706647
2839,10.789660,11.309089
2840,11.944048,11.017050
2841,11.621105,11.747066
2842,11.684661,10.905795
2843,9.772895,10.831032
2844,8.638373,7.876807
2845,9.290443,9.031531
2846,9.761169,9.868875
2847,11.086809,11.131678
2848,11.415318,11.596721
2849,12.139156,11.668411
2850,11.605377,11.902184
2851,12.135111,11.387377
2852,10.596256,11.603683
2853,8.360551,7.784505
2854,9.142746,9.099605
2855,9.261890,9.719761
2856,10.864244,11.315354
2857,10.562940,11.027237
2858,11.749873,11.511654
2859,11.647519,11.547517
2860,11.779236,11.258192
2861,9.652186,10.591279
2862,8.497263,7.470850
2863,9.343186,8.763638
2864,9.801725,9.660610
2865,11.386294,11.333907
2866,11.441198,11.577314
2867,12.115260,11.524798
2868,11.682423,11.641340
2869,12.266855,11.886551
2870,10.679603,11.592558
2871,8.470574,7.704535
2872,9.146813,8.706918
2873,9.261047,9.558033
2874,11.431121,11.436226
2875,10.785400,11.225220
2876,11.920271,11.470447
2877,11.376995,11.428864
2878,11.627842,11.249535
2879,9.696627,10.589643
0,6.548884,7.803628
1,7.642613,8.720013
2,8.100480,8.618342
3,9.595444,10.936701
4,10.259557,11.274545
5,11.299852,10.958902
6,11.328315,11.832937
7,11.508778,11.445276
8,9.801307,11.061625
9,6.649521,7.235467
10,7.274198,8.670824
11,7.631399,8.426830
12,9.439336,10.567159
13,9.338513,10.789421
14,10.672793,10.429044
15,10.521166,11.559188
16,10.798777,10.811521
17,8.660966,10.046920
18,6.637428,6.890232
19,7.437243,7.761560
20,8.092285,7.911716
21,9.749872,10.712537
22,10.473785,11.078257
23,11.269661,10.540124
24,11.130439,11.605694
25,11.297537,11.197237
26,9.790415,10.674337
27,6.625197,7.076134
28,7.059750,8.399458
29,7.693800,8.113473
30,9.618723,10.850312
31,9.491176,10.274179
32,10.777071,10.405694
33,10.689093,11.298365
34,10.755680,10.827034
35,8.634730,10.065482
36,7.014446,7.719301
37,8.421896,9.112575
38,9.080783,8.620363
39,11.158369,11.015008
40,11.447895,11.528042
41,12.668978,11.209318
42,12.588353,11.970902
43,12.768017,11.613410
44,11.314333,11.141817
45,7.224778,7.504213
46,8.274187,8.860065
47,8.561307,8.709311
48,10.335980,11.117164
49,10.685638,11.117289
50,12.163777,10.597897
51,11.888550,11.616758
52,12.247290,11.208364
53,9.839072,10.679929
54,7.393827,7.387571
55,8.109274,8.743889
56,9.100076,8.544051
57,11.103928,10.986567
58,11.247478,11.526424
59,12.690639,11.142882
60,12.207135,11.686372
61,12.590771,11.695015
62,11.275767,11.577157
63,6.893900,7.410496
64,8.087925,8.783161
65,8.596801,8.593412
66,10.627584,11.020636
67,10.706057,11.178175
68,12.147187,10.595448
69,11.760056,11.807510
70,11.978800,11.519782
71,9.862255,10.621367
72,7.001044,7.603237
73,8.264133,8.668068
74,8.908717,8.576219
75,11.106312,10.846450
76,11.065703,11.430449
77,12.682910,11.297653
78,11.757112,11.863826
79,12.287697,11.661476
80,11.072758,11.282841
81,6.846085,7.512775
82,8.153981,8.930140
83,8.534811,8.666300
84,10.455290,11.238178
85,10.072798,11.387757
86,12.182386,10.904556
87,11.739291,11.795424
88,11.491102,11.067780
89,9.750259,10.365679
90,7.138999,7.102131
91,8.246609,8.395712
92,9.024246,8.474206
93,10.772993,11.068108
94,11.193208,11.405210
95,12.567859,11.030364
96,12.156335,11.646566
97,12.577447,11.595218
98,11.078874,11.554037
99,6.874943,7.670839
100,7.891176,8.489916
101,8.660874,8.536956
102,10.621510,10.925102
103,10.311663,11.083127
104,12.196898,10.587397
105,11.364392,11.851230
106,11.753377,11.271228
107,9.747460,10.674784
108,7.006950,7.713557
109,8.329243,8.878080
110,9.057058,9.449501
111,10.538099,11.008097
112,11.044018,11.621690
113,12.575619,11.878930
114,11.358120,11.720671
115,11.979896,11.549759
116,10.980420,11.435968
117,7.125152,7.618743
118,8.248548,9.047432
119,8.575079,9.459468
120,10.194901,11.139542
121,10.238242,11.103772
122,11.953594,11.458068
123,10.954619,11.429762
124,11.495880,11.075337
125,9.740376,10.328618
126,7.444455,7.242140
127,8.515429,8.391187
128,9.073457,9.268703
129,10.502365,10.934526
130,11.331626,11.285708
131,12.584059,11.990456
132,11.472045,11.636143
133,12.205663,11.983427
134,11.028890,11.476590
135,7.234855,7.073124
136,8.105181,8.638855
137,8.688663,9.077879
138,10.264769,11.196383
139,10.122548,11.220003
140,12.181885,11.289934
141,10.943509,11.627424
142,11.904325,11.134220
143,9.752028,10.952703
144,6.962493,7.402844
145,8.197591,8.827459
146,8.970505,9.353210
147,10.502197,10.911954
148,11.019188,11.607991
149,12.386556,11.790161
150,11.386113,11.737225
151,12.312416,11.782386
152,10.825782,11.465528
153,7.356561,7.487573
154,7.857472,9.071808
155,8.570696,9.439116
156,10.186155,10.901581
157,10.174493,11.597408
158,11.942318,11.476851
159,10.930167,11.293711
160,11.792961,11.327812
161,9.697885,11.004115
162,7.018335,7.160158
163,8.385637,8.695498
164,9.055296,9.256967
165,10.471325,10.898335
166,11.072759,11.650472
167,12.592629,11.586933
168,11.370822,12.098888
169,12.067286,11.458939
170,10.818329,11.375057
171,7.146695,7.118116
172,8.124960,8.677329
173,8.625776,9.287690
174,10.051507,10.921432
175,10.171932,11.138558
176,12.022122,11.110420
177,10.874642,11.247299
178,11.431265,10.786586
179,9.647223,10.950291
180,8.110620,8.687132
181,8.658734,9.686952
182,9.170711,9.622282
183,11.185555,11.739163
184,10.806206,11.594976
185,11.435768,11.475478
186,12.138362,12.140715
187,11.957806,11.366722
188,9.926633,10.889573
189,7.792051,8.835928
190,8.572338,9.442712
191,8.760229,9.352727
192,10.682684,11.878177
193,10.034138,11.404194
194,11.038511,11.114405
195,11.404192,11.874921
196,11.317799,11.179322
197,8.994864,10.708467
198,7.814119,8.251161
199,8.604819,9.024278
200,9.138153,9.640211
201,10.984947,11.742260
202,11.254128,11.404722
203,11.686789,11.374743
204,12.055316,12.257465
205,12.156510,11.342036
206,9.912196,10.968123
207,7.997458,8.268784
208,8.481897,9.226860
209,8.572048,9.639013
210,10.710794,11.875089
211,10.367814,11.338823
212,11.087451,11.322850
213,11.313566,12.104003
214,11.318816,11.518022
215,8.874644,10.533675
216,9.354453,8.664704
217,9.922846,9.524200
218,10.004582,9.810741
219,12.787715,11.761316
220,12.055155,11.851900
221,12.734110,11.575628
222,13.712121,12.459153
223,12.960906,11.961061
224,11.034971,10.980486
225,9.325264,8.578008
226,9.823966,9.848364
227,9.428654,9.811503
228,12.410146,11.546920
229,11.221918,11.560678
230,12.112471,11.175471
231,12.928691,12.273746
232,12.352411,11.609465
233,9.852610,10.771198
234,9.409646,8.290845
235,9.723991,9.399900
236,10.053873,9.909890
237,12.719637,11.851572
238,11.972578,11.671568
239,12.708697,11.481674
240,13.536496,12.743101
241,13.358487,12.048769
242,11.060542,10.914742
243,8.772810,8.229944
244,9.563102,9.408296
245,9.445535,9.557204
246,12.497025,12.208281
247,11.437784,11.745898
248,12.106420,11.298360
249,12.915890,12.380526
250,12.236517,11.594648
251,9.832008,10.747837
252,8.665318,8.472196
253,9.559754,9.634120
254,9.860737,9.709273
255,12.556700,12.148898
256,11.994629,11.787264
257,12.403000,11.978874
258,13.077191,12.396397
259,12.922345,11.360555
260,10.879003,11.337169
261,9.092963,8.621847
262,9.604512,9.835749
263,9.234612,9.857179
264,12.042612,11.818027
265,11.195396,11.700244
266,11.956440,11.117789
267,12.606424,12.097594
268,12.132807,11.581181
269,9.801883,10.900672
270,8.567828,8.089962
271,9.591242,9.301105
272,9.822720,9.672341
273,12.601116,12.122787
274,11.953535,11.969151
275,12.531660,11.526850
276,13.197035,12.376775
277,12.881403,11.571065
278,10.847052,11.050614
279,8.645522,8.342123
280,9.674115,9.302145
281,9.332320,9.531266
282,12.227468,12.018543
283,11.242453,11.652743
284,11.953808,11.131116
285,12.643834,12.286313
286,12.108089,11.573450
287,9.842684,10.775057
288,8.813301,8.549655
289,9.434677,9.673768
290,10.169701,9.910431
291,11.455560,11.773422
292,11.472587,11.565306
293,12.292157,11.531860
294,11.715698,11.978581
295,12.291677,11.899015
296,10.780085,11.410788
297,8.570959,8.502755
298,9.401371,9.685520
299,9.319165,9.847298
300,10.916542,11.927543
301,11.072323,11.320405
302,11.937553,11.061304
303,11.508696,11.942092
304,11.740183,11.114139
305,9.785257,10.693924
306,8.719980,8.141891
307,9.408566,9.255830
308,9.811819,9.623787
309,11.328142,11.685481
310,11.680061,11.593737
311,12.448242,11.444258
312,12.152333,12.160711
313,12.460064,11.490719
314,10.866539,11.268625
315,8.763801,8.059468
316,9.449257,9.343561
317,9.394650,9.773500
318,11.259069,11.975816
319,10.909129,11.488741
320,11.997724,11.187050
321,11.403542,12.324722
322,11.803440,11.114609
323,9.723243,10.637736
324,8.676794,8.528046
325,9.632952,9.543835
326,10.023536,9.923446
327,11.306977,11.555387
328,11.292568,11.553773
329,12.254576,11.529061
330,11.811732,12.120704
331,12.436262,11.220803
332,10.684687,11.276668
333,8.325366,8.365302
334,9.257062,9.811188
335,9.369461,9.723763
336,11.276466,11.800709
337,10.681635,11.316025
338,12.009655,11.349345
339,11.715626,11.828598
340,12.020927,11.133290
341,9.830571,10.247424
342,8.633712,8.152817
343,9.370991,9.234909
344,9.899996,9.678101
345,11.460933,11.703290
346,11.536320,11.866533
347,12.326446,11.459093
348,11.982146,12.341227
349,12.199314,11.278561
350,10.794250,11.307418
351,8.282047,8.219807
352,9.066921,9.420922
353,9.303609,9.757543
354,11.159410,12.030138
355,10.864199,11.553829
356,12.008863,11.273141
357,11.638872,12.332341
358,11.827785,11.191502
359,9.802807,10.904626
360,8.053144,8.549154
361,8.827997,9.566517
362,9.164596,9.763855
363,11.178102,11.632852
364,11.022750,11.360938
365,11.576949,11.417590
366,11.844488,12.066284
367,12.036152,11.505288
368,9.903243,10.618740
369,7.848021,8.409589
370,8.528527,9.741891
371,8.680371,9.626125
372,10.293178,11.776041
373,10.409680,11.343751
374,11.050463,10.914984
375,11.714725,11.879004
376,11.269947,11.285708
377,8.932243,10.264380
378,7.973531,8.397765
379,8.683819,9.017000
380,9.117709,9.516646
381,11.141992,11.747545
382,11.054782,11.664579
383,11.549249,11.467722
384,12.050305,12.220617
385,12.048681,11.321602
386,10.030605,11.123313
387,7.895318,8.398657
388,8.751514,9.140380
389,8.612194,9.747430
390,10.713967,11.773644
391,10.196447,11.637764
392,11.085339,11.083863
393,11.333689,11.924163
394,11.347870,11.131518
395,8.950270,10.473041
396,9.082030,8.630743
397,10.071869,9.628002
398,9.930230,9.946094
399,13.442032,11.739884
400,12.191316,11.757904
401,12.766781,11.521766
402,13.656122,12.190264
403,13.130603,11.583323
404,11.022853,11.476444
405,8.957234,8.600809
406,9.622988,9.791319
407,9.353086,9.838593
408,12.290221,12.047813
409,11.122738,11.479551
410,12.165837,11.196198
411,12.966599,12.132994
412,12.243454,11.063850
413,9.876424,10.564768
414,9.550046,8.388679
415,9.677638,9.379115
416,10.058529,9.795104
417,13.004578,12.142931
418,12.294268,11.647200
419,12.773458,11.330993
420,13.453753,12.438328
421,13.312488,11.428001
422,11.032938,11.446346
423,9.295485,8.354912
424,9.634791,9.405314
425,9.452973,9.712790
426,12.375583,12.066043
427,11.434074,11.593459
428,12.190870,11.197629
429,12.954583,12.358796
430,12.170792,11.317658
431,9.841954,10.765021
432,8.630716,8.442171
433,9.707204,9.597911
434,9.809906,10.050663
435,12.183990,11.822720
436,12.043583,11.670014
437,12.536406,11.586872
438,13.349131,12.169602
439,13.036008,11.799608
440,10.835249,11.233282
441,9.112337,8.629246
442,9.372470,9.641031
443,9.299245,9.737330
444,11.810361,11.770640
445,11.132518,11.510205
446,12.013217,11.198846
447,12.825266,11.976221
448,12.048025,11.077779
449,9.734394,10.829207
450,8.781528,8.147388
451,9.406039,9.440678
452,9.814715,9.805861
453,12.633286,11.828484
454,11.862354,11.654032
455,12.603848,11.566605
456,12.973951,12.438748
457,13.004274,11.269357
458,10.873637,11.162744
459,8.882846,8.226320
460,9.214341,9.358762
461,9.342177,9.568506
462,11.820507,11.848120
463,11.278944,11.539690
464,11.955299,10.450054
465,12.537056,12.268063
466,11.960629,11.596843
467,9.805880,10.671331
468,8.684576,8.412989
469,9.456800,9.468534
470,9.820204,10.063736
471,11.462584,11.897408
472,11.634551,11.683721
473,12.273186,11.795255
474,11.981209,12.168892
475,12.421985,11.848883
476,10.703251,11.111975
477,8.428543,8.616348
478,9.270199,9.845327
479,9.372181,9.843069
480,11.062480,11.858280
481,10.691778,11.149716
482,11.989213,10.803892
483,11.485128,12.147703
484,11.736464,10.817800
485,9.749879,10.630197
486,8.959576,8.280592
487,9.469427,9.244593
488,10.013330,9.889096
489,11.622515,11.985482
490,11.510292,11.655367
491,12.363805,11.398652
492,11.986240,12.256994
493,12.354764,11.440763
494,10.824355,11.179078
495,8.720101,8.304318
496,9.326790,9.451499
497,9.380804,9.784362
498,11.092253,11.813168
499,10.767621,11.325324
500,12.065327,11.046358
501,11.414383,12.378071
502,11.823696,11.704185
503,9.744283,10.621780
504,8.394026,8.568261
505,9.528717,9.644653
506,9.814001,9.916193
507,11.682235,11.936852
508,11.512262,11.545447
509,12.171013,11.426233
510,11.647346,11.959040
511,12.115965,11.218843
512,10.626384,10.978654
513,8.754123,8.620632
514,9.400615,9.736361
515,9.343575,9.967707
516,10.996904,11.583883
517,11.040573,11.451943
518,11.908756,11.312971
519,11.260978,12.114197
520,11.921555,11.473641
521,9.728873,10.761270
522,8.552970,8.207766
523,9.638898,9.273688
524,9.891503,9.579248
525,11.466813,11.916906
526,11.484218,11.692270
527,12.199713,11.360496
528,11.722294,12.329920
529,12.204445,11.369729
530,10.717295,11.339887
531,8.572931,8.359156
532,9.286077,9.499072
533,9.303674,9.560472
534,11.116611,11.921031
535,10.793881,11.646900
536,11.957668,11.224624
537,11.544563,12.083727
538,11.655674,11.316526
539,9.734655,11.016416
540,8.034879,8.577612
541,8.918580,9.410837
542,9.215468,9.720001
543,11.248212,11.605238
544,11.033295,11.692276
545,11.463654,11.267347
546,12.158488,12.086536
547,11.914996,11.296397
548,9.856694,10.853865
549,7.956213,8.539837
550,8.591050,9.827387
551,8.712081,9.894602
552,10.550556,11.889288
553,10.351205,11.173825
554,11.089679,11.236624
555,11.196555,11.979321
556,11.137567,11.338511
557,8.915861,10.434273
558,7.934835,8.115899
559,8.828480,9.100924
560,9.130676,9.460165
561,11.340035,11.838130
562,11.107351,11.831706
563,11.672473,11.404227
564,12.221127,12.151374
565,12.082220,11.339159
566,9.950896,11.180010
567,8.014700,7.890210
568,8.620358,9.372472
569,8.491414,9.651084
570,10.493470,12.003207
571,10.211125,11.584305
572,11.112963,11.069592
573,11.484280,12.013999
574,11.482277,11.456494
575,8.950048,10.587313
576,9.184370,9.001079
577,9.588312,9.598042
578,10.073833,9.907000
579,12.557107,11.881619
580,12.164959,11.726129
581,12.769641,11.577812
582,13.587786,12.341393
583,13.327899,11.269676
584,11.038674,10.879230
585,8.876496,8.441313
586,9.719471,9.582187
587,9.453124,9.827823
588,12.274727,12.033631
589,11.218344,11.751925
590,12.155370,11.099696
591,12.938919,12.367672
592,12.430948,11.549381
593,9.877315,10.309008
594,9.171918,8.187666
595,9.874640,9.262714
596,10.003761,9.746964
597,12.872633,11.812296
598,12.182869,12.060607
599,12.751774,11.558727
600,13.670453,12.548032
601,13.095726,11.645809
602,11.062169,11.109921
603,9.163177,8.407206
604,9.496252,9.497667
605,9.396307,9.808388
606,12.493540,12.058364
607,11.432382,11.775832
608,12.048989,11.455945
609,12.981148,12.447676
610,12.560929,11.249885
611,9.871565,10.848228
612,8.840228,8.583215
613,9.686765,9.585381
614,9.765123,9.846519
615,12.379217,11.703022
616,11.993019,11.618194
617,12.703720,12.051399
618,12.983155,12.415691
619,13.148867,11.336907
620,10.867429,11.548391
621,8.835056,8.306641
622,9.272749,9.650515
623,9.274297,9.997396
624,11.670569,11.767431
625,11.045298,11.520666
626,11.977319,11.657454
627,12.641221,12.010567
628,12.143401,11.601018
629,9.835961,11.144711
630,8.811792,8.489612
631,9.849517,9.478654
632,9.856289,9.797245
633,12.522583,11.959442
634,11.776875,11.870043
635,12.752814,11.499612
636,13.080080,12.698058
637,12.811283,11.655109
638,10.927408,11.405361
639,8.845558,8.278977
640,9.416703,9.841207
641,9.314888,9.574759
642,11.946348,12.058510
643,11.290577,11.612284
644,12.032427,11.267938
645,12.972502,12.381753
646,12.064178,11.731904
647,9.849517,10.386888
648,8.702250,8.511271
649,9.582230,9.719768
650,9.848047,9.968833
651,11.376287,11.826170
652,11.611677,11.744807
653,12.345481,11.560565
654,11.986131,12.105704
655,12.235062,11.360106
656,10.861908,11.287277
657,8.724984,8.572617
658,9.490800,9.631884
659,9.327681,10.107397
660,11.160347,11.614214
661,10.950870,11.639164
662,12.088621,11.099478
663,11.679000,12.076666
664,11.789117,11.262065
665,9.809019,11.079834
666,8.733512,8.245246
667,9.479078,9.289488
668,9.987061,9.576231
669,11.346635,11.648614
670,11.620533,11.593579
671,12.277246,11.432313
672,12.106733,12.523466
673,12.232805,11.500276
674,10.826577,10.945117
675,8.913270,8.065678
676,9.117292,9.396264
677,9.344603,9.839191
678,11.220015,11.761435
679,10.940495,11.442430
680,12.000089,10.632250
681,11.325541,12.185570
682,12.106955,11.452473
683,9.807193,10.631728
684,8.455984,8.553140
685,9.301771,9.615394
686,10.063796,9.831034
687,11.390728,11.858284
688,11.423369,11.791783
689,12.232051,11.568874
690,11.770850,12.089022
691,12.307936,11.549919
692,10.658246,11.188457
693,8.432071,8.288041
694,9.407420,9.807643
695,9.262894,9.986196
696,11.149993,11.497171
697,10.714037,11.494063
698,11.926154,11.292876
699,11.507998,11.818617
700,11.816046,11.182007
701,9.801291,10.825468
702,8.505497,8.121795
703,9.395551,9.331234
704,9.882765,9.648260
705,11.218403,11.639028
706,11.532354,11.638818
707,12.271360,11.794982
708,11.798634,12.263533
709,12.098013,11.250896
710,10.658654,11.030345
711,8.440370,8.165103
712,9.304255,9.354210
713,9.349584,9.833955
714,10.983278,11.758535
715,10.814659,11.673109
716,11.924609,11.346944
717,11.467466,12.043604
718,11.791029,11.511475
719,9.739984,10.543302
720,6.267504,7.611012
721,7.303736,8.300741
722,8.083975,8.699142
723,9.531668,10.995411
724,10.126576,10.609982
725,11.258417,10.794120
726,10.799771,11.626438
727,11.508226,11.236446
728,9.776349,11.331194
729,6.541996,7.536946
730,7.092253,8.920949
731,7.580440,8.434235
732,9.365614,11.300653
733,9.632894,10.507900
734,10.569593,10.171547
735,10.313563,11.364879
736,10.672037,10.518852
737,8.640080,9.495069
738,6.406305,7.323243
739,7.334944,7.898019
740,8.072247,8.381668
741,9.677872,11.011735
742,10.192971,10.488385
743,11.337347,10.483582
744,11.119622,11.466932
745,11.340273,10.852122
746,9.897694,10.969232
747,6.375340,7.086729
748,7.530702,8.557558
749,7.573466,8.247715
750,9.531919,11.293760
751,9.450859,10.686545
752,10.629979,9.991294
753,10.687551,11.456154
754,10.477868,10.782422
755,8.642063,9.355305
756,7.389827,7.445496
757,8.408841,8.876406
758,9.083947,8.766193
759,11.039511,11.183254
760,11.566498,11.573785
761,12.735972,11.052831
762,12.294087,11.712533
763,12.519325,11.566655
764,11.266437,11.342245
765,7.204834,7.595513
766,8.077560,9.149395
767,8.643581,8.602805
768,10.561419,11.305834
769,10.270992,11.370266
770,12.125187,10.360815
771,11.745635,11.804504
772,11.814898,11.489471
773,9.797963,10.141994
774,7.051836,7.283408
775,8.406984,8.646556
776,8.932634,8.577380
777,11.205144,11.287004
778,11.575178,11.438819
779,12.804489,11.013242
780,12.374021,11.774318
781,12.483912,11.779102
782,11.100931,11.627810
783,7.467188,7.366292
784,8.375101,9.026827
785,8.689214,8.557533
786,10.726568,11.516214
787,10.513577,11.068548
788,12.205286,10.369805
789,11.500751,11.675088
790,12.232403,11.465247
791,9.829781,10.470998
792,6.880388,7.576528
793,8.096302,9.139983
794,8.992563,8.652328
795,10.814161,11.346141
796,11.004408,11.617419
797,12.605442,11.045809
798,11.786138,11.932095
799,12.564212,11.689190
800,11.058112,11.728182
801,7.097160,7.542901
802,8.044896,9.436678
803,8.568811,8.630634
804,10.193710,10.957811
805,10.454465,11.481678
806,12.138423,10.500835
807,11.431909,11.504669
808,11.949005,10.978796
809,9.757723,10.289062
810,7.230453,7.424764
811,8.140612,8.955217
812,9.085648,8.577946
813,11.268853,11.415007
814,11.307419,11.499097
815,12.731506,10.889725
816,12.367974,11.961336
817,12.639221,12.066076
818,11.081538,11.481004
819,7.033988,7.324076
820,8.214933,8.890966
821,8.437593,8.493824
822,10.376328,11.577219
823,10.317478,11.345392
824,12.139229,10.284637
825,11.530405,11.839930
826,11.954583,10.922848
827,9.754291,10.138955
828,6.848372,7.698271
829,8.224257,9.273807
830,9.032521,9.128758
831,10.452829,11.159512
832,11.027178,11.734772
833,12.588095,11.501734
834,11.408876,11.799111
835,12.267934,11.422562
836,10.965672,11.499022
837,7.279489,7.529567
838,8.104712,9.323688
839,8.595256,9.330866
840,10.195148,11.341329
841,10.170300,11.346623
842,12.028140,11.144908
843,11.039257,11.643540
844,11.778708,10.972580
845,9.744733,10.604190
846,7.117838,7.300222
847,8.182959,9.013177
848,9.127380,8.785888
849,10.489625,11.046233
850,11.138526,11.454458
851,12.492321,11.879672
852,11.310820,11.797426
853,12.262684,12.265457
854,10.966257,11.726121
855,7.269875,7.242867
856,8.176178,9.397972
857,8.619774,8.975144
858,10.149982,11.409092
859,10.397013,11.400795
860,12.168003,11.154621
861,10.883918,11.729008
862,11.322517,10.971668
863,9.672955,10.266237
864,6.913519,7.666084
865,8.158803,9.325284
866,8.979815,9.556082
867,10.408932,11.135755
868,10.986270,11.795717
869,12.330112,11.439877
870,11.289629,11.817879
871,12.020487,11.269477
872,10.868822,11.738191
873,7.036528,7.603028
874,8.080202,9.005477
875,8.506664,9.133448
876,9.948164,11.030379
877,10.186915,11.240703
878,12.043323,11.165028
879,10.635077,11.439886
880,11.580296,11.324143
881,9.759993,10.765850
882,7.383121,7.325336
883,8.201304,9.075963
884,9.001789,8.934223
885,10.215670,10.951404
886,10.963839,11.568607
887,12.403470,11.305640
888,11.063329,12.264351
889,11.874785,11.658816
890,10.774406,11.435388
891,7.166852,7.207811
892,8.143486,9.166898
893,8.501912,9.059305
894,10.086803,11.075262
895,10.246922,11.632498
896,11.985935,10.932286
897,10.835285,11.611622
898,11.367383,10.872550
899,9.676227,10.384998
900,8.087892,8.629552
901,8.843619,9.998418
902,9.072576,10.077310
903,11.048278,11.835598
904,10.946765,11.941870
905,11.411494,11.561298
906,11.916292,12.045548
907,11.747398,11.268629
908,9.853831,11.318468
909,8.118471,8.390488
910,8.597268,9.802907
911,8.725742,9.986246
912,10.645071,11.724570
913,10.348490,11.146542
914,10.984375,11.517862
915,11.277509,12.021271
916,11.230660,11.329789
917,8.889861,10.546513
918,7.683962,8.160465
919,8.663795,9.185917
920,9.153320,9.943830
921,10.996048,11.939591
922,10.903080,11.921907
923,11.559500,11.783565
924,11.967848,12.390382
925,11.986317,11.458770
926,10.001482,11.339336
927,7.605725,8.396285
928,8.673068,9.541199
929,8.455656,10.083387
930,10.578709,11.968891
931,10.320858,11.507913
932,11.027878,11.012967
933,11.531228,11.879062
934,11.283447,11.392529
935,8.875587,10.350771
936,9.262650,8.606780
937,9.953389,9.884529
938,10.014915,10.198723
939,13.204526,11.921657
940,12.207140,11.821858
941,12.614951,11.868171
942,13.171042,12.263347
943,13.175248,11.980175
944,11.039839,11.723220
945,8.927742,8.685465
946,9.628897,9.868697
947,9.458315,10.056525
948,12.545631,12.099171
949,11.368003,11.746408
950,12.032701,11.088552
951,13.092227,11.899456
952,12.200209,11.615320
953,9.854697,11.084711
954,9.141167,8.681854
955,9.757381,9.887602
956,10.057758,10.096013
957,12.609461,12.033397
958,12.364102,12.139408
959,12.865542,11.992783
960,13.590426,12.599455
961,13.193018,11.935225
962,11.029726,11.768708
963,9.139870,8.302407
964,9.828034,9.999190
965,9.492451,10.335588
966,12.444654,12.221253
967,10.912712,11.862891
968,12.113195,11.402464
969,13.013021,12.312012
970,12.246737,11.603371
971,9.890532,10.725266
972,8.833419,8.543713
973,9.599108,9.801193
974,9.833310,10.213573
975,12.313167,11.952180
976,11.861430,11.942913
977,12.574636,11.887450
978,13.119525,12.397625
979,13.055273,11.621415
980,10.854000,11.751347
981,8.794638,8.481459
982,9.371022,10.093134
983,9.269850,10.248211
984,11.965541,12.154725
985,10.891352,11.990613
986,11.976596,11.632520
987,12.413116,11.952399
988,11.963890,11.572107
989,9.775972,10.552637
990,8.750010,8.178124
991,9.281809,9.620502
992,9.900679,10.147633
993,12.125443,12.012503
994,12.108778,12.191203
995,12.754965,11.844936
996,12.901765,12.532948
997,13.155590,11.717084
998,10.913792,11.571571
999,9.017241,8.253270
1000,9.341493,9.810371
1001,9.330842,10.110788
1002,12.061280,12.194104
1003,11.053160,12.211198
1004,11.951795,11.494347
1005,12.535591,12.217474
1006,12.257444,11.941128
1007,9.838930,10.748430
1008,8.509468,8.509036
1009,9.609591,10.001347
1010,9.876136,10.311641
1011,11.382053,11.845064
1012,11.560769,11.999464
1013,12.182386,11.869293
1014,12.146726,12.124163
1015,12.287082,11.359838
1016,10.774032,11.553387
1017,8.520291,8.472538
1018,9.247121,10.032565
1019,9.356167,10.280031
1020,11.284197,11.974144
1021,10.654068,11.636728
1022,11.886656,11.556413
1023,11.573649,11.675817
1024,11.997123,11.613731
1025,9.724306,10.790249
1026,8.549389,8.229259
1027,9.547748,9.869451
1028,9.844081,10.211246
1029,11.353540,12.013797
1030,11.708187,11.961685
1031,12.296478,11.779030
1032,12.018026,12.383170
1033,12.223618,11.467623
1034,10.703401,11.649065
1035,8.932400,8.485970
1036,9.272459,9.663225
1037,9.445845,10.130293
1038,11.187941,12.057462
1039,10.830599,11.845818
1040,11.933395,11.179335
1041,11.365835,12.227123
1042,11.748493,11.484825
1043,9.702516,10.985771
1044,8.512520,8.435711
1045,9.389868,9.919418
1046,10.227968,10.336955
1047,11.416974,11.727197
1048,11.410884,11.992714
1049,12.246897,11.666683
1050,11.668978,12.019536
1051,12.307149,11.679136
1052,10.630237,11.617228
1053,8.725111,8.461894
1054,9.424109,9.899714
1055,9.276726,9.954242
1056,10.975878,11.981180
1057,10.833872,11.499705
1058,11.955434,11.432965
1059,11.600960,11.915577
1060,11.618567,10.921935
1061,9.806766,10.868435
1062,8.493660,8.168576
1063,9.372340,9.584132
1064,9.884383,10.340494
1065,11.360408,11.942891
1066,11.727410,11.905655
1067,12.310326,11.747533
1068,11.902723,12.340434
1069,12.230522,11.971766
1070,10.724718,11.173936
1071,8.543468,8.316140
1072,9.214391,9.740704
1073,9.284681,10.237700
1074,11.003805,12.183590
1075,10.676899,11.895797
1076,11.985265,11.429562
1077,11.373472,11.967289
1078,11.900092,11.123163
1079,9.743902,10.846622
1080,7.838201,8.737973
1081,8.616611,9.814651
1082,9.234672,9.769069
1083,11.152946,11.759502
1084,10.964952,11.775731
1085,11.570614,11.650135
1086,11.831664,12.064004
1087,11.877404,11.347769
1088,9.825115,11.472712
1089,7.758923,8.537143
1090,8.744074,9.827651
1091,8.737430,9.953506
1092,10.644238,12.054743
1093,10.367118,11.550750
1094,10.996323,11.468264
1095,11.431331,11.937972
1096,11.139137,11.285927
1097,8.934736,10.831588
1098,7.952336,8.112218
1099,8.859194,9.357566
1100,9.067022,9.974154
1101,11.105593,12.010704
1102,11.049383,11.672589
1103,11.623114,11.727064
1104,12.226387,12.298454
1105,12.193041,11.664030
1106,9.994101,11.493542
1107,7.831797,8.437140
1108,8.492864,9.774866
1109,8.586735,9.994488
1110,10.643864,12.040417
1111,10.567442,11.320745
1112,11.065512,11.224236
1113,11.790136,11.989296
1114,11.291157,10.910163
1115,8.914228,10.618013
1116,9.371057,8.426869
1117,9.929033,9.866899
1118,10.054600,10.030183
1119,13.011646,12.052470
1120,12.116930,12.129318
1121,12.784434,11.812062
1122,13.384461,12.430126
1123,13.189228,11.501035
1124,11.034365,11.600320
1125,9.399847,8.947151
1126,9.805048,10.149274
1127,9.436894,10.202763
1128,12.077120,12.024820
1129,11.289610,11.808235
1130,12.013237,11.582233
1131,12.874137,12.053567
1132,12.219401,11.238634
1133,9.839476,10.457852
1134,9.595881,8.447065
1135,9.859817,9.887537
1136,10.002760,10.386318
1137,13.207768,12.246095
1138,12.234360,12.192997
1139,12.558968,12.085581
1140,13.628019,12.704897
1141,13.187811,11.783628
1142,11.076121,11.439752
1143,9.235533,8.334737
1144,9.317666,9.843448
1145,9.392785,10.218130
1146,12.186628,12.597635
1147,11.229027,11.753324
1148,12.044793,11.476491
1149,13.114706,12.348698
1150,12.366394,11.484862
1151,9.848639,10.333673
1152,8.987805,8.685214
1153,9.504599,9.893280
1154,9.808238,10.325962
1155,12.553467,11.571287
1156,11.994358,11.887968
1157,12.598703,11.886597
1158,13.083714,12.320674
1159,12.971520,11.901701
1160,10.925660,11.631620
1161,8.839996,8.601156
1162,9.369010,9.757973
1163,9.280487,10.202652
1164,12.136756,11.899255
1165,11.108820,11.790032
1166,11.898347,11.599053
1167,12.765718,11.841880
1168,12.115099,11.809490
1169,9.684515,10.810872
1170,9.268404,8.290746
1171,9.492541,10.034531
1172,9.864867,10.156361
1173,12.575516,12.053225
1174,11.992674,11.698974
1175,12.765951,11.908522
1176,12.909198,12.303989
1177,12.998322,11.629604
1178,10.746389,11.628385
1179,8.637010,8.422449
1180,9.301522,10.033843
1181,9.275616,10.278498
1182,12.264086,12.281246
1183,11.189196,11.661395
1184,11.904907,11.179686
1185,12.581846,11.850573
1186,12.007665,11.511386
1187,9.830974,10.404539
1188,8.624186,8.614254
1189,9.544906,10.033736
1190,10.000937,10.401134
1191,11.488256,11.868947
1192,11.519251,12.105091
1193,12.245797,11.840297
1194,11.846579,11.973070
1195,12.406479,11.190593
1196,10.721582,11.605613
1197,8.358945,8.602099
1198,9.314348,10.097900
1199,9.304238,10.280276
1200,11.185952,11.865329
1201,10.820918,11.931107
1202,12.006865,11.458009
1203,11.548892,11.446935
1204,11.736588,11.314975
1205,9.769317,10.758819
1206,8.555876,8.218524
1207,9.365868,9.853989
1208,9.857019,10.171255
1209,11.314198,12.060286
1210,11.708591,11.943535
1211,12.303459,11.865646
1212,12.114304,12.320189
1213,12.316902,11.538235
1214,10.802508,11.323098
1215,8.708537,8.051046
1216,9.168413,9.731318
1217,9.374832,10.197809
1218,11.439854,12.119899
1219,11.091953,11.734039
1220,11.975183,11.367229
1221,11.492887,12.135974
1222,12.055717,11.098251
1223,9.815502,11.066593
1224,8.476022,8.425817
1225,9.507257,9.864875
1226,10.198841,10.271398
1227,11.410286,11.999288
1228,11.595572,11.841787
1229,12.280250,11.645227
1230,11.766428,12.094550
1231,12.141314,11.145510
1232,10.638758,11.556001
1233,8.532873,8.499252
1234,9.273430,9.837507
1235,9.281677,10.171324
1236,11.308851,12.041792
1237,10.718738,11.720238
1238,11.900129,11.211550
1239,11.240896,11.331204
1240,11.730995,11.015021
1241,9.751297,10.638408
1242,8.338219,8.109516
1243,9.268026,9.750668
1244,9.759562,10.239644
1245,11.349512,12.003438
1246,11.665056,11.765766
1247,12.223420,11.657760
1248,11.933175,11.994272
1249,12.229186,11.710289
1250,10.750164,11.584895
1251,8.552815,7.957410
1252,9.223699,9.742854
1253,9.312344,10.131024
1254,11.088487,12.080997
1255,10.799747,12.125840
1256,11.929578,11.507268
1257,11.756783,11.947429
1258,11.751123,11.113151
1259,9.760843,10.704741
1260,7.989932,8.578896
1261,8.747630,9.681439
1262,9.164170,9.916059
1263,11.199594,11.696363
1264,10.940629,11.852124
1265,11.380322,11.784369
1266,12.023066,12.250533
1267,12.054611,11.508136
1268,9.787029,11.591606
1269,7.977561,8.404088
1270,8.322993,9.664913
1271,8.686422,10.004786
1272,10.448962,11.764964
1273,10.372797,11.340390
1274,11.019044,11.084836
1275,11.429708,11.757095
1276,11.310337,11.010008
1277,8.893259,10.554313
1278,7.961531,8.074554
1279,8.684895,9.364494
1280,9.145939,9.502672
1281,11.226538,11.901548
1282,11.174827,11.887248
1283,11.564487,11.604751
1284,12.091835,12.127817
1285,12.160231,11.659324
1286,9.986619,11.426321
1287,7.948703,8.068750
1288,8.346073,9.653162
1289,8.592505,9.932032
1290,10.491583,12.081432
1291,10.440282,11.631870
1292,11.113257,11.047281
1293,11.783819,12.259218
1294,11.221430,11.371589
1295,8.915627,10.664904
1296,9.072074,8.507244
1297,10.103001,9.906567
1298,10.035743,10.051166
1299,12.728463,11.688036
1300,12.084588,11.847191
1301,12.967150,11.672664
1302,13.347426,11.996484
1303,13.328609,11.796535
1304,11.031093,11.465353
1305,9.389669,8.456756
1306,9.673010,9.725600
1307,9.369452,10.073032
1308,12.447956,11.964797
1309,11.149597,11.739075
1310,12.035757,11.413087
1311,13.031360,11.540018
1312,12.133740,11.289724
1313,9.863327,10.438612
1314,9.555367,8.111392
1315,9.994899,9.839185
1316,9.968287,10.088125
1317,12.934781,11.970431
1318,12.086569,11.991014
1319,12.747283,11.653220
1320,13.626885,12.261482
1321,13.206468,11.229551
1322,11.038692,11.817098
1323,9.181667,8.216686
1324,9.759138,10.005177
1325,9.431821,10.098520
1326,12.347288,12.152653
1327,11.208802,11.841229
1328,12.040960,11.340610
1329,13.090927,12.508040
1330,12.435689,11.763568
1331,9.868830,10.394583
1332,9.011467,8.309487
1333,9.485756,9.826921
1334,9.805274,10.046368
1335,12.500457,11.670478
1336,12.074850,11.858422
1337,12.602458,11.915004
1338,13.104504,12.414984
1339,12.834989,11.648955
1340,10.879456,11.756983
1341,8.807839,8.441586
1342,9.520074,9.809804
1343,9.259731,9.978536
1344,11.905281,11.840322
1345,11.157640,11.426238
1346,11.994863,11.402613
1347,12.284783,11.855620
1348,12.059042,11.523370
1349,9.724987,10.721198
1350,8.819068,8.015988
1351,9.429307,9.562264
1352,9.818724,10.047571
1353,12.298144,11.795967
1354,11.947508,12.053862
1355,12.683941,11.759944
1356,13.316425,12.368851
1357,13.009071,11.515592
1358,10.850705,11.275049
1359,8.795905,8.194070
1360,9.524324,9.641597
1361,9.313020,10.028473
1362,12.203968,11.862934
1363,11.169369,11.638649
1364,11.958422,11.567026
1365,12.751400,12.104514
1366,12.124820,11.347076
1367,9.793896,10.210592
1368,8.486198,8.485508
1369,9.315135,9.695918
1370,9.857582,10.304873
1371,11.279703,11.587612
1372,11.672278,11.906241
1373,12.309534,11.652703
1374,12.047859,11.948955
1375,12.367846,11.233045
1376,10.799276,11.386053
1377,8.653248,8.543049
1378,9.162009,9.779109
1379,9.371469,10.135569
1380,11.309482,11.763529
1381,10.843836,11.659992
1382,11.984303,11.328287
1383,11.546822,11.733869
1384,11.844345,11.193299
1385,9.746135,10.448908
1386,8.778056,8.161681
1387,9.314127,9.633663
1388,9.920532,10.102077
1389,11.387721,11.824182
1390,11.732345,12.169010
1391,12.272814,11.735605
1392,12.094745,11.870575
1393,12.349695,11.550689
1394,10.753136,11.467683
1395,8.697470,7.993383
1396,9.239870,9.631692
1397,9.362124,10.033154
1398,11.111736,12.201361
1399,10.914288,11.710431
1400,11.996970,11.424934
1401,11.796237,12.010859
1402,11.821352,11.422121
1403,9.758290,10.390059
1404,8.595416,8.320848
1405,9.407449,9.629906
1406,9.818237,10.073748
1407,11.318796,11.630816
1408,11.379984,11.887862
1409,12.269912,11.675443
1410,11.974005,11.577759
1411,11.937620,11.279690
1412,10.721622,11.671047
1413,8.571561,8.223062
1414,9.099421,9.787571
1415,9.367889,9.754692
1416,11.298560,11.557430
1417,10.702456,11.596476
1418,11.968769,11.206841
1419,11.231080,11.573707
1420,11.803669,10.907011
1421,9.707450,10.540756
1422,8.505971,8.051007
1423,9.276132,9.505420
1424,9.839251,9.925567
1425,11.307636,11.824010
1426,11.532848,11.949912
1427,12.234255,11.852539
1428,11.894101,12.439837
1429,12.135320,11.253313
1430,10.626427,11.208733
1431,8.704172,7.988159
1432,9.161951,9.482306
1433,9.302374,10.047282
1434,11.141853,11.877367
1435,11.014612,11.682404
1436,11.936368,11.457931
1437,11.773731,12.071392
1438,11.779637,11.549180
1439,9.668757,10.718835
1440,6.380093,7.388189
1441,7.542078,8.280647
1442,8.103491,8.287209
1443,9.576582,10.622313
1444,10.357468,10.958705
1445,11.252624,10.589196
1446,10.589663,11.607301
1447,11.340868,10.947193
1448,9.770824,10.868148
1449,5.989294,7.485589
1450,7.387515,8.573493
1451,7.637198,8.128412
1452,9.315680,10.916949
1453,9.305720,10.317357
1454,10.820286,9.866819
1455,10.620278,11.151928
1456,10.607065,10.323864
1457,8.605964,9.832139
1458,6.483868,7.044263
1459,7.596113,7.545541
1460,7.942338,8.033340
1461,9.882668,10.634258
1462,10.214859,10.698452
1463,11.229592,10.623302
1464,11.027242,11.168101
1465,11.490499,10.865598
1466,9.733782,10.634111
1467,6.267460,6.910129
1468,7.537098,8.332284
1469,7.635903,7.895793
1470,9.156839,10.667356
1471,9.272484,9.860769
1472,10.734680,9.948697
1473,10.341290,11.042263
1474,10.729321,10.230206
1475,8.668858,9.841649
1476,7.117301,7.191621
1477,8.336708,8.727851
1478,9.088315,8.297857
1479,11.089564,10.961263
1480,11.403330,11.545774
1481,12.698103,11.486622
1482,12.679748,11.892516
1483,12.775922,11.355428
1484,11.197270,11.145716
1485,7.292881,7.552395
1486,8.291229,8.787206
1487,8.682054,8.432539
1488,11.045928,11.135882
1489,10.640330,10.622173
1490,12.198967,10.118085
1491,11.760927,11.192327
1492,11.947029,10.631885
1493,9.870102,10.524173
1494,7.512508,7.348048
1495,8.162888,8.329335
1496,9.162099,8.550160
1497,10.923690,11.183135
1498,11.195829,10.964373
1499,12.772536,10.836637
1500,12.587968,11.645970
1501,12.660820,11.632200
1502,11.217498,10.964134
1503,6.934377,7.392536
1504,8.089916,8.294170
1505,8.627439,8.262354
1506,10.492229,10.895721
1507,10.419221,10.760877
1508,12.193185,10.322231
1509,12.039615,11.581280
1510,12.072506,11.332009
1511,9.817867,10.347429
1512,6.781853,7.111531
1513,8.280281,8.645270
1514,9.059952,8.229706
1515,10.992742,10.814732
1516,11.333566,11.456727
1517,12.617688,10.780353
1518,12.342633,11.612659
1519,12.554691,11.368417
1520,11.065821,11.310991
1521,6.678617,7.380399
1522,8.058202,8.832179
1523,8.549527,8.340378
1524,10.269777,10.984632
1525,10.508203,11.340748
1526,12.097187,10.482026
1527,11.594829,11.550540
1528,11.920581,11.046226
1529,9.774771,10.359710
1530,6.872504,7.135105
1531,8.247564,8.463776
1532,8.895059,8.025848
1533,10.903866,11.024633
1534,11.364178,11.193559
1535,12.504454,10.578326
1536,12.262894,11.764737
1537,12.531689,11.284473
1538,11.109684,11.067999
1539,7.400429,7.289677
1540,8.229413,8.593611
1541,8.549435,8.282852
1542,10.793818,10.999305
1543,10.227456,10.906385
1544,12.091169,10.381886
1545,11.578438,11.511438
1546,11.901904,10.861139
1547,9.810403,10.172515
1548,6.828327,7.238157
1549,8.335591,8.246284
1550,9.064454,8.745999
1551,10.689991,10.349346
1552,11.225424,10.796443
1553,12.655041,10.905503
1554,11.418887,10.965893
1555,12.750293,11.743024
1556,10.963856,10.773950
1557,7.092055,7.057095
1558,8.366344,8.495072
1559,8.606981,8.892676
1560,10.293062,10.473368
1561,10.329643,10.893565
1562,12.173978,10.486129
1563,10.981577,10.865003
1564,11.280471,10.299050
1565,9.747967,10.492963
1566,7.057005,6.787497
1567,8.369288,8.068407
1568,9.072968,8.325212
1569,10.707302,10.400198
1570,11.054714,10.899616
1571,12.658671,10.602896
1572,11.431350,11.269715
1573,12.181500,10.933601
1574,11.093383,10.592504
1575,6.937397,6.511327
1576,8.154327,8.321170
1577,8.641773,8.487395
1578,9.944507,10.564258
1579,10.030020,10.503647
1580,12.119540,10.360362
1581,11.020765,10.924834
1582,11.681366,10.179996
1583,9.690989,10.328187
1584,6.873281,7.139628
1585,8.273456,8.265854
1586,9.029974,8.862604
1587,10.183170,10.216233
1588,10.824126,10.946262
1589,12.379189,11.375998
1590,11.350769,10.909974
1591,12.061255,10.720171
1592,10.799002,10.840092
1593,6.796674,6.972130
1594,7.838264,8.362869
1595,8.508024,8.851688
1596,10.126795,10.238481
1597,10.139284,10.642964
1598,12.057681,11.177635
1599,10.717846,10.878551
1600,11.746116,10.313314
1601,9.704717,9.901660
1602,7.065703,6.812057
1603,8.466733,8.100360
1604,8.966616,8.394836
1605,10.382732,10.288831
1606,11.026558,10.505432
1607,12.343053,10.737790
1608,11.252668,11.047670
1609,11.984236,10.804808
1610,10.881280,10.545552
1611,7.156815,6.931817
1612,8.042506,8.324574
1613,8.573498,8.510903
1614,9.941364,10.454300
1615,10.178537,10.448801
1616,12.037402,10.432094
1617,10.884178,10.690720
1618,11.789857,10.552126
1619,9.689101,10.147199
1620,7.964730,8.322021
1621,8.951179,9.387368
1622,9.217794,9.420836
1623,11.237888,11.543133
1624,10.934487,11.124497
1625,11.459633,11.039490
1626,11.772813,11.945826
1627,11.977037,11.137600
1628,9.814466,10.833694
1629,7.813100,8.225775
1630,8.539740,9.487879
1631,8.721632,9.026287
1632,10.630110,11.718734
1633,10.320965,11.245089
1634,10.974829,10.752967
1635,11.574058,11.628774
1636,11.166594,11.156233
1637,8.941724,10.656899
1638,7.801031,8.041498
1639,8.867183,8.959879
1640,9.139759,9.336968
1641,11.284214,11.590500
1642,11.205606,11.396468
1643,11.465789,11.199062
1644,11.986981,12.054254
1645,12.221087,11.395542
1646,9.927301,11.027317
1647,7.517047,8.157156
1648,8.680932,9.145786
1649,8.594558,9.283198
1650,10.517759,11.590572
1651,10.380642,11.068063
1652,11.116020,10.786970
1653,11.454645,11.772603
1654,11.317099,10.848457
1655,8.944802,10.190231
1656,9.506353,8.429968
1657,9.680321,9.278743
1658,10.029756,9.580467
1659,13.194718,11.721361
1660,11.996636,11.410550
1661,12.817020,11.097358
1662,13.299921,12.125803
1663,13.089451,11.007011
1664,11.030559,11.259457
1665,9.430223,8.366954
1666,9.562931,9.654349
1667,9.391843,9.458375
1668,12.176677,11.778996
1669,11.148907,11.290453
1670,12.019239,10.696678
1671,12.901654,11.737638
1672,12.291751,11.544442
1673,9.809248,9.939679
1674,9.535080,8.799252
1675,9.934792,9.621850
1676,9.955729,9.628015
1677,12.951635,11.726263
1678,12.140163,11.409870
1679,12.612195,11.131514
1680,13.547235,12.310194
1681,13.403732,11.337881
1682,11.037936,10.841814
1683,9.485609,8.142056
1684,9.720611,9.277912
1685,9.436914,9.442663
1686,12.301708,12.009109
1687,11.403620,11.498058
1688,12.003575,10.925551
1689,12.868090,12.002735
1690,12.354294,11.224614
1691,9.809832,10.587008
1692,9.121907,8.731861
1693,9.496404,9.370786
1694,10.268661,9.582283
1695,12.299606,11.872805
1696,11.753056,11.389150
1697,12.548760,11.349678
1698,13.427584,12.119097
1699,12.755651,11.423526
1700,10.870503,10.805833
1701,8.758147,8.462859
1702,9.357458,9.431153
1703,9.268232,9.631913
1704,12.353492,11.675769
1705,10.977795,11.333314
1706,11.940985,10.804184
1707,12.892275,11.988173
1708,12.188262,10.699081
1709,9.684240,10.189047
1710,9.158567,8.328616
1711,9.583447,9.214033
1712,9.847564,9.351035
1713,12.562756,11.911229
1714,11.712800,11.330919
1715,12.695165,11.169729
1716,13.279376,12.233419
1717,12.793667,11.546840
1718,10.808857,10.814993
1719,8.768057,8.040385
1720,9.433876,9.328360
1721,9.326749,9.510778
1722,11.880866,11.824472
1723,11.112662,11.254180
1724,11.978899,10.860140
1725,12.611785,11.930298
1726,12.069078,11.078614
1727,9.766964,10.294899
1728,8.610124,8.200358
1729,9.295674,9.085220
1730,9.814720,9.503991
1731,11.299191,11.223527
1732,11.523331,11.515862
1733,12.219679,11.212015
1734,11.864280,11.895684
1735,12.487066,10.731004
1736,10.735590,10.821724
1737,8.705736,8.257917
1738,9.079432,9.500903
1739,9.331985,9.586774
1740,11.054391,11.536209
1741,10.821109,11.134738
1742,11.948269,10.939246
1743,11.585688,11.680114
1744,11.773928,11.190495
1745,9.753412,10.121050
1746,8.567288,8.044077
1747,9.523046,8.821609
1748,9.808207,9.469145
1749,11.457073,11.213413
1750,11.274183,11.215733
1751,12.211115,11.191575
1752,11.718790,11.823273
1753,12.272617,11.198679
1754,10.718856,10.998105
1755,8.637547,7.848778
1756,9.098577,9.148054
1757,9.357158,9.378116
1758,11.377273,11.722695
1759,10.972450,11.047216
1760,11.942906,11.139069
1761,11.515712,11.881828
1762,11.971979,11.111023
1763,9.747246,10.523345
1764,8.530394,7.902414
1765,9.369802,8.833848
1766,9.699819,9.738041
1767,11.258210,11.251135
1768,11.473738,11.200179
1769,12.142294,11.109379
1770,12.030970,11.565869
1771,11.906034,10.769385
1772,10.573367,10.870269
1773,8.397587,8.084713
1774,9.298375,9.319238
1775,9.255138,9.583863
1776,11.202204,11.246140
1777,10.734161,11.396660
1778,11.770087,10.788324
1779,11.547585,11.535138
1780,11.511191,10.895256
1781,9.659629,10.234388
1782,8.693763,7.555483
1783,9.080360,8.838078
1784,9.863654,9.176765
1785,11.451913,11.279970
1786,11.545323,11.268790
1787,12.206137,10.989657
1788,11.876646,11.714583
1789,12.053234,11.244899
1790,10.671036,10.817067
1791,8.304043,7.527982
1792,9.212629,8.880975
1793,9.310181,9.367724
1794,11.417767,11.455907
1795,10.799251,11.146312
1796,11.841420,10.840465
1797,11.505294,11.920163
1798,11.654507,11.078609
1799,9.711315,10.448473
1800,8.030964,8.461239
1801,8.708712,9.245161
1802,9.102767,9.483496
1803,11.167295,11.581557
1804,10.788618,11.337773
1805,11.473961,11.149780
1806,11.962662,12.073462
1807,11.781239,11.309105
1808,9.794582,10.770353
1809,7.850008,8.320921
1810,8.698700,9.233515
1811,8.738386,9.447004
1812,10.491982,11.719919
1813,10.325197,10.862732
1814,11.011909,10.887166
1815,11.352998,11.854855
1816,11.178200,10.975996
1817,8.913782,10.266211
1818,7.791567,7.908537
1819,8.642179,8.919859
1820,9.092937,9.347686
1821,11.235748,11.750228
1822,10.997902,11.335542
1823,11.551708,11.019267
1824,11.998486,11.883344
1825,11.948647,11.397069
1826,9.900275,10.882197
1827,7.739467,7.854097
1828,8.524000,9.154659
1829,8.608961,9.458176
1830,10.772184,11.817278
1831,10.380619,11.095470
1832,11.119833,10.836806
1833,11.535849,11.838895
1834,11.275099,11.085392
1835,8.883711,10.136761
1836,9.369555,8.483762
1837,9.624200,9.245834
1838,10.000148,9.724029
1839,12.570256,11.696579
1840,12.171969,11.435908
1841,12.620672,11.162436
1842,13.459539,12.074559
1843,12.977334,10.926692
1844,11.053276,11.102692
1845,9.110559,8.228386
1846,9.610416,9.759072
1847,9.362795,9.508347
1848,12.385964,11.762267
1849,11.161383,11.044395
1850,12.038328,10.721944
1851,13.120150,12.146900
1852,12.140211,11.135571
1853,9.809086,10.466606
1854,9.550449,8.252768
1855,9.917571,9.406595
1856,10.003079,9.625185
1857,12.942571,11.972965
1858,12.203298,11.430738
1859,12.994317,11.135968
1860,13.677830,12.179789
1861,13.282758,11.379716
1862,11.043234,10.884703
1863,9.476988,8.232207
1864,9.595017,9.338724
1865,9.447638,9.462359
1866,12.680707,11.859659
1867,11.259755,11.124434
1868,11.945274,11.103775
1869,12.661531,12.413177
1870,12.107298,11.299294
1871,9.836331,10.275076
1872,9.030902,8.616782
1873,9.546880,9.450720
1874,9.791647,9.732718
1875,12.231033,11.444526
1876,11.847449,11.374165
1877,12.699364,11.192895
1878,12.913085,12.092106
1879,12.803457,11.424037
1880,10.745316,11.278298
1881,8.682119,8.455688
1882,9.462188,9.376512
1883,9.270433,9.550858
1884,11.866759,11.703116
1885,11.189037,11.430421
1886,11.873250,11.174620
1887,12.846398,11.812969
1888,12.085105,10.736135
1889,9.740385,10.093779
1890,9.270994,8.145550
1891,9.551383,9.027808
1892,9.864890,9.415278
1893,12.625689,11.705382
1894,11.830822,11.429806
1895,12.587761,11.168610
1896,12.998090,12.365277
1897,12.914196,11.409583
1898,10.797617,11.099522
1899,9.101511,8.219803
1900,9.563870,9.047494
1901,9.333425,9.420884
1902,11.848177,11.889340
1903,11.214344,11.320571
1904,11.902174,11.190392
1905,12.802405,12.179714
1906,12.032415,11.316679
1907,9.775647,10.223346
1908,8.541955,8.264126
1909,9.550715,9.332711
1910,9.817149,9.561208
1911,11.362752,11.326623
1912,11.505470,11.298289
1913,12.171976,11.250961
1914,11.713167,11.802025
1915,12.229148,11.144236
1916,10.730227,10.773060
1917,8.602798,8.255819
1918,9.112515,9.321387
1919,9.323014,9.600352
1920,11.026610,11.440236
1921,10.774990,11.116062
1922,11.844191,10.936323
1923,11.557024,11.874747
1924,11.641129,10.817245
1925,9.807774,10.592285
1926,8.332203,7.852877
1927,9.296611,8.756054
1928,9.896606,9.415483
1929,11.400387,11.353567
1930,11.438253,11.361296
1931,12.199258,11.098719
1932,11.824518,12.016148
1933,12.130490,11.022338
1934,10.740652,11.047009
1935,8.601019,7.573949
1936,9.207788,9.149360
1937,9.383895,9.499120
1938,11.151642,11.489460
1939,10.747793,11.186697
1940,11.897421,11.112504
1941,11.513233,11.997142
1942,12.022095,11.160604
1943,9.756762,10.133567
1944,8.390524,7.893731
1945,9.391128,9.154789
1946,9.787006,9.773154
1947,11.254091,11.075589
1948,11.496721,11.298643
1949,12.111493,11.214152
1950,12.001658,11.682968
1951,12.200180,10.844754
1952,10.596237,10.603946
1953,8.221344,7.781989
1954,9.154900,9.088314
1955,9.229532,9.720349
1956,11.126985,11.286228
1957,10.734658,11.021742
1958,11.741028,10.851583
1959,11.462328,11.306083
1960,11.632309,11.257812
1961,9.709174,10.462193
1962,8.466456,7.758666
1963,9.514593,8.989798
1964,9.833735,9.407700
1965,11.441474,11.009782
1966,11.531691,11.558135
1967,12.129745,11.284623
1968,12.027443,11.818491
1969,12.137147,10.866636
1970,10.636641,11.134597
1971,8.712350,7.804672
1972,9.488639,8.894241
1973,9.388600,9.413988
1974,11.089620,11.473557
1975,10.664845,10.979272
1976,11.840408,10.854809
1977,11.489109,11.809835
1978,11.879391,11.374012
1979,9.708608,10.459719
1980,8.009438,8.483094
1981,8.564638,9.267967
1982,9.115515,9.487220
1983,11.040381,11.605333
1984,10.999732,11.617325
1985,11.513813,11.099560
1986,11.921258,12.139690
1987,11.932245,11.278649
1988,9.829841,10.858128
1989,8.010239,8.428278
1990,8.577632,9.526239
1991,8.724787,9.210377
1992,10.648841,11.527843
1993,10.178590,11.343847
1994,10.974683,11.011595
1995,11.543615,11.881631
1996,11.295053,11.313395
1997,8.907894,10.259688
1998,7.922337,7.765064
1999,8.616091,8.697233
2000,9.076303,9.443000
2001,11.281844,11.586071
2002,11.170797,11.151001
2003,11.526978,11.170398
2004,12.015091,12.130560
2005,12.124452,11.383956
2006,9.952467,10.811220
2007,8.021163,7.844057
2008,8.601566,9.052272
2009,8.540043,9.569893
2010,10.606929,11.682478
2011,10.345211,11.485197
2012,11.119948,10.746836
2013,11.557581,11.872963
2014,11.335962,11.322605
2015,8.965273,10.252153
2016,9.090041,8.673678
2017,9.587332,9.424464
2018,9.998785,9.597302
2019,12.751621,11.718085
2020,12.048902,11.425895
2021,12.609071,11.243205
2022,13.334340,12.164517
2023,13.116165,11.201717
2024,10.966073,11.144562
2025,9.205042,8.364338
2026,9.368025,9.592912
2027,9.435055,9.638533
2028,12.519472,11.721581
2029,11.180622,11.240041
2030,11.965773,11.085571
2031,13.041654,12.108151
2032,12.386799,10.955731
2033,9.873664,10.391753
2034,9.400109,8.086313
2035,10.016893,9.274561
2036,10.048370,9.524075
2037,12.966151,12.078633
2038,12.069269,11.695152
2039,12.819947,11.184173
2040,13.394069,12.444042
2041,13.083768,11.482956
2042,11.042467,11.071845
2043,9.274653,8.293599
2044,9.415344,9.232395
2045,9.480262,9.450014
2046,12.336454,12.111079
2047,11.383556,11.713902
2048,12.063967,10.962820
2049,12.864724,12.185086
2050,12.395267,11.482089
2051,9.853502,9.954841
2052,8.584790,8.278594
2053,9.648187,9.235771
2054,9.759268,9.602571
2055,12.428225,11.431575
2056,11.829338,11.240758
2057,12.512584,11.259327
2058,13.497376,12.158450
2059,12.836550,11.434912
2060,10.771989,11.060380
2061,8.559002,8.335627
2062,9.262864,9.529884
2063,9.303905,9.694795
2064,11.728199,12.000492
2065,11.012673,11.418574
2066,11.964355,10.861803
2067,12.801079,11.859913
2068,12.103652,11.032086
2069,9.759397,10.800810
2070,8.954982,8.068299
2071,9.571513,9.292142
2072,9.859964,9.521397
2073,12.176546,11.870498
2074,11.826826,11.299146
2075,12.728264,11.156819
2076,13.442591,12.199171
2077,12.912512,11.273318
2078,10.818899,10.711349
2079,8.587194,8.079773
2080,9.481401,9.153392
2081,9.337730,9.467554
2082,11.892977,11.992474
2083,11.079726,11.368073
2084,12.015697,10.910463
2085,12.573845,12.508654
2086,12.086702,11.159225
2087,9.851362,10.474694
2088,8.743953,8.194365
2089,9.340492,9.241142
2090,9.833525,9.668708
2091,11.327526,11.247904
2092,11.616613,11.542853
2093,12.244833,11.305164
2094,12.099379,11.884021
2095,12.125286,11.648890
2096,10.835932,10.891658
2097,8.632391,8.297399
2098,9.167650,9.507971
2099,9.396128,9.510530
2100,10.968343,11.661175
2101,11.043102,11.321387
2102,11.956711,11.049389
2103,11.275271,11.558851
2104,11.809579,11.152113
2105,9.742390,10.430660
2106,8.337024,7.853742
2107,9.584253,9.009747
2108,9.796278,9.364224
2109,11.416374,11.388567
2110,11.659889,11.339522
2111,12.217015,11.304667
2112,11.870935,11.940585
2113,12.297268,11.332617
2114,10.799448,10.706425
2115,8.310615,7.721420
2116,9.276051,9.256584
2117,9.331381,9.631115
2118,11.001515,11.657718
2119,11.038992,10.900290
2120,11.811169,10.994282
2121,11.354346,11.746111
2122,11.875092,10.845126
2123,9.685650,10.362331
2124,8.574719,8.249070
2125,9.433986,9.322252
2126,9.786673,9.491668
2127,11.498747,11.143126
2128,11.493072,11.161275
2129,12.176009,11.181078
2130,11.780234,11.652840
2131,12.141701,11.491460
2132,10.636021,10.880432
2133,8.454811,8.179307
2134,9.041258,9.326808
2135,9.306871,9.532056
2136,11.279301,11.344134
2137,10.780812,11.438565
2138,11.982022,10.930759
2139,11.546534,11.707825
2140,11.700232,10.842349
2141,9.736250,10.268585
2142,8.466745,7.893273
2143,9.293951,8.716464
2144,9.801015,9.231426
2145,11.304420,11.384336
2146,11.508781,11.573958
2147,12.266689,11.135144
2148,11.804741,11.831329
2149,12.147451,11.094672
2150,10.699617,10.839170
2151,8.684927,7.544605
2152,9.169292,8.942184
2153,9.345421,9.382148
2154,11.026412,11.458199
2155,10.916708,11.119539
2156,11.852962,11.116421
2157,11.472586,11.602252
2158,11.700891,11.057920
2159,9.744842,10.400790
2160,6.338497,7.312906
2161,7.301965,8.263595
2162,8.068850,8.348479
2163,9.848876,10.772171
2164,10.240953,10.547615
2165,11.270913,10.813988
2166,10.939158,11.832674
2167,11.184640,10.810854
2168,9.701591,10.995176
2169,6.401759,7.440189
2170,7.286251,8.291988
2171,7.667984,8.196877
2172,9.593380,10.936246
2173,9.346910,9.839605
2174,10.733793,10.338288
2175,9.973391,11.527796
2176,10.607940,10.758545
2177,8.541167,9.938645
2178,6.478622,6.881124
2179,7.560480,7.450608
2180,7.935098,7.893861
2181,9.860906,10.433393
2182,10.299045,10.259383
2183,11.239767,10.306162
2184,10.800180,11.379705
2185,11.192673,10.718782
2186,9.716710,10.638573
2187,6.197935,7.077278
2188,7.446779,8.064568
2189,7.619298,7.897926
2190,9.423567,10.953133
2191,9.362795,10.627771
2192,10.704037,9.587206
2193,10.249737,11.339094
2194,10.545515,10.600794
2195,8.660527,9.621986
2196,7.232487,7.575117
2197,8.363835,8.883731
2198,9.105171,8.451534
2199,11.037155,11.016635
2200,11.597773,11.358741
2201,12.715434,11.575212
2202,12.444700,12.127630
2203,12.558437,11.711869
2204,11.092926,10.967566
2205,7.063515,7.525205
2206,8.162821,8.751273
2207,8.523740,8.303209
2208,10.580792,11.374861
2209,10.570618,11.006569
2210,12.186481,10.001378
2211,11.762094,11.216040
2212,11.651726,10.737128
2213,9.847382,10.151511
2214,7.154716,7.396957
2215,8.447153,8.696033
2216,9.181734,8.261805
2217,11.066797,11.150668
2218,11.190617,11.532651
2219,12.637792,10.799310
2220,12.246432,11.928200
2221,12.551769,11.188474
2222,11.266687,11.315676
2223,6.896066,7.063498
2224,8.195084,8.919671
2225,8.655621,8.472866
2226,10.607264,11.421655
2227,10.160380,11.563445
2228,12.262957,10.134221
2229,11.438299,11.729554
2230,11.823701,11.203575
2231,9.817353,9.833265
2232,7.032418,7.484348
2233,8.429018,8.905430
2234,9.004813,8.562756
2235,10.842505,10.934126
2236,11.227703,11.254907
2237,12.561686,10.873023
2238,12.182148,11.869782
2239,12.520977,11.746204
2240,11.018366,11.286631
2241,6.926335,7.505853
2242,8.109383,8.597275
2243,8.572012,8.321815
2244,10.443955,11.078981
2245,10.490991,11.224512
2246,12.185349,10.278139
2247,11.010619,11.123252
2248,11.607862,10.915682
2249,9.695196,10.360495
2250,7.055802,7.214615
2251,8.126985,8.568374
2252,8.953451,8.259968
2253,10.867132,11.204113
2254,11.074019,11.243478
2255,12.658315,10.840443
2256,11.961773,12.119765
2257,12.416769,11.331275
2258,11.001605,10.962847
2259,7.170851,7.454367
2260,8.134701,9.097650
2261,8.502060,8.164334
2262,10.370025,11.457146
2263,10.026361,10.975146
2264,12.091890,10.903628
2265,11.030190,11.281095
2266,11.615400,10.802057
2267,9.744757,9.961402
2268,7.140073,7.257047
2269,8.422371,8.746646
2270,9.051783,8.437651
2271,10.325361,10.607095
2272,11.259668,10.897095
2273,12.417975,10.621411
2274,11.344856,11.317079
2275,11.914068,10.974132
2276,10.956011,10.815079
2277,7.265788,7.355233
2278,8.037741,8.848019
2279,8.640386,8.394799
2280,10.297170,10.760210
2281,10.338373,10.902063
2282,12.105059,10.007536
2283,10.865547,11.091024
2284,11.384731,10.649116
2285,9.698307,9.976340
2286,7.300177,6.996552
2287,8.121135,8.344381
2288,9.052702,7.989926
2289,10.346354,10.501369
2290,11.034332,11.005208
2291,12.509655,10.507391
2292,11.283961,11.386154
2293,12.089473,11.029833
2294,10.998984,11.054841
2295,6.978064,6.704857
2296,8.083565,8.582840
2297,8.614765,8.295224
2298,10.177693,10.625422
2299,10.066658,10.837956
2300,12.080580,10.240064
2301,10.687652,11.342687
2302,11.391945,10.341292
2303,9.700154,9.813832
2304,7.171996,7.090541
2305,8.168138,8.465526
2306,8.936535,8.367970
2307,10.009008,10.386020
2308,10.690943,10.796369
2309,12.363185,10.504786
2310,11.128711,11.306605
2311,12.142201,10.665527
2312,10.904263,10.813014
2313,7.260375,6.900908
2314,8.165483,8.784050
2315,8.534485,8.478060
2316,10.142951,10.703107
2317,10.042080,10.666119
2318,11.885110,10.199457
2319,10.499066,11.021245
2320,11.322436,10.504967
2321,9.599747,9.854489
2322,6.799123,6.840990
2323,7.992699,8.232471
2324,8.954845,8.082964
2325,10.448518,10.515815
2326,10.914907,10.891023
2327,12.444016,10.558833
2328,11.378255,10.979895
2329,12.014338,10.936098
2330,10.740288,10.643115
2331,6.863215,6.794932
2332,8.204506,8.331390
2333,8.602036,8.302837
2334,10.054819,10.403168
2335,10.126844,10.812588
2336,11.917329,10.108553
2337,10.692591,11.206519
2338,11.145925,10.523667
2339,9.634484,9.819452
2340,7.878242,8.490904
2341,8.568130,9.523357
2342,9.144910,9.835857
2343,10.997847,11.648767
2344,10.752687,11.475897
2345,11.387572,11.350591
2346,11.829933,12.179557
2347,11.966153,11.648595
2348,9.864036,11.368320
2349,7.940272,8.389464
2350,8.640681,9.348153
2351,8.656515,9.864999
2352,10.576870,11.926258
2353,10.215893,11.653211
2354,10.986091,11.157665
2355,11.252990,11.927214
2356,11.145548,11.557878
2357,8.928367,10.467467
2358,7.647297,8.267673
2359,8.885077,9.295253
2360,9.034353,9.580646
2361,10.909738,11.834143
2362,11.067904,11.717078
2363,11.477723,11.564931
2364,11.880078,12.160471
2365,11.821484,11.689701
2366,9.982286,11.032563
2367,7.459673,7.972076
2368,8.603414,9.622761
2369,8.541757,9.944365
2370,10.504436,12.005749
2371,10.296827,11.603177
2372,11.043184,11.035862
2373,11.506667,12.035756
2374,11.356769,11.345813
2375,8.930599,9.978394
2376,9.360157,8.664137
2377,9.991354,9.865882
2378,9.993630,9.825868
2379,12.721201,11.680940
2380,12.100725,11.678635
2381,12.527636,11.668964
2382,13.478020,12.344299
2383,13.006264,11.679478
2384,10.990046,11.548656
2385,9.418220,8.443263
2386,9.608858,9.620283
2387,9.374928,9.903317
2388,12.102241,12.067175
2389,11.284641,11.782290
2390,11.946630,11.178089
2391,13.169484,12.202091
2392,12.214622,11.607402
2393,9.834546,11.087743
2394,9.357024,8.701616
2395,9.894388,9.791241
2396,10.019570,10.096204
2397,12.882006,11.942090
2398,12.226530,11.868276
2399,12.752516,11.647543
2400,13.584965,12.932195
2401,13.035249,11.661755
2402,10.971160,11.075336
2403,9.117709,8.398188
2404,9.851698,9.633210
2405,9.366973,9.968081
2406,12.290133,12.311143
2407,11.236177,11.936255
2408,11.867937,11.337306
2409,12.712687,12.530887
2410,12.236568,11.506332
2411,9.833089,10.631181
2412,8.928872,8.537578
2413,9.387313,9.483960
2414,9.851962,9.861932
2415,12.100817,11.623724
2416,11.830997,11.961733
2417,12.723730,11.623397
2418,13.018651,12.129929
2419,13.159468,11.239225
2420,10.787844,11.824114
2421,8.740899,8.400199
2422,9.404761,9.711254
2423,9.169399,9.926146
2424,12.245489,11.918548
2425,11.243958,11.572780
2426,11.785587,11.377604
2427,12.478218,11.812794
2428,12.134830,11.131044
2429,9.741860,10.526267
2430,8.891095,8.233179
2431,9.293180,9.436393
2432,9.812576,9.897503
2433,12.476156,12.091933
2434,11.941568,11.757823
2435,12.814194,11.554788
2436,13.384106,12.258579
2437,12.730841,11.632012
2438,10.873523,11.049838
2439,8.685654,8.092527
2440,9.398094,9.797735
2441,9.291069,10.083302
2442,12.092062,12.002513
2443,10.950855,11.965094
2444,11.960880,11.227740
2445,12.774533,12.198349
2446,12.009670,11.634118
2447,9.748911,10.531923
2448,8.630531,8.188560
2449,9.358184,9.530643
2450,9.740315,10.031066
2451,11.527296,11.449906
2452,11.679846,11.596828
2453,12.191916,11.555144
2454,11.823182,11.814896
2455,12.214800,11.511173
2456,10.846077,10.852420
2457,8.442976,8.070271
2458,9.440232,9.533408
2459,9.263441,10.082588
2460,10.893953,11.735637
2461,10.782667,11.158231
2462,11.873510,11.303869
2463,11.253404,11.686665
2464,11.622849,11.623087
2465,9.720412,10.361258
2466,8.786593,8.238331
2467,9.456706,9.356569
2468,9.856528,9.947668
2469,11.557085,11.556607
2470,11.450252,11.844581
2471,12.170223,11.565017
2472,11.620363,12.050245
2473,12.386613,11.342271
2474,10.793348,11.246098
2475,8.820984,7.873675
2476,9.357198,9.536184
2477,9.265584,10.039444
2478,11.638436,11.874032
2479,10.914158,11.826089
2480,11.867919,11.193522
2481,11.670023,12.292938
2482,11.646137,11.396634
2483,9.844490,10.198858
2484,8.481005,7.932067
2485,9.125114,9.386928
2486,9.798439,9.811743
2487,11.365309,11.158303
2488,11.247143,11.334671
2489,12.189697,11.702549
2490,11.982641,11.787646
2491,12.154566,11.553409
2492,10.715626,11.303204
2493,8.720732,8.228253
2494,9.238996,9.503773
2495,9.276832,9.837993
2496,10.997580,11.257126
2497,10.789259,11.208028
2498,11.773472,11.205817
2499,11.477151,11.469973
2500,11.730958,11.104427
2501,9.703558,10.725105
2502,8.748199,7.676258
2503,9.447343,9.249040
2504,9.760750,9.792856
2505,11.635668,11.312932
2506,11.427338,11.474791
2507,12.217220,11.541156
2508,11.876956,11.628716
2509,12.189863,11.378719
2510,10.647001,11.345053
2511,8.572412,8.123813
2512,9.100136,9.483623
2513,9.294809,9.916985
2514,11.281149,11.527531
2515,10.531231,11.416336
2516,11.835482,10.970719
2517,11.494613,11.806513
2518,11.931729,11.828517
2519,9.752702,11.085208
2520,7.908350,8.387478
2521,8.731717,9.769491
2522,9.168778,9.516303
2523,11.107665,11.777935
2524,10.735383,11.502753
2525,11.417069,11.441241
2526,12.207908,12.059453
2527,11.729792,11.380697
2528,9.851768,11.430382
2529,7.945765,8.256214
2530,8.738765,9.555976
2531,8.713841,9.940564
2532,10.588028,11.787033
2533,10.268541,11.501588
2534,11.000257,11.122725
2535,11.293251,11.996989
2536,11.232662,11.736894
2537,8.959876,10.210198
2538,8.072142,8.187118
2539,8.693452,9.270925
2540,9.111364,9.752276
2541,11.304320,11.871373
2542,11.160049,11.678891
2543,11.489324,11.585302
2544,11.521567,12.059595
2545,11.913099,11.621258
2546,9.990554,11.455999
2547,8.070565,8.020569
2548,8.381065,9.526860
2549,8.508174,9.323544
2550,10.726160,12.007915
2551,10.277805,11.598924
2552,10.958101,11.095293
2553,11.332565,11.900780
2554,11.497244,10.985649
2555,8.856374,10.350447
2556,9.071107,8.591488
2557,9.755021,9.748554
2558,9.966291,9.902201
2559,13.221973,11.745473
2560,12.037934,11.835263
2561,12.399893,11.773097
2562,13.117190,12.061098
2563,13.136531,11.349438
2564,10.981626,11.063068
2565,9.419488,8.418966
2566,9.581557,9.644980
2567,9.366737,10.005662
2568,12.433542,11.948561
2569,11.241736,11.426124
2570,11.929030,11.212102
2571,12.457103,12.132647
2572,12.303227,11.211572
2573,9.794046,10.136478
2574,9.104248,8.364503
2575,9.768288,9.590832
2576,10.019871,9.954782
2577,12.726006,12.233714
2578,12.242218,11.894146
2579,12.707339,11.418051
2580,13.594358,12.385835
2581,13.182136,11.228144
2582,10.983730,11.607110
2583,9.113781,8.644104
2584,9.714383,9.558340
2585,9.411495,10.075346
2586,12.514592,12.425404
2587,11.317877,11.956625
2588,11.831103,11.369335
2589,12.792020,12.699291
2590,12.112595,11.016351
2591,9.798084,10.591702
2592,8.973225,8.360071
2593,9.633571,9.838396
2594,9.790331,10.074768
2595,12.405958,11.896865
2596,11.792398,11.744781
2597,12.481526,11.572899
2598,12.845901,12.418318
2599,12.855391,11.950776
2600,10.791331,11.619930
2601,9.128557,8.534416
2602,9.335584,9.940936
2603,9.233797,10.042376
2604,11.706240,11.851187
2605,10.969628,11.388789
2606,11.851866,11.183292
2607,12.448509,12.114018
2608,12.118057,11.125932
2609,9.802641,10.527563
2610,9.029058,8.228654
2611,9.537763,9.700608
2612,9.815456,9.993041
2613,12.336208,12.053205
2614,11.884478,11.782182
2615,12.640598,11.618777
2616,13.058515,12.436033
2617,12.853824,11.394964
2618,10.820782,11.146795
2619,8.849583,8.269114
2620,9.527765,9.749678
2621,9.302608,9.952437
2622,12.149836,12.126026
2623,11.200539,11.775713
2624,11.897546,11.257787
2625,12.400990,12.240284
2626,12.002394,11.376511
2627,9.807815,10.745670
2628,8.526673,8.299691
2629,9.344221,9.470539
2630,9.789187,9.975645
2631,11.433733,11.362734
2632,11.556017,11.475245
2633,12.150799,11.456090
2634,11.994818,11.548501
2635,12.325497,11.302886
2636,10.714980,11.023394
2637,8.601276,8.296412
2638,9.083622,9.569930
2639,9.280823,9.668061
2640,11.177176,11.633789
2641,10.698286,11.528216
2642,11.844049,11.289012
2643,11.381606,11.503206
2644,11.762699,11.222162
2645,9.688681,10.801455
2646,8.585690,7.951656
2647,9.362334,9.300008
2648,9.852160,9.697238
2649,11.423435,11.675505
2650,11.457906,11.534438
2651,12.265936,11.421937
2652,12.020546,12.179893
2653,12.190709,11.358313
2654,10.715656,11.115367
2655,8.732473,7.696061
2656,9.295225,9.284912
2657,9.293798,9.810008
2658,11.343884,11.820489
2659,10.760227,11.439829
2660,11.909004,11.157941
2661,11.590731,11.893745
2662,11.795956,11.425151
2663,9.728971,10.051672
2664,8.528214,8.154710
2665,9.348780,9.435433
2666,9.696881,9.888163
2667,11.373983,11.220693
2668,11.359598,11.416550
2669,12.171278,11.440977
2670,11.958080,11.818851
2671,12.180372,11.292126
2672,10.662917,10.877959
2673,8.532332,8.048574
2674,9.268733,9.610669
2675,9.277345,9.865168
2676,11.019126,11.191745
2677,10.528531,11.240324
2678,11.752672,11.256116
2679,11.317984,11.476801
2680,11.780329,11.486170
2681,9.642547,10.707833
2682,8.577014,7.686312
2683,9.483545,9.339416
2684,9.765483,9.766827
2685,11.492391,11.415801
2686,11.460229,11.616930
2687,12.232600,11.339262
2688,11.908879,11.953096
2689,12.186033,11.700335
2690,10.683651,11.039869
2691,8.303563,7.708995
2692,9.274548,9.463615
2693,9.266311,10.113316
2694,11.067830,11.599109
2695,10.892496,11.361769
2696,11.711676,11.281674
2697,11.334945,11.699456
2698,11.717701,11.116207
2699,9.661205,10.741453
2700,7.918131,8.472964
2701,8.925434,9.662598
2702,9.107866,10.068672
2703,10.937968,11.752179
2704,10.884728,11.455873
2705,11.457458,11.493319
2706,11.805668,12.177104
2707,11.777925,11.115836
2708,9.842102,11.136541
2709,7.975102,8.630506
2710,8.673960,9.930952
2711,8.665777,10.018973
2712,10.367781,11.917408
2713,10.206008,11.370511
2714,11.000022,11.009796
2715,11.151877,11.772261
2716,11.199855,11.032145
2717,8.865046,10.514027
2718,7.843405,8.054790
2719,8.752540,9.201530
2720,9.080849,9.886981
2721,11.023459,11.382217
2722,11.090685,11.500342
2723,11.501719,11.545095
2724,12.028728,12.353238
2725,11.910325,11.847711
2726,9.947120,11.251836
2727,7.743973,8.198520
2728,8.496773,9.758256
2729,8.542968,9.907814
2730,10.556375,11.918441
2731,10.239863,11.443068
2732,10.851965,11.151793
2733,11.437227,11.918178
2734,11.178798,11.214404
2735,8.964143,10.592178
2736,9.221949,8.475297
2737,9.611145,9.472794
2738,9.984207,9.847745
2739,12.606302,11.811537
2740,12.218067,11.540586
2741,12.778157,11.491023
2742,13.234973,11.889877
2743,13.061945,11.666969
2744,11.034412,11.587479
2745,9.416506,8.406139
2746,9.774395,9.675302
2747,9.380654,9.823081
2748,12.392615,11.917511
2749,11.126839,11.190877
2750,11.990206,11.218582
2751,12.915286,11.995567
2752,12.323261,11.393538
2753,9.808908,10.706100
2754,9.121640,8.368740
2755,9.662987,9.466873
2756,9.956644,9.858758
2757,12.612179,12.163928
2758,11.862635,11.967583
2759,12.597890,11.738287
2760,13.171348,12.663508
2761,13.280214,11.480619
2762,11.036886,11.175828
2763,8.850224,8.292667
2764,9.545847,9.776070
2765,9.434062,10.304472
2766,11.986533,12.428787
2767,11.259522,11.618106
2768,11.918950,11.461232
2769,12.647846,12.392042
2770,12.035288,11.811743
2771,9.794250,10.718498
2772,8.605584,8.428869
2773,9.575001,9.758056
2774,9.837270,10.174552
2775,12.118307,11.574294
2776,11.695539,11.779468
2777,12.369256,11.621948
2778,13.014654,11.769624
2779,12.811889,11.351765
2780,10.884629,11.809061
2781,8.996786,8.550101
2782,9.317918,9.986833
2783,9.271811,10.141913
2784,12.220406,11.897745
2785,11.022061,11.561713
2786,11.951969,11.378805
2787,12.264042,12.091976
2788,12.012525,11.197110
2789,9.791222,10.366251
2790,8.966716,8.191422
2791,9.246098,9.645164
2792,9.850668,9.963288
2793,12.578606,11.982420
2794,11.937588,11.876656
2795,12.532321,11.680496
2796,12.706375,12.633279
2797,12.800720,11.704423
2798,10.766094,11.442716
2799,8.876612,8.300089
2800,9.426871,9.467872
2801,9.267620,9.954737
2802,11.874405,12.192042
2803,11.102936,11.701365
2804,11.861921,11.053971
2805,12.555455,12.058095
2806,12.190589,11.304071
2807,9.793421,10.483529
2808,8.725740,8.067254
2809,9.225338,9.563399
2810,9.813171,9.944316
2811,11.251284,11.299974
2812,11.347818,11.738878
2813,12.286128,11.540617
2814,11.825640,12.267390
2815,12.125486,11.175183
2816,10.703918,11.207141
2817,8.374704,8.254870
2818,9.322716,9.645344
2819,9.272476,10.020187
2820,11.334487,11.498635
2821,10.716223,11.330650
2822,11.762914,11.184931
2823,11.541242,11.218618
2824,11.797197,11.445751
2825,9.700450,11.013297
2826,8.427917,7.888973
2827,9.336897,9.360364
2828,9.839180,9.824203
2829,11.660311,11.917522
2830,11.431799,11.800673
2831,12.190319,11.552067
2832,11.719531,12.273331
2833,12.123585,11.627745
2834,10.632724,11.306170
2835,8.871251,8.131406
2836,9.399006,9.273241
2837,9.359607,9.896179
2838,10.811243,11.846212
2839,10.789660,11.549532
2840,11.944048,11.110156
2841,11.621105,11.811238
2842,11.684661,10.965841
2843,9.772895,10.633666
2844,8.638373,8.156986
2845,9.290443,9.522568
2846,9.761169,9.940860
2847,11.086809,11.246897
2848,11.415318,11.553009
2849,12.139156,11.406068
2850,11.605377,11.906268
2851,12.135111,11.035007
2852,10.596256,10.918478
2853,8.360551,8.148336
2854,9.142746,9.602798
2855,9.261890,9.791658
2856,10.864244,11.447786
2857,10.562940,11.234221
2858,11.749873,11.283901
2859,11.647519,11.244561
2860,11.779236,11.060319
2861,9.652186,10.359456
2862,8.497263,7.640689
2863,9.343186,9.164342
2864,9.801725,9.833783
2865,11.386294,11.535008
2866,11.441198,11.602626
2867,12.115260,11.443397
2868,11.682423,11.590921
2869,12.266855,11.491771
2870,10.679603,11.397052
2871,8.470574,7.906175
2872,9.146813,9.137152
2873,9.261047,9.946784
2874,11.431121,11.656021
2875,10.785400,11.524952
2876,11.920271,11.365217
2877,11.376995,11.491312
2878,11.627842,11.367101
2879,9.696627,10.434737
